14 14
 28 43 62 71 77 9 88 51 82 21 95 41 40 40
 2 6 36 31 44 38 100 1 45 7 7 29 76 23
 99 13 73 20 94 16 4 19 44 32 93 17 58 68
 87 51 90 71 57 82 14 88 4 56 84 79 46 83
 93 68 71 64 100 15 21 48 27 39 49 43 23 39
 94 75 93 71 43 48 53 42 78 42 96 100 60 42
 95 58 31 91 66 28 62 63 80 96 30 35 58 48
 6 57 91 43 28 61 67 66 78 51 73 61 15 59
 24 1 11 61 3 55 45 53 36 77 90 91 12 7
 70 12 92 11 58 8 28 81 34 46 79 2 59 1
 69 53 42 59 87 88 4 83 45 97 56 40 99 67
 8 67 63 20 43 87 18 31 9 8 20 65 84 13
 71 62 42 22 1 35 78 6 14 97 69 57 73 100
 28 24 91 84 93 50 30 21 26 20 60 47 14 9
 75 65 27 56 3 60 70 81 5 13 81 58 75 82
 591 105 84 429 558 568 490 622 1268 290 897 77 356 923