11 13
 66 8 80 22 52 31 89 84 100 27 89
 16 11 84 74 12 39 2 76 76 4 85
 6 77 92 73 18 75 19 28 20 13 2
 89 15 96 100 52 77 8 99 5 23 5
 82 92 91 57 12 35 65 78 77 67 93
 75 58 84 68 65 21 84 86 44 73 51
 63 55 52 59 61 89 58 24 76 73 26
 7 75 78 25 83 65 54 84 58 61 21
 59 47 49 44 39 8 74 46 60 79 73
 10 1 57 74 95 31 4 26 74 32 23
 47 51 71 85 13 82 29 70 86 56 84
 7 79 96 7 26 33 97 26 71 74 93
 34 82 33 21 41 6 47 32 59 57 61
 7 40 73 38 44 65 42 70 57 18 37
 306 905 528 181 449 291 1077 1097 890 648 853 339 237