13 11
 62 20 76 62 26 25 58 10 46 44 92 32 77
 32 46 76 68 75 27 98 4 86 45 37 84 30
 31 27 28 32 79 98 93 27 22 84 11 64 9
 89 71 43 60 4 48 67 95 30 8 26 50 75
 42 69 45 66 85 39 52 98 96 8 51 10 46
 38 58 41 77 20 78 59 43 63 84 48 64 93
 54 95 78 53 23 5 4 71 45 38 61 91 77
 1 11 20 55 36 98 49 82 25 93 93 45 27
 58 87 89 87 17 54 64 18 82 17 17 53 75
 67 9 96 63 79 82 94 55 91 47 4 41 21
 12 56 46 46 77 36 34 47 95 57 97 35 36
 81 87 78 40 6 55 44 85 43 31 83 58 52
 688 1285 316 266 728 316 467 330 1223 742 972