13 13
 16 38 54 65 5 42 55 20 98 90 57 57 9
 79 45 13 54 23 86 35 44 53 13 25 87 51
 9 100 55 2 40 25 63 31 11 46 40 35 56
 66 100 62 65 8 8 24 90 35 31 100 89 95
 29 2 75 42 30 14 91 35 69 75 39 43 84
 14 33 10 70 42 68 63 97 6 88 41 88 20
 7 58 60 63 84 50 51 1 54 40 26 66 33
 29 85 67 52 47 53 64 7 100 86 11 91 46
 62 36 60 14 76 40 26 12 82 77 42 89 69
 64 88 67 94 95 79 28 43 42 79 56 21 47
 3 100 17 57 65 41 13 48 1 78 96 99 68
 37 25 75 55 51 59 100 7 87 78 65 9 6
 69 74 9 65 39 5 62 34 14 25 52 72 54
 61 30 98 91 33 65 28 71 13 16 90 98 84
 444 428 262 1006 48 973 263 1169 1004 591 272 630 918