13 14
 47 54 44 63 4 18 76 26 70 52 23 31 57
 10 40 25 84 36 59 80 54 70 84 89 60 14
 45 15 44 85 14 82 40 78 59 55 89 41 87
 88 51 72 6 79 59 73 74 35 65 38 81 67
 9 26 63 67 24 92 67 36 73 36 27 52 99
 28 75 53 99 5 41 60 70 53 8 74 9 51
 99 33 59 68 38 94 48 22 20 30 93 33 8
 19 28 87 40 59 47 10 22 62 43 75 89 53
 18 66 38 90 57 18 50 29 43 68 76 64 80
 98 65 56 6 84 6 70 27 40 7 65 76 25
 36 24 83 97 32 28 70 31 18 58 34 83 38
 38 6 78 90 17 90 24 27 52 54 91 78 58
 93 92 72 44 59 64 75 90 57 58 81 76 82
 72 97 17 61 3 7 5 95 63 18 84 90 7
 34 87 56 69 36 83 24 89 65 44 46 85 46
 910 843 299 1268 750 146 1058 449 577 1178 1140 267 614 1258