10 14
 26 47 39 49 96 87 73 1 93 60
 69 62 94 20 45 8 62 27 31 44
 88 4 92 25 64 61 64 81 79 8
 8 5 67 68 72 22 9 14 22 96
 19 87 53 15 84 42 80 44 11 23
 9 41 86 20 96 77 40 41 93 95
 42 85 59 69 49 14 5 96 63 77
 96 7 60 13 34 31 19 52 83 53
 63 10 67 95 2 13 38 39 99 41
 5 81 77 35 47 87 54 22 67 95
 88 35 68 64 34 97 17 37 44 86
 48 68 55 3 33 60 90 74 55 69
 8 7 24 6 64 26 88 51 84 77
 20 66 21 88 58 76 67 40 15 85
 53 47 41 18 92 86 12 70 51 51
 760 369 259 115 219 673 149 182 861 495 752 517 394 144