15 11
 91 40 30 4 50 97 12 69 43 65 31 24 8 41 36
 44 64 8 91 24 20 89 21 76 19 65 49 98 67 97
 3 33 4 57 33 79 11 70 1 9 59 82 10 28 79
 77 60 85 96 42 23 9 85 33 11 14 45 33 78 60
 69 33 43 18 13 57 84 32 60 62 59 78 51 45 62
 54 70 63 43 86 4 87 46 12 33 34 86 84 77 80
 20 99 13 51 11 36 18 76 13 63 72 63 6 59 33
 85 65 83 86 31 28 3 7 78 59 6 35 49 18 64
 29 24 7 84 97 10 67 74 49 87 70 37 80 45 92
 4 23 89 14 26 85 16 65 87 21 46 76 34 95 15
 72 28 37 77 1 70 9 92 71 14 76 99 34 54 56
 58 15 3 12 90 27 54 14 54 71 43 4 36 85 39
 1462 1377 495 1182 1218 1201 306 1332 1247 718 1172