15 15
 20 53 51 40 56 100 76 21 36 68 97 34 68 64 11
 22 79 97 52 39 55 46 1 50 96 35 33 73 73 100
 33 13 23 89 31 48 74 18 78 77 20 67 53 88 92
 35 18 25 52 66 64 30 71 36 43 49 99 73 67 73
 24 93 32 42 14 12 98 23 27 75 42 56 12 21 26
 33 100 81 95 8 6 7 94 91 80 60 82 40 31 99
 24 31 70 5 33 88 25 28 23 96 45 32 69 38 49
 93 26 29 70 22 39 66 53 10 100 42 35 89 23 2
 52 3 69 16 5 41 90 35 30 72 66 69 84 67 29
 46 52 12 61 7 80 32 27 85 62 60 9 95 99 4
 25 84 22 26 46 3 22 16 83 100 87 61 65 30 5
 5 79 76 65 48 51 45 33 71 58 18 63 2 9 7
 28 100 5 91 59 18 59 92 56 62 75 50 32 27 81
 2 53 39 66 100 97 28 22 73 74 20 44 6 87 3
 75 44 14 88 89 13 1 11 45 88 38 70 84 17 30
 41 41 43 73 47 30 96 100 61 36 99 62 20 37 18
 534 144 853 188 1498 944 529 731 179 1017 169 814 66 1326 166