13 14
 81 92 28 41 90 21 35 98 49 5 26 16 31
 22 67 92 32 48 14 75 71 86 89 80 82 6
 44 76 22 18 52 10 79 87 25 84 90 86 54
 1 33 35 89 10 81 86 80 50 56 11 2 17
 51 93 74 1 93 35 96 21 15 77 18 62 6
 86 67 39 28 36 88 23 78 52 3 24 10 32
 7 57 69 79 23 1 17 7 30 20 28 56 29
 70 17 95 75 46 16 53 18 56 92 9 100 28
 27 1 1 21 30 6 51 35 91 71 88 17 92
 10 76 77 53 4 6 56 76 77 35 2 74 96
 3 65 57 35 83 45 30 19 76 51 86 77 68
 100 15 24 14 36 71 94 10 57 77 53 13 58
 80 43 69 62 82 90 33 61 61 75 76 30 88
 63 31 77 82 95 26 63 68 15 8 47 67 39
 17 18 4 67 70 33 58 6 11 3 24 24 84
 215 694 1058 800 411 507 248 34 15 458 902 1024 534 972