14 10
 55 98 16 5 24 22 18 19 31 23 67 23 70 88
 27 5 49 33 71 1 44 19 86 20 88 19 65 64
 25 1 100 69 81 45 24 88 17 55 13 25 86 69
 63 15 27 8 76 98 41 70 27 60 18 65 77 2
 76 22 85 13 43 97 32 29 21 45 20 1 8 87
 46 5 99 22 92 29 1 37 86 22 53 57 3 18
 27 43 15 19 61 87 45 83 42 88 7 62 20 53
 7 17 51 93 15 72 6 89 59 29 52 1 30 71
 97 52 84 44 53 40 10 25 68 33 38 43 60 39
 82 64 12 91 53 39 48 6 23 66 14 55 20 41
 12 12 48 37 41 1 53 34 35 98 64 25 76 48
 986 1088 946 1398 20 1291 180 614 346 1051