12 15
 27 18 55 56 44 97 75 47 43 9 16 71
 56 23 89 28 74 54 87 99 13 9 58 84
 14 98 37 53 14 20 38 15 59 11 21 65
 39 94 4 28 66 46 76 47 50 88 25 50
 95 99 92 7 35 80 77 35 47 96 60 38
 20 15 76 29 24 65 80 50 80 88 85 95
 10 94 40 4 92 33 94 5 87 72 76 95
 76 80 63 45 27 36 73 58 94 3 85 65
 7 48 44 16 74 7 58 53 84 99 37 94
 100 22 41 15 38 4 25 8 56 66 1 54
 37 96 29 97 50 96 55 23 43 18 18 60
 74 90 96 65 58 79 67 13 28 70 15 49
 44 31 65 62 63 44 27 60 38 61 1 55
 34 33 51 4 2 39 48 81 41 52 68 84
 36 56 93 95 61 33 34 32 91 50 73 28
 99 78 52 82 47 21 93 84 5 32 88 49
 32 513 879 365 1014 73 181 465 174 694 751 630 740 467 741