2 91
 12 12
 3 13
 12 13
 12 7
 3 1
 17 9
 7 4
 13 5
 18 19
 14 13
 9 10
 5 17
 10 19
 3 15
 8 5
 4 12
 8 18
 11 16
 1 3
 2 6
 11 2
 8 20
 17 4
 5 14
 7 20
 9 4
 10 15
 8 11
 6 8
 10 7
 5 7
 14 12
 11 1
 4 5
 7 14
 17 5
 9 16
 20 9
 17 9
 9 11
 6 9
 1 20
 13 17
 16 2
 2 1
 14 2
 4 12
 10 7
 19 2
 2 4
 19 15
 6 7
 14 9
 15 10
 20 5
 2 11
 13 12
 8 4
 6 7
 8 6
 10 13
 6 11
 1 16
 20 2
 17 1
 1 11
 11 11
 4 12
 10 5
 19 2
 11 8
 15 6
 5 2
 15 18
 18 4
 9 2
 14 18
 20 5
 16 9
 18 16
 3 7
 7 7
 8 5
 19 6
 20 19
 5 14
 2 13
 12 18
 1 11
 2 7
 10 9
 9 15
 14 38 30 4 4 9 15 10 16 27 4 16 6 11 25 2 25 6 20 5 21 38 3 40 3 8 22 12 34 7 34 7 2 9 14 23 22 31 25 12 26 21 4 34 23 27 24 12 32 37 14 21 28 26 17 14 9 35 30 2 15 7 28 36 37 33 6 30 35 30 18 27 34 25 8 18 35 27 38 22 24 40 23 11 21 2 40 12 20 18 30