12 136
 67 52 37 75 81 26 28 13 6 77 85 15
 80 44 7 45 10 17 73 56 14 41 61 55
 90 80 26 99 86 7 64 3 24 100 3 74
 6 98 27 21 25 11 66 31 40 28 35 10
 64 41 96 99 44 70 87 76 67 65 39 39
 60 62 86 25 91 96 4 32 72 68 4 4
 87 99 46 31 57 29 54 81 30 78 19 69
 2 43 81 47 92 39 8 25 29 78 74 62
 100 32 6 10 67 97 79 64 53 15 4 70
 90 97 48 25 66 61 61 82 89 18 60 73
 56 52 14 40 7 51 87 40 23 46 66 35
 63 35 20 80 29 75 34 38 2 90 36 55
 89 92 18 98 65 74 23 81 20 63 56 92
 93 44 28 12 46 39 28 62 98 11 78 30
 74 64 40 89 54 40 12 56 56 10 78 59
 26 28 41 27 29 68 83 55 76 88 74 99
 51 61 70 95 57 10 86 27 87 79 92 39
 4 48 7 51 58 91 97 9 48 97 35 62
 41 63 64 41 76 73 20 22 98 3 46 6
 58 61 24 3 22 63 93 29 27 16 84 17
 51 88 53 73 60 10 61 63 5 38 47 57
 80 80 9 91 57 44 5 56 63 75 92 2
 21 78 99 10 61 69 73 88 29 13 60 73
 79 28 67 91 52 86 28 30 22 65 35 27
 55 14 39 20 43 11 36 22 3 89 92 96
 78 57 69 86 26 47 56 93 63 5 32 58
 32 90 34 86 44 58 40 73 78 32 16 39
 44 69 93 79 86 12 90 52 69 65 80 87
 45 78 68 16 4 16 49 72 54 26 47 67
 14 96 15 19 5 41 95 76 77 7 54 22
 99 64 55 18 87 18 92 66 100 37 62 14
 1 57 43 88 2 33 51 11 74 13 9 46
 29 12 77 11 50 48 86 42 6 59 22 74
 48 10 91 16 57 34 51 53 51 12 65 8
 12 83 32 87 78 62 79 64 84 94 12 67
 46 7 79 45 54 79 6 4 80 72 15 44
 3 41 39 58 2 74 12 73 87 24 15 85
 14 52 69 86 87 45 44 36 77 55 31 75
 32 99 2 44 54 25 57 12 69 77 97 32
 86 43 20 90 37 76 49 83 67 84 22 47
 64 4 100 2 84 24 87 89 26 42 37 9
 30 27 7 80 39 33 29 64 35 27 15 80
 84 53 45 19 47 58 60 39 25 97 61 64
 43 90 28 26 93 37 41 10 31 67 8 7
 50 35 69 96 77 8 93 39 76 74 71 94
 41 93 9 79 46 6 82 65 56 44 7 84
 84 82 56 40 55 36 45 73 81 29 43 88
 17 82 19 56 72 57 9 91 57 10 99 96
 33 75 77 48 60 82 17 30 21 39 99 60
 2 50 18 11 19 20 99 9 82 69 16 66
 69 81 78 2 90 1 99 5 27 80 36 38
 97 7 20 38 56 12 87 84 10 64 33 54
 7 36 100 24 62 35 56 85 86 98 21 59
 94 81 20 79 81 13 31 93 1 22 5 65
 26 100 73 82 5 28 30 34 86 39 71 21
 78 40 86 16 75 51 11 66 40 12 47 35
 24 10 60 95 65 97 91 11 4 63 62 58
 82 4 3 30 74 62 61 33 57 35 37 52
 90 7 34 6 95 78 71 55 9 80 34 23
 38 87 35 8 71 94 25 28 72 47 78 38
 78 24 67 27 79 25 45 12 64 85 71 37
 23 19 61 33 58 13 7 26 18 89 99 99
 62 98 84 18 35 88 98 83 2 80 76 94
 63 33 42 4 58 89 41 31 94 8 31 61
 1 12 14 98 20 12 18 7 90 58 89 41
 93 48 9 4 23 96 65 24 36 69 94 28
 8 36 26 47 25 54 94 50 42 38 7 17
 85 64 39 62 55 81 3 11 67 79 47 15
 46 38 79 72 39 2 17 50 73 11 43 77
 77 36 7 62 43 61 90 29 1 71 24 58
 24 92 6 96 80 49 74 43 49 21 44 26
 85 11 49 70 3 32 38 98 70 10 48 13
 38 39 66 46 45 19 94 80 84 25 43 72
 58 14 66 4 53 5 75 49 14 25 79 5
 98 47 55 4 45 93 81 27 44 7 15 90
 97 92 90 75 63 25 54 22 25 14 88 57
 7 91 19 97 27 54 83 69 28 51 61 11
 5 75 30 100 9 97 89 16 96 73 66 7
 94 1 66 71 26 79 72 48 8 24 36 99
 98 9 78 91 15 88 18 8 19 42 29 21
 90 13 62 38 9 22 50 26 25 7 12 17
 94 4 36 83 96 80 4 4 22 21 74 35
 59 10 69 39 78 6 85 87 22 52 12 61
 46 52 18 75 45 74 16 67 26 3 45 23
 93 10 94 50 43 20 87 57 60 91 22 63
 63 54 86 72 66 55 10 81 9 44 21 14
 19 71 39 37 61 13 81 36 1 12 37 3
 69 7 2 2 89 21 98 10 61 45 68 34
 46 64 71 49 54 28 11 2 41 47 97 34
 18 59 5 2 90 35 86 98 86 63 26 30
 21 35 83 70 22 21 24 62 63 91 75 61
 68 84 95 88 1 16 73 2 9 22 63 79
 94 23 59 8 92 53 40 39 73 64 4 70
 54 21 5 18 69 70 54 35 82 21 13 33
 77 6 63 49 8 59 69 63 78 89 59 44
 15 92 25 89 93 39 4 6 83 21 74 85
 88 19 7 79 23 82 41 67 100 76 50 86
 78 59 39 65 100 69 99 12 96 71 45 94
 66 10 69 39 47 67 6 79 96 46 62 74
 62 88 62 65 14 100 54 96 15 76 96 44
 65 3 41 41 59 87 58 1 1 20 5 60
 48 76 9 77 20 35 72 23 85 51 43 65
 87 72 67 43 64 81 73 13 69 1 3 35
 56 48 71 88 9 93 31 26 52 23 36 39
 95 17 95 12 69 9 46 15 37 18 10 5
 48 68 70 96 3 44 56 57 66 4 87 82
 100 53 60 75 56 75 84 88 64 46 57 16
 17 61 17 15 4 28 61 86 15 33 37 79
 70 77 75 34 99 85 40 92 52 7 21 14
 2 63 74 40 42 93 20 83 94 91 37 36
 90 99 2 80 34 50 87 74 35 66 9 52
 11 29 45 29 91 23 27 62 88 76 4 24
 14 87 5 78 98 63 91 69 81 23 56 40
 29 81 99 57 84 90 37 55 68 61 60 77
 48 80 63 37 77 61 61 8 51 19 41 82
 57 80 20 93 59 95 46 100 49 94 79 13
 34 58 85 88 13 72 68 93 74 57 25 72
 69 29 43 11 28 72 13 37 91 64 100 11
 96 18 22 54 37 93 84 69 49 56 77 24
 59 54 64 89 88 90 78 5 15 79 17 20
 9 67 35 40 97 88 18 12 27 50 11 42
 87 66 70 65 46 37 64 3 86 98 25 53
 63 73 35 31 60 38 79 42 45 42 70 26
 53 8 37 43 49 25 60 41 65 35 50 42
 38 98 59 98 44 48 16 65 35 52 24 60
 16 81 35 34 88 27 95 65 5 78 75 72
 98 56 88 37 80 84 99 35 69 95 78 74
 80 78 97 87 73 88 8 52 12 11 29 51
 10 9 29 19 66 59 92 1 83 10 10 45
 4 3 28 19 55 48 87 17 47 33 60 45
 46 89 100 85 36 51 59 35 22 25 13 64
 52 71 70 49 80 85 46 16 2 53 97 81
 42 13 1 29 99 82 75 74 34 81 63 8
 40 91 59 60 45 82 40 85 43 73 11 39
 93 30 9 77 34 10 63 69 85 67 77 67
 48 10 34 83 40 95 36 88 17 68 9 45
 19 54 20 78 95 28 47 21 81 82 32 38
 659 1020 883 458 706 684 210 1028 720 819 644 791 8 377 39 1184 416 1189 318 753 257 675 882 512 719 951 309 739 29 836 1142 462 982 452 268 61 788 761 415 1191 315 989 1093 302 629 185 475 897 708 536 107 1050 1158 362 311 491 423 591 543 1039 242 474 1082 1139 782 1100 127 1125 419 31 230 1183 356 242 738 290 48 508 1115 348 436 190 881 813 1024 1150 911 322 404 519 938 250 136 265 600 1147 409 345 808 566 1063 9 115 488 1145 396 405 401 931 1173 494 1191 932 1059 715 986 746 225 313 162 1146 1054 805 459 715 458 1194 918 367 1075 705 888 304 1188 838 1138