13 192
 63 30 41 4 42 78 54 1 45 30 38 24 41
 87 20 4 99 54 75 31 5 59 53 66 64 93
 50 90 63 85 75 28 80 100 17 33 80 32 91
 72 10 17 81 18 7 57 61 88 83 39 19 42
 64 86 67 80 63 59 89 77 24 73 43 49 32
 89 31 66 99 94 30 45 100 27 41 64 45 72
 41 64 27 74 98 15 36 88 52 57 17 17 65
 70 83 56 52 22 25 75 3 87 27 37 60 94
 15 69 97 68 24 27 9 95 38 81 15 75 3
 85 21 83 82 1 16 7 80 66 1 98 50 56
 53 50 50 18 31 95 88 13 5 60 46 47 52
 47 78 69 1 28 28 8 58 2 40 80 47 16
 4 33 11 79 17 60 87 53 73 46 85 40 5
 52 73 77 33 46 52 17 56 86 22 61 67 81
 56 14 41 65 100 47 43 23 86 27 40 13 59
 45 6 99 43 7 74 47 53 55 8 50 51 22
 23 16 62 87 97 77 66 3 60 54 34 51 67
 65 25 34 39 100 10 85 43 100 27 67 47 23
 18 72 48 44 75 98 77 79 81 47 46 95 71
 47 62 36 15 61 17 62 77 1 87 77 34 42
 34 78 7 32 35 72 74 63 54 42 45 83 37
 45 51 100 10 76 59 92 48 59 28 68 33 33
 47 47 94 66 26 29 77 60 43 54 63 71 9
 69 79 49 60 51 74 100 78 87 48 60 72 49
 15 91 10 76 42 93 59 28 95 19 49 33 34
 88 57 45 19 4 3 55 59 52 59 62 23 38
 46 87 92 9 33 5 2 21 24 82 43 48 72
 63 78 8 10 39 11 68 6 96 72 2 59 7
 15 80 13 3 46 26 58 5 84 12 80 10 83
 89 90 38 43 64 31 47 83 49 80 11 11 4
 21 29 11 39 29 42 98 75 35 5 7 34 56
 32 22 1 86 56 4 19 75 14 70 21 36 93
 16 20 76 33 28 29 30 61 36 25 88 65 54
 34 1 41 64 55 9 47 82 100 87 67 30 90
 67 84 35 34 61 50 57 53 26 5 22 30 87
 41 99 40 86 60 64 70 31 49 83 49 69 74
 6 38 99 92 82 16 21 8 86 81 42 18 85
 78 81 58 71 39 23 65 3 2 46 44 27 68
 63 37 29 30 10 36 11 80 8 59 6 24 100
 11 27 41 35 31 55 46 83 67 52 9 54 79
 93 10 43 1 13 100 64 43 90 69 76 13 88
 36 100 65 12 31 66 70 70 66 33 34 43 39
 1 91 26 30 18 27 25 85 74 13 54 64 87
 48 37 35 27 33 68 71 7 65 50 41 68 100
 64 83 65 64 12 86 60 27 55 67 12 4 1
 22 26 72 98 2 100 63 52 64 20 63 78 71
 49 28 87 29 79 91 57 21 14 67 85 53 90
 22 51 44 41 94 35 90 75 57 31 24 74 23
 12 65 59 41 51 63 39 30 50 80 85 50 41
 14 30 37 81 17 97 97 29 11 42 61 42 64
 74 5 31 97 9 4 94 15 54 60 26 85 83
 9 89 19 75 42 12 73 56 44 90 97 27 88
 65 30 56 64 65 34 23 60 83 97 29 72 40
 94 16 5 49 100 94 10 11 4 81 90 78 89
 18 95 48 63 89 79 43 99 66 42 99 66 17
 5 35 44 94 49 63 82 32 11 15 60 24 27
 23 81 18 50 2 46 77 60 70 14 94 40 63
 69 79 24 25 33 5 12 48 89 4 43 79 49
 99 92 57 30 66 56 79 4 25 70 100 94 8
 8 83 9 60 9 99 22 10 13 34 37 13 16
 91 6 77 96 62 86 59 59 83 27 74 48 56
 77 30 10 26 59 99 82 76 95 92 60 84 25
 38 73 87 68 35 22 47 84 5 88 59 63 19
 13 33 29 77 77 28 41 44 70 48 26 7 56
 18 85 46 28 24 92 54 31 37 94 4 68 55
 47 82 7 4 73 47 19 94 16 51 91 1 99
 67 32 74 31 70 12 60 69 37 41 24 18 6
 83 90 10 7 66 31 20 81 73 7 67 11 80
 2 48 54 24 63 28 88 47 67 27 48 78 82
 6 96 94 46 36 96 71 22 80 40 53 67 58
 5 6 29 87 51 64 9 39 90 17 54 55 8
 21 49 20 51 44 44 69 34 80 6 31 77 4
 43 14 50 67 93 26 94 94 7 61 25 1 14
 90 80 15 79 96 15 82 84 26 93 9 8 58
 81 71 57 82 53 53 80 18 19 4 99 32 11
 17 71 60 29 62 48 81 2 74 15 59 100 66
 56 63 47 75 21 48 15 54 26 60 28 13 52
 63 56 24 31 4 32 92 21 28 84 66 15 75
 72 2 60 100 93 1 90 34 44 30 73 43 40
 97 55 31 25 20 12 32 9 67 94 17 1 17
 49 74 55 14 42 63 5 7 18 81 46 38 12
 19 76 10 46 66 27 17 65 46 58 15 44 4
 32 2 40 99 15 75 62 62 66 10 2 20 59
 28 68 40 10 95 48 17 45 22 98 60 77 82
 80 10 46 20 64 24 2 74 28 78 53 29 99
 20 66 15 65 55 53 83 56 5 97 77 65 24
 53 84 91 21 70 63 89 17 59 52 53 58 19
 79 87 35 40 54 73 58 91 41 43 3 74 2
 76 17 45 48 80 38 93 84 82 55 70 51 12
 34 71 41 54 55 54 31 2 33 50 74 44 33
 31 88 83 35 44 52 55 99 76 42 20 1 80
 69 12 51 84 39 33 59 88 68 84 65 62 88
 35 63 3 57 23 42 28 71 82 63 5 30 20
 96 76 11 17 41 24 55 85 47 77 97 60 35
 59 16 38 34 66 19 50 14 38 65 44 37 66
 16 83 19 65 98 6 17 16 77 82 29 18 38
 59 54 96 96 72 75 31 34 84 30 85 26 90
 71 5 53 14 35 18 60 38 51 95 97 91 91
 58 37 62 87 64 24 11 64 96 71 33 87 40
 47 51 36 77 83 11 42 93 51 38 65 69 92
 86 65 9 28 49 97 29 97 5 80 30 54 80
 43 100 30 55 42 32 92 35 97 87 99 20 53
 14 68 7 25 79 81 7 17 46 59 26 51 88
 100 82 25 97 95 18 66 76 97 71 84 83 21
 92 29 59 89 17 72 91 22 91 6 84 95 65
 71 86 34 59 44 56 81 13 5 69 20 87 83
 85 65 55 69 88 54 95 54 21 91 55 83 70
 65 85 25 18 53 68 92 20 15 28 17 81 60
 15 97 40 85 21 96 78 30 44 66 54 33 24
 32 64 88 26 22 96 20 50 39 99 85 98 52
 87 3 20 65 94 71 6 38 51 54 19 86 25
 74 58 40 10 74 75 46 22 36 25 20 29 95
 2 55 91 23 73 73 14 82 60 43 79 86 94
 60 90 70 67 14 24 31 55 23 95 66 75 52
 74 73 28 68 29 92 49 36 30 8 54 40 47
 37 12 36 64 98 80 1 3 63 20 27 89 93
 49 43 100 25 52 40 3 71 89 80 87 56 4
 57 89 52 1 30 74 15 52 42 57 97 4 70
 7 63 47 61 30 87 21 12 20 66 81 93 86
 13 83 48 12 87 18 96 6 49 12 54 95 60
 21 64 9 4 3 83 94 52 80 52 39 24 60
 11 8 66 8 12 87 68 24 60 40 94 41 56
 44 1 92 46 32 37 20 1 12 24 30 19 8
 48 2 53 64 73 15 73 24 94 48 46 77 96
 21 63 12 45 83 88 99 67 99 52 53 24 38
 51 11 87 19 85 75 88 27 26 93 43 27 71
 45 99 62 45 5 6 39 47 63 48 28 60 91
 90 97 70 55 79 88 98 21 13 54 23 93 82
 74 31 52 73 54 66 94 99 42 27 95 44 91
 50 34 64 38 77 74 30 24 30 80 99 95 30
 70 47 25 59 72 10 61 26 96 64 40 76 26
 29 19 43 50 62 81 24 95 67 13 7 4 93
 7 13 9 91 62 22 95 12 7 87 27 81 8
 8 67 90 66 38 19 84 62 37 88 50 19 9
 22 61 21 65 78 22 40 30 93 85 13 28 81
 46 6 4 4 25 58 10 30 98 47 10 49 78
 60 99 5 74 76 36 26 94 7 55 6 76 11
 2 95 1 40 44 23 60 40 88 51 27 67 12
 92 77 69 18 15 5 59 61 40 22 47 24 88
 22 36 32 61 95 21 2 51 12 34 49 78 38
 56 8 97 36 89 29 14 22 83 52 50 55 43
 31 41 63 98 37 91 85 33 6 62 34 97 92
 23 70 43 8 23 76 66 35 70 26 13 100 21
 55 24 44 37 28 82 34 82 52 41 85 87 56
 47 56 41 34 50 70 47 76 73 15 95 34 100
 74 33 91 66 82 6 27 98 64 65 32 11 73
 27 21 36 58 54 1 27 80 6 74 34 36 34
 49 90 24 57 85 19 50 14 52 58 35 46 98
 11 65 84 63 100 60 54 48 7 40 4 30 50
 25 40 79 18 34 45 17 20 83 7 17 72 2
 29 92 3 43 2 73 78 75 66 21 16 25 77
 23 57 46 7 55 66 44 2 34 80 14 4 99
 55 52 50 92 80 100 100 31 75 65 37 95 7
 56 35 77 21 79 93 79 34 19 17 68 16 11
 71 31 66 89 61 32 40 85 87 98 92 33 67
 4 89 34 37 32 93 93 3 78 11 80 21 83
 73 43 67 73 8 72 31 23 23 12 42 33 75
 76 69 67 13 9 9 26 62 59 88 44 87 69
 85 35 26 25 76 94 62 51 44 49 23 28 54
 27 11 80 21 2 15 62 32 1 49 94 50 60
 30 69 67 48 80 94 32 43 81 6 55 87 93
 52 38 27 20 52 30 39 97 91 33 76 81 57
 86 89 72 3 90 47 23 46 32 30 55 92 31
 73 84 69 73 43 8 42 21 50 61 90 100 84
 20 37 61 91 84 78 99 13 31 60 50 9 88
 6 49 39 28 68 3 82 18 12 42 59 59 74
 82 79 8 63 74 4 14 8 21 1 35 1 16
 26 20 99 43 88 99 85 58 1 39 2 93 79
 28 68 97 52 1 25 7 71 60 17 81 90 45
 56 56 29 43 23 46 47 25 60 30 41 79 57
 55 51 93 51 5 64 2 20 44 37 38 86 49
 76 44 3 52 74 34 37 4 10 14 30 65 91
 29 20 35 91 11 5 70 41 91 49 83 50 8
 3 61 53 65 11 12 85 81 25 18 7 22 19
 42 20 60 80 73 48 36 91 48 3 99 88 23
 73 21 98 45 54 46 66 76 92 14 21 11 19
 14 96 41 6 42 38 100 34 12 38 43 52 15
 45 62 52 89 66 18 91 88 44 2 96 19 38
 87 49 12 77 100 85 31 29 100 96 14 94 39
 62 58 68 97 32 48 92 47 11 93 71 29 71
 43 4 37 60 39 57 45 71 22 89 83 18 14
 28 20 41 89 83 9 65 94 11 86 4 86 94
 91 53 31 16 60 37 93 59 19 86 41 50 24
 64 40 97 69 43 37 65 72 27 86 19 39 5
 75 27 98 67 12 11 71 79 94 7 51 74 87
 66 20 97 15 65 10 75 80 77 28 21 15 28
 73 70 44 80 18 58 35 64 55 69 70 73 4
 7 16 73 3 99 87 29 58 38 73 7 83 60
 93 77 1 50 51 84 48 10 94 14 69 58 41
 53 46 87 61 84 7 85 56 40 78 59 88 96
 71 43 72 40 5 98 99 47 80 81 66 100 26
 45 84 40 56 21 60 100 58 82 21 39 24 71
 46 9 89 78 23 30 82 25 97 30 87 87 28
 558 981 289 383 435 188 589 13 880 411 976 421 920 1266 241 536 1023 888 378 549 100 1127 239 230 505 1087 245 1064 767 366 816 771 72 1243 1006 833 974 133 542 756 1297 560 227 1185 69 471 1063 1040 1249 609 679 953 516 860 594 337 61 297 622 1057 95 324 720 609 859 1171 1290 709 685 1085 986 858 1131 916 1221 1145 436 1211 112 652 587 42 475 889 922 494 1025 430 177 1049 896 714 50 669 304 723 223 191 400 31 1207 1015 812 475 210 198 979 1101 878 631 338 1277 1188 904 841 719 767 175 1234 806 352 617 1290 170 1186 88 578 27 638 588 1203 82 326 707 139 631 362 390 1187 511 1208 755 820 532 212 1275 364 958 407 161 908 1009 61 1127 724 627 107 366 652 625 647 471 453 481 725 531 1118 1050 156 206 430 594 85 1026 84 185 56 430 477 1214 551 325 275 1044 789 1262 639 26 656 970 862 574