10 192
 92 86 27 67 30 82 100 51 55 21
 84 28 67 91 93 83 52 31 76 10
 42 1 17 70 15 32 58 67 21 71
 73 43 29 89 15 73 20 65 30 29
 18 90 63 27 39 30 66 85 34 73
 37 84 64 94 24 8 100 6 38 4
 95 64 42 92 7 3 56 49 29 97
 83 20 7 51 30 24 77 85 22 91
 92 99 82 92 31 4 17 4 72 93
 56 81 67 57 66 88 44 4 5 25
 97 13 42 70 72 82 96 90 66 46
 57 1 80 75 25 31 71 92 62 92
 88 96 24 36 59 8 86 40 1 60
 70 49 7 13 41 3 27 23 29 96
 70 86 41 55 60 14 80 56 44 28
 78 44 55 37 49 95 22 62 87 47
 82 92 100 17 58 94 15 95 45 83
 15 83 1 65 59 75 69 31 6 57
 34 65 52 70 83 12 77 42 76 74
 24 39 98 75 39 34 81 49 7 20
 90 57 79 54 35 2 60 19 66 16
 71 61 65 89 27 2 49 11 78 35
 31 86 100 39 15 83 42 23 57 29
 5 69 81 22 58 19 21 47 80 29
 5 19 52 61 49 4 41 7 77 68
 14 11 84 72 54 88 59 69 49 79
 51 53 1 29 38 95 33 94 52 31
 12 42 68 56 37 49 41 43 61 57
 57 53 55 47 99 100 54 18 54 33
 96 10 53 40 81 77 62 69 84 8
 40 16 8 51 98 89 30 65 18 22
 83 33 33 65 18 33 16 39 10 56
 4 40 40 5 34 11 30 71 21 63
 8 91 45 75 2 45 42 79 99 5
 47 11 20 34 9 39 31 58 88 23
 20 50 12 55 43 45 64 75 6 69
 82 44 2 97 60 28 68 28 48 26
 2 65 25 5 47 63 54 93 66 70
 45 94 75 94 32 96 5 67 73 84
 84 10 74 40 85 3 62 95 60 51
 93 93 6 83 41 1 9 71 67 11
 21 26 59 34 48 58 13 9 54 18
 10 72 71 27 32 90 60 63 23 98
 78 46 76 7 59 64 68 72 77 49
 80 97 99 99 5 86 91 14 15 85
 52 50 61 59 8 22 8 28 51 57
 69 12 38 70 70 28 75 8 11 67
 57 4 89 62 42 43 57 37 67 2
 45 15 96 81 15 38 61 43 40 23
 85 5 95 68 20 29 32 20 16 89
 7 84 17 73 100 54 49 74 85 33
 86 47 1 13 39 56 73 69 42 42
 71 67 21 88 81 43 89 16 11 4
 100 32 29 18 41 57 52 90 52 87
 24 61 43 93 39 5 45 50 53 33
 90 90 91 51 70 22 89 84 58 3
 15 47 58 30 37 83 19 84 83 58
 52 63 72 92 92 95 85 70 34 25
 52 76 36 88 16 81 28 33 41 5
 82 65 38 87 48 79 4 61 32 60
 63 29 80 46 53 64 33 40 96 21
 56 24 86 76 74 51 67 8 91 45
 43 61 24 64 90 44 12 98 30 27
 51 53 97 36 4 21 41 2 81 98
 60 80 77 60 70 9 9 82 38 77
 33 51 25 47 24 40 58 28 11 12
 45 40 67 48 58 9 82 92 14 42
 23 54 67 4 71 40 9 82 60 23
 70 44 10 87 78 20 67 53 94 2
 33 67 100 27 69 19 34 19 4 30
 79 82 71 35 38 25 14 41 10 2
 42 69 35 45 29 31 97 61 91 2
 11 96 54 80 17 30 58 19 78 18
 98 75 15 87 99 87 69 30 97 75
 44 67 73 88 93 3 81 42 6 35
 3 72 98 17 74 9 26 9 22 91
 48 88 73 86 66 67 32 96 33 8
 64 33 57 40 66 7 99 10 33 63
 44 100 7 25 96 96 45 50 30 13
 63 29 79 82 48 68 46 64 97 85
 64 30 35 3 47 74 81 85 46 32
 37 65 33 58 27 63 20 88 90 90
 75 11 22 4 84 33 68 96 19 28
 6 87 79 49 55 94 91 35 62 41
 66 65 34 54 84 75 12 97 43 53
 97 88 44 89 61 6 95 75 27 11
 27 86 3 69 43 54 39 95 49 2
 73 50 55 45 46 31 80 33 3 77
 15 7 1 24 8 59 23 84 54 97
 78 82 22 100 36 10 1 86 28 13
 56 1 40 40 39 34 60 68 83 10
 54 80 16 27 7 9 65 36 27 50
 32 4 3 80 71 43 84 88 84 87
 17 66 76 17 79 93 92 65 54 24
 26 8 32 18 100 22 4 72 32 66
 92 73 93 55 57 44 8 36 5 54
 15 65 63 20 77 24 18 7 65 59
 48 77 68 80 95 87 32 71 9 58
 25 99 93 23 66 1 78 96 30 92
 19 91 84 50 95 54 22 71 60 29
 22 74 59 31 15 73 60 52 85 99
 82 58 61 27 47 4 75 52 64 61
 59 66 7 67 5 75 32 66 94 62
 67 69 45 15 13 61 91 46 28 40
 30 71 54 85 6 59 2 6 71 56
 41 23 20 99 100 74 88 91 59 83
 64 100 42 40 67 85 41 13 60 15
 44 11 40 50 39 81 30 9 63 35
 43 81 45 53 78 20 22 27 3 16
 47 99 81 76 89 91 28 59 41 95
 41 90 62 26 17 100 41 37 46 70
 82 96 52 49 91 66 52 94 13 73
 14 74 54 41 87 59 80 97 68 95
 45 10 85 19 29 46 46 2 80 88
 75 12 78 1 43 39 53 33 56 73
 82 59 10 41 46 86 96 37 96 15
 42 32 71 4 37 75 29 9 64 31
 11 1 99 47 47 61 36 92 17 13
 46 55 42 36 70 55 30 60 1 49
 26 43 43 64 28 68 88 63 89 34
 79 24 25 99 30 95 41 25 71 54
 14 53 53 70 20 64 40 80 83 90
 91 2 92 91 13 49 78 24 43 86
 79 40 91 89 78 14 83 62 9 14
 22 60 82 62 34 78 58 7 62 90
 98 80 16 69 22 4 27 2 95 26
 85 4 83 85 69 97 99 37 59 96
 43 32 10 6 53 28 75 47 35 13
 78 84 79 26 30 7 41 84 93 75
 43 71 84 15 94 75 79 81 38 7
 51 16 78 26 41 47 80 20 73 29
 67 89 10 92 90 83 93 89 31 55
 23 21 93 82 28 63 88 33 37 74
 57 26 36 62 5 52 66 35 36 87
 79 30 49 69 67 79 22 73 85 52
 63 28 54 33 10 44 2 51 22 39
 8 90 52 62 27 42 7 46 98 56
 58 97 94 17 7 36 24 21 87 33
 60 3 85 90 20 98 99 67 89 70
 16 45 98 56 25 72 27 63 41 35
 56 42 8 44 54 74 15 23 12 78
 62 81 25 87 20 95 24 18 97 29
 46 12 58 54 22 27 98 9 93 95
 37 95 16 34 6 32 10 47 97 65
 22 92 5 28 53 12 98 25 68 9
 31 84 72 29 57 93 47 22 69 4
 33 43 16 96 98 90 54 75 55 19
 1 91 6 73 20 4 69 71 89 29
 53 78 12 43 64 18 88 91 100 31
 62 50 47 57 21 33 46 76 82 52
 40 31 18 26 29 62 22 88 67 69
 38 1 95 24 15 43 39 15 31 46
 14 6 19 44 98 22 99 63 60 52
 90 42 25 79 15 79 18 61 73 36
 55 37 9 60 67 1 18 35 83 54
 54 77 45 39 50 63 87 53 78 32
 1 12 83 56 38 37 87 70 24 19
 61 99 4 89 1 99 30 44 35 8
 64 75 90 40 92 30 46 85 22 89
 13 23 50 88 71 61 40 46 75 96
 16 15 43 87 51 25 64 55 38 52
 6 84 94 8 86 55 49 24 92 63
 63 21 50 51 12 76 7 61 49 93
 74 87 7 29 68 66 5 94 3 1
 94 97 62 51 29 57 20 62 58 40
 59 46 51 19 36 18 90 47 23 77
 24 25 76 86 100 41 2 24 77 97
 82 84 61 6 61 59 42 38 31 87
 76 2 35 83 64 20 71 59 80 48
 66 18 47 43 51 87 44 22 14 16
 90 85 23 82 78 81 41 42 4 99
 78 15 53 43 18 10 67 35 78 83
 48 13 99 27 26 29 31 62 3 83
 24 26 97 36 89 2 89 63 42 60
 53 35 61 37 61 100 93 54 59 59
 51 41 99 65 37 93 89 50 94 41
 89 6 67 68 7 42 81 21 71 75
 41 46 75 93 38 65 60 55 51 9
 14 60 46 68 55 73 91 46 7 20
 89 93 66 94 53 79 12 52 18 45
 87 12 9 77 48 43 24 42 23 35
 83 19 28 38 29 51 54 86 66 16
 33 42 33 2 22 20 60 99 53 100
 29 56 46 73 52 90 79 67 63 56
 94 65 16 10 73 62 53 14 78 8
 51 64 84 48 64 22 5 78 40 79
 80 9 89 64 62 37 44 49 45 57
 35 13 66 7 53 97 18 78 60 30
 99 1 38 4 48 84 49 8 8 39
 80 39 68 56 54 14 41 61 96 48
 14 12 65 4 75 46 79 82 87 84
 75 26 90 11 42 61 12 88 7 18
 44 84 1 63 13 65 23 14 11 75
 653 799 679 836 285 596 732 567 284 719 694 863 993 805 863 885 99 475 325 622 338 379 36 846 79 400 608 600 162 407 948 659 273 745 286 986 380 961 930 256 931 26 934 617 609 55 557 854 997 162 40 790 24 112 728 947 96 793 907 51 853 362 862 306 415 685 331 244 46 217 684 739 770 239 520 562 13 22 461 194 868 363 477 842 814 496 1 388 686 446 836 299 997 983 432 746 519 462 664 617 765 191 915 828 938 478 556 335 248 77 839 86 156 107 828 517 804 518 710 219 902 871 253 823 439 514 361 766 519 441 847 983 452 332 609 99 22 662 365 202 367 172 157 38 492 60 10 79 265 873 933 664 218 349 350 33 806 664 809 860 989 761 549 861 833 641 278 164 798 211 124 80 849 106 426 228 321 212 589 877 815 440 76 85 725 973 991 979 116 53 915 457