8 81
 18 10 19 20 1 3 20 15
 15 10 19 9 20 3 12 9
 16 17 7 20 13 16 14 17
 2 7 2 14 15 9 17 2
 1 2 11 13 20 19 2 17
 20 3 19 17 4 9 9 19
 6 19 3 1 5 15 4 3
 19 9 5 18 5 11 5 16
 9 2 19 7 11 19 3 1
 6 9 20 7 2 13 7 14
 8 3 1 18 11 17 6 5
 15 6 15 19 10 18 11 4
 18 4 3 11 9 20 13 19
 13 2 15 11 4 11 11 3
 17 9 20 20 5 5 16 16
 13 1 13 15 20 8 6 4
 3 7 15 19 15 14 20 2
 19 16 5 3 4 4 4 15
 8 9 2 11 2 6 11 12
 20 12 17 15 17 13 8 1
 1 14 11 3 2 10 17 4
 9 11 5 7 10 11 9 14
 15 10 18 2 1 7 12 19
 6 12 3 13 17 4 10 20
 5 6 5 11 4 20 12 19
 12 12 15 13 16 13 4 18
 9 12 15 6 8 7 15 17
 12 8 2 4 4 8 9 15
 4 17 17 16 10 6 12 4
 18 8 6 15 6 20 18 6
 8 2 19 7 16 5 17 12
 3 14 2 4 1 2 16 1
 20 8 9 13 6 19 14 2
 15 6 1 11 14 1 11 20
 11 13 1 19 8 11 15 1
 18 4 16 14 18 16 12 18
 8 20 20 14 6 1 3 12
 10 3 17 12 9 4 11 18
 14 19 16 12 13 7 16 8
 10 20 7 20 14 14 1 18
 10 8 17 2 2 18 12 6
 10 3 10 11 2 15 11 19
 14 12 2 16 5 18 9 7
 9 11 17 3 14 10 3 17
 8 12 1 16 16 1 15 18
 5 17 6 7 9 15 13 7
 3 1 2 6 6 10 4 2
 13 7 16 9 4 2 2 12
 13 18 9 4 11 9 6 7
 9 20 20 1 4 13 19 17
 1 17 4 5 18 15 4 8
 7 17 18 6 2 20 18 10
 2 10 10 8 19 10 11 2
 5 6 15 16 18 13 1 9
 9 3 17 2 15 11 19 10
 9 1 13 3 7 3 10 7
 19 18 1 2 12 2 3 11
 10 13 7 8 13 20 2 4
 10 19 19 11 19 11 8 17
 3 5 12 14 18 13 7 10
 2 9 9 17 18 5 10 18
 14 15 15 5 10 13 4 6
 5 1 18 16 1 7 16 19
 6 4 1 13 14 6 17 11
 9 2 10 17 14 12 2 1
 10 19 8 13 13 16 2 20
 6 17 7 16 10 12 18 9
 5 20 11 4 7 18 3 10
 5 13 16 20 8 19 19 3
 17 3 16 13 6 1 9 13
 2 1 12 11 8 5 12 14
 18 9 2 4 17 2 10 6
 15 20 12 14 11 6 4 8
 17 16 1 4 15 14 19 15
 5 6 17 5 11 20 6 10
 9 18 6 6 6 4 10 17
 16 18 4 17 20 20 6 20
 5 10 9 14 20 12 14 16
 10 7 16 20 13 10 2 1
 10 6 9 19 3 3 16 18
 11 19 20 7 13 20 1 5
 18 14 3 12 13 10 8 18
 119 100 158 118 33 54 39 156 77 147 102 147 41 95 117 62 130 54 9 126 32 60 153 74 66 100 129 106 100 133 127 156 23 63 33 35 114 24 112 152 23 147 9 153 32 125 105 12 122 113 52 114 57 54 59 40 110 87 40 70 40 122 19 133 154 8 153 81 63 151 119 14 147 144 14 78 94 31 66 131 34