4 85
 9 10 19 5
 16 7 13 4
 3 5 18 16
 9 7 12 5
 10 2 16 8
 18 13 17 4
 11 10 16 18
 3 8 5 15
 17 11 5 15
 15 12 19 5
 14 17 17 10
 20 5 15 20
 8 10 17 2
 16 3 11 19
 2 7 12 20
 9 2 5 8
 20 13 9 7
 17 12 11 2
 3 18 10 14
 19 14 14 7
 7 2 18 14
 14 6 14 17
 12 12 4 6
 14 10 3 12
 3 16 14 4
 2 10 6 15
 18 2 9 2
 14 14 4 11
 6 16 20 4
 13 6 20 15
 1 10 15 19
 2 13 16 12
 20 19 1 1
 3 17 7 7
 13 9 19 3
 20 13 16 8
 16 4 14 8
 13 13 19 18
 4 19 14 6
 2 5 20 10
 4 14 16 17
 3 14 12 8
 17 16 5 12
 16 18 20 13
 18 7 5 18
 15 9 8 7
 15 3 1 10
 13 9 1 9
 4 4 5 4
 14 20 17 1
 14 10 18 6
 4 7 10 17
 17 3 8 18
 4 13 3 2
 7 11 8 9
 16 1 17 13
 17 19 8 13
 13 13 5 8
 18 10 19 6
 8 6 17 11
 12 4 17 8
 19 16 3 13
 5 10 5 20
 16 6 4 2
 10 1 8 8
 3 12 17 6
 2 18 15 10
 19 9 1 9
 17 9 12 11
 4 16 8 2
 12 14 14 8
 18 10 3 4
 9 17 6 12
 4 1 9 20
 19 5 10 17
 20 6 13 9
 15 20 2 5
 7 20 3 13
 1 4 4 18
 9 16 2 15
 9 18 13 7
 20 3 3 18
 15 12 11 5
 9 20 15 8
 2 5 5 12
 2 16 2 16
 13 73 80 38 38 63 22 45 25 69 50 65 63 43 35 59 60 33 62 6 66 31 64 57 14 17 28 64 60 67 41 55 69 54 42 34 24 47 11 78 8 69 24 76 36 41 29 42 42 4 37 74 4 14 27 45 35 10 41 34 63 67 6 21 37 69 21 38 28 5 39 35 8 36 9 34 80 26 57 60 14 20 57 7 50