5 109
 94 84 70 13 65
 64 16 4 77 27
 14 3 89 25 11
 82 95 49 15 6
 16 76 95 61 65
 10 21 98 85 86
 38 40 17 67 60
 85 91 76 99 8
 63 34 42 92 93
 15 69 19 33 20
 73 49 19 82 18
 66 15 25 97 20
 58 48 12 55 56
 9 19 34 36 88
 28 99 36 96 27
 40 2 9 94 66
 56 16 52 25 88
 63 35 62 95 67
 73 54 24 25 67
 70 20 99 39 90
 48 100 13 66 83
 78 55 85 64 39
 89 21 48 76 30
 76 56 49 69 77
 93 14 70 23 73
 70 98 6 35 57
 62 76 22 86 27
 72 43 64 43 15
 81 91 32 88 29
 42 21 44 20 12
 51 75 88 20 85
 32 4 33 18 65
 7 41 71 94 8
 31 70 20 40 29
 80 77 90 29 63
 54 75 65 35 4
 91 39 82 32 8
 35 86 63 80 51
 99 71 87 82 82
 84 39 61 15 34
 48 17 38 32 22
 95 33 31 58 36
 24 53 4 26 60
 57 2 2 74 52
 8 29 33 19 78
 79 52 22 12 36
 31 59 95 70 16
 69 22 41 14 2
 17 18 28 94 24
 76 7 70 66 37
 18 26 81 78 39
 33 85 88 9 55
 48 2 7 90 7
 38 14 27 38 92
 79 15 79 11 60
 83 67 51 99 69
 97 30 92 60 74
 76 58 41 54 84
 97 21 50 66 5
 35 10 32 45 41
 31 78 11 36 66
 22 96 15 95 56
 97 45 16 26 70
 55 39 53 61 30
 35 46 71 69 47
 53 34 3 62 93
 84 98 13 42 53
 69 99 80 11 35
 24 71 89 21 64
 81 6 90 98 32
 20 33 49 68 67
 99 61 57 62 81
 5 85 71 80 32
 16 86 29 47 98
 93 12 4 100 4
 99 15 36 66 40
 100 45 75 14 86
 38 20 28 23 82
 55 89 51 19 58
 66 33 31 4 37
 2 91 67 72 41
 11 18 98 30 9
 86 36 23 94 78
 53 51 33 75 54
 4 14 49 40 7
 48 36 40 43 16
 68 26 29 61 29
 61 10 64 63 38
 100 50 91 62 38
 64 26 94 73 71
 82 39 78 18 84
 55 91 21 28 95
 24 96 25 48 61
 74 36 83 64 9
 57 3 64 28 77
 11 84 75 65 83
 97 54 55 14 38
 64 84 33 33 24
 89 49 54 34 56
 50 28 100 76 51
 66 7 38 34 19
 34 97 6 72 36
 58 68 1 45 35
 4 94 24 36 87
 14 36 96 32 43
 6 89 85 82 25
 34 46 18 36 74
 88 38 6 1 46
 33 68 46 28 46
 58 94 96 70 51
 305 60 46 283 83 279 161 84 455 160 32 256 341 300 349 378 143 176 499 136 193 217 154 158 475 134 177 40 244 211 255 166 323 338 119 435 347 215 349 36 427 214 333 203 475 374 443 147 464 118 190 477 41 177 106 407 400 256 186 300 471 485 32 107 326 227 402 157 298 322 355 266 422 331 208 351 418 434 423 177 319 228 311 316 214 361 113 23 496 254 336 313 15 94 109 304 157 81 36 419 47 365 299 284 492 346 39 22 221