4 80
 16 18 14 7
 14 17 14 14
 8 4 20 19
 1 1 16 11
 8 4 6 18
 6 19 15 12
 9 1 16 19
 3 4 2 9
 10 14 1 12
 5 15 10 20
 13 19 14 2
 2 3 1 15
 6 13 9 12
 18 20 5 17
 16 14 20 16
 1 16 19 1
 3 19 3 4
 1 19 6 11
 19 9 3 4
 19 10 5 18
 1 16 9 18
 12 19 8 5
 6 9 18 15
 18 10 18 11
 17 15 13 6
 2 12 12 2
 12 8 1 5
 19 10 5 2
 10 14 15 8
 10 2 18 15
 14 3 13 15
 13 6 3 14
 17 5 3 7
 17 16 5 12
 1 10 10 14
 7 16 19 3
 19 15 4 10
 7 5 13 2
 9 7 20 20
 3 1 17 6
 3 10 6 13
 18 6 18 18
 19 2 15 5
 4 3 17 16
 11 2 18 18
 15 10 5 20
 3 14 10 3
 1 19 1 8
 3 5 3 10
 7 6 18 9
 12 10 6 19
 7 13 7 15
 6 5 1 9
 3 10 9 19
 12 2 16 15
 13 9 20 15
 1 1 12 18
 8 20 2 9
 8 9 2 4
 17 20 4 17
 9 17 12 14
 16 18 7 12
 8 20 5 6
 8 6 6 14
 20 1 16 8
 7 5 7 9
 17 1 3 15
 4 20 18 20
 10 6 12 2
 7 18 18 4
 3 20 14 8
 10 12 11 17
 11 8 5 5
 5 1 20 8
 20 8 8 19
 6 18 7 16
 16 10 16 14
 15 5 13 17
 6 12 18 3
 15 1 12 19
 16 12 2 16
 60 43 9 20 49 10 32 29 73 50 59 20 80 20 42 45 43 35 10 59 22 50 30 8 50 23 6 64 58 66 73 49 50 73 46 78 18 58 71 64 79 22 44 35 26 48 25 80 34 77 23 61 16 43 62 72 6 13 15 70 50 45 40 35 51 50 55 34 75 67 18 66 44 52 50 13 23 39 66 4