12 174
 54 91 70 67 68 66 12 11 61 100 82 95
 48 30 61 22 13 95 12 90 27 74 82 74
 54 63 27 89 3 9 3 49 55 68 95 66
 73 41 83 96 97 4 84 34 96 66 27 49
 23 5 16 71 27 27 21 33 75 24 100 58
 41 73 71 83 12 80 94 21 14 40 67 42
 75 2 53 39 89 46 69 18 30 40 22 41
 63 73 72 98 80 65 33 28 40 45 54 82
 92 3 67 83 81 56 84 100 73 30 80 63
 20 50 78 24 93 33 55 18 38 97 96 99
 74 91 17 17 75 2 29 96 71 93 98 95
 50 48 32 26 39 96 81 19 20 16 26 72
 42 52 38 35 9 3 1 42 23 80 90 12
 44 45 48 21 95 88 24 21 60 63 67 54
 3 24 75 20 78 78 80 100 97 23 98 85
 24 84 18 48 25 93 56 50 27 17 64 22
 61 95 38 56 19 89 93 7 69 82 33 44
 96 73 37 96 55 22 19 92 11 75 29 61
 16 45 95 34 98 88 99 100 25 2 81 62
 13 69 40 51 69 64 93 72 93 98 49 89
 2 29 31 48 29 61 18 42 34 67 98 99
 29 43 83 74 51 67 44 62 60 67 63 78
 47 62 31 89 30 36 32 12 80 41 35 2
 72 98 60 31 80 26 6 85 100 51 96 16
 20 32 66 57 42 43 18 56 30 47 80 98
 48 98 89 47 17 56 22 53 86 14 64 58
 68 67 52 32 48 51 22 4 19 48 16 51
 81 22 20 53 42 42 73 45 49 45 18 71
 72 7 86 83 59 55 93 72 14 44 44 86
 33 14 78 61 72 58 89 86 75 6 25 9
 39 70 79 48 12 55 54 86 13 72 58 58
 39 5 11 57 29 20 33 30 20 83 39 90
 20 62 20 100 82 85 64 84 8 86 32 71
 65 26 1 81 7 88 16 98 47 80 99 12
 40 21 96 84 82 76 87 61 21 32 32 48
 17 87 46 34 85 36 9 31 99 41 32 17
 34 28 92 82 71 5 98 57 64 42 25 91
 23 19 50 16 25 27 19 73 53 76 21 74
 53 87 28 13 100 23 39 65 61 75 3 88
 72 66 6 27 54 8 27 83 25 4 9 46
 95 16 52 96 35 12 36 52 64 19 91 32
 19 95 12 42 18 27 77 37 90 12 68 31
 13 85 85 61 47 89 9 17 3 50 100 20
 72 33 77 4 58 2 44 88 34 60 54 96
 93 55 98 1 48 46 99 3 59 10 11 26
 1 87 53 65 97 90 44 68 48 92 15 56
 18 18 92 35 80 54 53 97 49 18 29 92
 10 51 59 84 64 50 48 52 40 14 84 65
 32 27 24 72 2 34 71 80 84 83 56 55
 36 66 83 15 18 25 68 26 100 64 12 32
 95 81 36 31 52 70 31 29 76 84 20 94
 76 14 47 57 7 92 4 73 96 93 89 69
 49 94 87 78 37 35 32 17 63 67 35 99
 11 16 83 3 4 88 2 24 26 30 69 10
 45 78 4 93 7 48 84 39 42 42 59 46
 77 24 64 46 28 7 6 38 34 54 1 72
 34 87 1 42 12 99 84 91 19 31 42 63
 51 41 8 35 32 88 40 62 88 3 14 34
 97 63 30 86 69 12 90 63 34 86 57 73
 81 48 76 58 28 54 46 7 98 83 45 100
 2 22 74 19 88 87 69 51 40 36 5 6
 60 97 97 84 77 65 81 96 99 98 98 33
 25 34 98 27 8 58 53 36 23 92 20 47
 24 31 13 94 13 52 40 72 7 89 98 81
 33 82 89 28 54 4 91 21 56 98 78 11
 12 79 95 17 75 38 16 93 82 14 16 22
 27 74 97 97 75 40 71 35 6 1 42 1
 45 19 8 37 57 3 22 73 77 9 41 96
 32 14 87 98 66 92 91 92 78 22 3 63
 80 79 67 20 61 96 54 75 34 4 20 59
 44 23 47 87 54 44 5 36 94 71 44 7
 69 26 57 50 78 37 3 70 91 45 10 54
 73 97 50 82 4 1 21 48 12 58 100 89
 25 36 93 98 20 90 1 92 84 93 56 79
 73 44 37 34 48 81 43 67 11 25 17 31
 72 15 88 87 31 88 66 57 8 59 36 9
 68 98 47 29 22 92 25 96 78 7 92 72
 38 7 6 58 94 10 9 41 9 14 26 98
 14 90 5 58 61 7 95 60 33 63 96 29
 25 47 73 78 93 57 49 81 39 68 70 4
 100 34 1 100 42 64 36 82 94 27 100 80
 13 53 85 73 80 15 26 71 21 35 71 45
 54 95 73 65 11 57 13 56 99 100 87 55
 22 80 64 79 11 42 94 58 1 99 22 66
 98 56 29 15 23 3 79 13 52 26 29 56
 12 96 15 22 93 6 80 63 73 38 83 14
 38 75 100 92 9 84 82 32 21 38 3 42
 54 100 87 78 16 86 97 9 74 62 43 83
 40 89 96 22 67 78 26 10 33 9 22 82
 65 74 53 93 92 29 69 19 1 58 53 57
 67 11 64 22 93 54 61 32 64 53 43 65
 48 45 79 74 17 62 27 80 88 79 52 53
 8 24 78 86 81 12 44 60 94 18 96 43
 15 61 64 49 76 4 9 50 28 34 70 66
 89 98 90 50 19 20 61 49 2 74 82 74
 88 12 94 17 5 5 19 89 12 34 37 26
 18 63 8 61 41 50 70 38 71 13 16 46
 53 60 87 5 8 67 34 96 60 24 90 87
 74 86 39 11 62 38 3 2 39 63 71 91
 19 34 91 16 68 65 8 89 39 99 56 100
 76 28 23 10 83 81 37 44 60 71 53 30
 6 20 93 65 73 15 64 7 33 79 10 32
 81 46 28 9 45 83 20 13 70 85 14 92
 10 61 92 81 7 87 71 28 48 30 23 40
 99 87 98 52 14 54 10 68 9 77 85 41
 70 55 47 31 75 20 11 47 21 50 85 4
 72 95 29 29 55 9 73 72 99 35 58 1
 56 90 10 96 30 40 95 65 96 63 92 13
 53 96 83 7 85 60 84 40 67 84 24 97
 59 50 22 21 89 18 28 62 20 88 57 13
 79 11 16 34 41 41 96 73 41 78 79 57
 67 39 79 84 97 76 58 37 14 48 97 50
 31 73 86 4 56 3 47 40 56 49 7 59
 32 11 16 28 29 66 10 77 2 19 48 100
 97 59 90 48 83 79 42 79 26 35 2 59
 88 47 34 44 87 99 64 99 8 88 21 8
 96 12 6 84 89 2 14 21 81 8 74 22
 12 78 74 19 68 78 52 75 62 47 89 28
 3 11 29 66 7 90 1 34 2 27 42 40
 69 45 85 21 81 57 39 95 4 29 67 99
 32 57 48 49 23 59 63 83 84 55 27 69
 74 67 52 24 14 47 37 44 8 66 20 100
 11 52 30 84 48 66 29 48 24 27 77 47
 97 17 75 42 4 38 29 17 38 29 41 72
 33 60 17 92 70 47 74 36 98 46 56 4
 36 3 10 1 71 97 19 65 56 68 74 23
 7 74 61 61 48 41 34 56 70 80 42 23
 53 39 22 35 55 77 71 70 47 33 38 38
 63 48 65 7 33 38 57 96 2 1 90 24
 1 5 62 49 97 10 74 39 36 50 31 79
 18 63 85 49 15 16 32 41 67 70 13 36
 37 100 22 56 27 11 99 61 35 95 40 17
 25 38 21 95 67 52 82 47 66 30 8 79
 62 59 93 88 4 71 95 59 67 97 66 50
 14 89 53 66 62 20 36 78 80 12 22 2
 52 17 36 83 88 85 40 28 85 87 55 8
 17 64 19 75 73 65 95 39 35 66 34 70
 78 1 74 84 66 82 5 33 94 29 77 13
 73 27 69 59 70 92 80 85 60 85 40 42
 16 90 36 84 34 88 40 69 93 20 14 65
 27 46 63 55 67 13 81 68 19 2 17 12
 62 76 51 21 19 2 59 12 50 66 59 12
 95 6 30 92 16 9 48 51 2 78 62 19
 12 71 91 39 79 62 10 54 18 80 95 99
 86 53 59 52 99 6 45 87 50 91 79 60
 22 10 98 5 27 28 7 1 37 61 100 92
 2 81 60 97 54 67 34 62 31 96 80 92
 28 6 40 29 8 71 63 64 11 79 32 2
 49 85 1 46 29 74 27 22 53 93 99 39
 95 29 2 85 46 49 2 29 73 92 32 44
 1 57 41 28 84 8 50 40 62 51 9 64
 55 91 47 42 57 8 43 65 36 73 42 78
 9 12 9 54 84 5 31 90 80 80 67 53
 67 70 65 30 87 90 98 11 14 29 98 42
 60 56 18 3 67 54 72 9 2 100 20 25
 65 4 21 66 77 23 91 70 43 48 91 77
 5 26 17 39 69 87 74 17 43 71 83 30
 41 49 19 21 17 46 22 82 54 34 51 44
 13 96 28 89 100 77 18 54 52 57 54 16
 50 53 55 46 18 12 90 91 55 14 46 26
 33 84 88 3 5 74 20 30 56 74 88 59
 16 73 78 40 57 97 33 66 39 64 86 15
 16 12 50 39 44 53 68 27 22 94 6 28
 20 23 19 78 48 27 29 83 19 54 3 96
 42 18 33 80 4 16 65 74 2 94 27 58
 34 26 23 11 59 98 81 97 43 81 21 13
 31 58 3 29 83 44 47 73 78 3 2 83
 3 59 100 66 23 10 55 7 97 68 71 54
 27 43 79 93 91 84 88 57 45 57 92 89
 77 52 81 7 85 40 46 41 45 78 3 69
 73 11 37 36 39 99 93 96 4 48 8 20
 77 23 50 44 58 41 91 97 43 43 69 17
 40 31 75 10 23 70 43 55 16 42 36 27
 21 96 88 61 62 60 34 63 10 94 55 74
 55 1 54 16 83 38 51 52 27 10 81 21
 833 415 84 968 865 129 1065 524 830 631 1152 64 308 774 448 1195 44 406 366 1095 26 501 2 787 209 223 512 521 282 790 108 950 630 515 91 768 125 666 225 754 1162 741 772 502 701 389 359 121 125 1052 659 1133 868 347 292 162 1007 759 373 1118 601 719 1179 229 1129 516 847 187 884 174 816 801 536 70 632 978 475 176 907 752 1040 500 312 208 312 554 107 983 714 863 1119 52 824 1014 198 949 87 442 738 16 226 762 1157 32 916 529 1152 13 1088 574 149 55 787 478 23 418 272 1045 255 384 650 881 741 152 1004 580 1129 1033 448 474 197 428 533 567 561 456 340 43 321 322 162 604 183 836 696 541 251 867 539 1082 780 138 24 1097 867 646 435 237 411 734 338 1110 73 395 519 1058 965 269 481 306 907 944 438 200