6 179
 15 22 10 2 7 42
 75 63 12 14 18 79
 41 72 73 32 87 22
 38 49 67 5 94 72
 84 15 41 42 15 80
 62 17 35 23 52 77
 64 21 75 8 99 36
 28 32 60 100 77 83
 12 29 64 80 59 13
 36 76 71 6 87 61
 57 79 93 93 14 69
 40 26 62 56 16 91
 76 88 75 53 74 55
 83 65 26 17 5 33
 97 34 32 20 98 69
 65 16 32 3 37 92
 13 74 69 15 91 14
 4 31 95 9 80 61
 1 17 94 27 26 84
 13 66 49 85 96 83
 5 86 23 36 80 85
 13 67 2 100 12 40
 43 100 97 50 70 44
 19 58 97 82 38 77
 46 12 81 100 92 81
 45 57 98 91 69 95
 19 89 64 43 37 87
 94 64 49 33 4 100
 28 8 84 49 38 52
 91 85 42 40 64 52
 64 67 52 88 25 67
 82 97 60 85 17 43
 87 64 66 63 22 39
 82 86 89 28 7 13
 92 13 65 2 81 84
 29 14 83 90 40 64
 58 39 20 6 23 15
 15 39 94 65 51 54
 44 88 61 15 19 92
 14 2 87 60 68 29
 49 26 49 57 2 53
 8 66 62 65 48 55
 6 69 74 63 85 97
 25 68 55 36 39 66
 45 47 21 79 69 53
 34 89 90 51 56 60
 15 100 96 88 31 92
 89 4 59 89 2 63
 79 35 41 21 27 34
 54 24 39 59 77 78
 18 31 4 60 6 48
 78 74 43 99 28 6
 36 13 69 42 91 27
 6 15 80 97 90 24
 94 12 86 39 56 70
 46 97 20 56 2 74
 71 22 36 99 4 33
 68 78 9 73 75 4
 99 93 63 13 47 26
 13 63 93 60 28 78
 79 7 55 23 56 83
 7 35 73 15 22 16
 49 100 62 16 79 39
 34 39 75 41 3 13
 38 85 62 96 26 90
 41 99 40 87 68 79
 83 40 20 48 72 64
 59 41 86 72 29 74
 85 76 74 35 68 49
 76 53 48 24 1 75
 59 90 85 60 22 84
 93 24 96 61 60 7
 63 50 97 11 100 31
 58 43 22 84 55 14
 99 74 9 30 68 25
 85 84 88 30 36 2
 67 54 50 97 6 76
 84 51 98 56 17 96
 53 61 24 50 52 62
 5 30 4 100 41 87
 85 69 88 55 70 6
 64 10 50 34 59 1
 94 48 13 74 53 96
 39 60 42 93 1 69
 20 62 88 75 97 81
 93 4 73 2 14 1
 89 25 82 94 99 87
 63 70 73 4 58 99
 100 78 22 9 98 5
 61 68 45 78 32 67
 13 43 60 64 52 45
 11 80 9 56 8 46
 13 82 44 76 66 82
 31 61 37 16 84 52
 20 31 43 46 82 4
 31 29 27 49 86 70
 60 46 93 79 86 61
 88 84 99 41 34 5
 31 69 51 39 76 95
 84 44 65 23 11 74
 39 75 68 48 24 66
 9 38 48 20 48 87
 60 22 78 28 73 19
 24 99 38 83 51 32
 21 49 12 20 26 41
 72 58 84 92 13 73
 2 58 33 51 31 6
 13 76 8 62 22 21
 53 64 91 24 42 51
 70 48 33 18 32 62
 5 22 50 70 18 50
 69 34 25 100 61 96
 86 83 87 13 9 48
 89 5 12 55 96 43
 85 16 48 29 91 84
 8 19 83 16 7 21
 50 73 17 97 62 15
 94 98 26 36 17 69
 54 69 11 46 14 35
 83 13 24 52 13 66
 89 24 53 37 27 99
 15 88 50 40 74 44
 58 75 87 49 2 81
 100 77 74 85 91 97
 46 99 21 21 53 18
 21 80 12 23 20 17
 95 50 73 97 11 94
 77 43 76 36 13 56
 85 1 96 76 96 36
 42 60 52 6 9 79
 41 83 7 47 90 30
 55 33 5 13 26 98
 28 81 82 100 93 24
 53 51 5 68 8 22
 20 74 76 20 99 94
 47 100 54 82 79 70
 54 11 66 42 16 44
 30 59 74 92 59 93
 1 11 96 5 96 51
 66 13 48 13 50 68
 53 98 30 16 87 33
 98 46 28 1 25 34
 41 92 84 2 54 85
 40 63 59 21 92 61
 21 22 34 75 93 79
 79 67 28 68 59 86
 80 9 69 75 86 75
 25 16 79 56 64 54
 43 52 51 27 93 14
 19 90 38 94 11 52
 10 17 7 78 67 34
 48 96 95 75 42 81
 80 73 97 44 54 29
 52 28 85 71 5 27
 46 53 48 99 60 89
 90 17 74 49 57 2
 83 5 52 23 27 7
 46 93 37 86 90 89
 91 97 7 45 34 88
 66 23 54 56 17 98
 61 46 29 94 2 72
 96 100 58 63 100 16
 49 10 70 22 39 90
 40 7 1 18 44 79
 73 92 30 53 41 39
 47 53 81 43 12 93
 99 95 14 77 65 63
 41 6 57 61 27 62
 67 19 98 41 40 44
 99 28 15 1 24 85
 91 86 48 24 87 41
 92 95 46 32 56 57
 100 95 51 43 75 36
 17 44 52 56 63 96
 6 85 22 60 19 67
 69 62 89 78 16 25
 54 56 1 36 5 7
 45 36 17 52 57 39
 67 82 78 66 7 22
 97 58 56 24 13 35
 38 156 180 492 460 181 172 435 246 56 263 402 25 148 180 408 238 421 450 230 497 93 416 238 225 324 593 482 461 562 536 21 126 542 338 32 434 115 69 389 43 410 405 586 469 123 30 483 387 321 26 5 91 43 229 501 282 429 52 358 125 433 112 469 386 524 246 394 251 30 500 398 598 428 419 562 229 400 497 311 408 274 154 32 79 92 239 290 364 308 457 205 450 593 210 449 524 202 189 75 419 181 152 36 540 74 273 157 278 464 288 370 576 277 160 238 189 267 241 371 343 549 123 326 434 338 210 155 563 56 556 348 457 134 42 92 250 100 9 441 377 582 115 455 329 242 181 371 18 266 51 316 26 162 470 165 359 320 9 133 400 534 456 263 545 411 569 297 235 97 478 449 243 106 100 137 208 382 205