10 91
 16 7 17 4 16 1 5 15 16 5
 15 20 5 15 4 5 13 2 11 5
 7 11 2 3 7 4 19 15 6 5
 14 6 4 6 10 20 5 16 13 15
 10 12 10 8 8 18 7 17 20 2
 3 6 9 17 10 18 8 17 6 5
 7 6 7 19 10 20 6 2 5 16
 18 13 18 6 4 20 9 10 6 8
 11 14 5 13 9 5 20 11 9 8
 10 11 20 18 4 1 8 12 15 4
 17 1 7 1 1 7 1 13 16 20
 20 6 5 10 1 4 16 16 15 20
 1 8 9 14 2 15 19 12 15 6
 11 9 10 2 4 16 12 7 2 1
 14 2 13 18 18 1 16 8 10 20
 15 10 13 12 7 20 9 5 10 4
 19 19 10 3 11 16 20 19 18 17
 10 4 18 7 6 8 8 4 17 18
 12 16 4 17 12 8 4 3 3 19
 14 1 4 5 16 9 20 1 11 19
 9 11 3 18 9 13 15 3 11 12
 15 4 5 11 5 18 20 20 10 1
 2 2 19 6 20 15 17 14 1 6
 16 13 17 10 18 10 19 10 17 8
 15 1 8 8 9 7 4 8 5 12
 20 11 7 4 19 3 16 18 10 15
 9 13 7 6 20 7 2 18 10 6
 9 4 4 11 7 7 7 3 6 19
 12 11 9 19 14 18 3 1 19 11
 12 19 4 20 9 9 13 14 18 14
 6 14 12 11 18 17 10 12 10 6
 20 4 15 4 13 15 9 13 19 16
 11 8 8 15 7 3 7 10 4 14
 20 13 8 15 7 18 6 16 5 9
 5 12 18 9 11 16 15 15 16 15
 9 8 11 4 5 4 20 18 16 10
 8 15 1 12 7 4 14 4 9 8
 19 19 2 9 11 14 18 6 9 4
 1 3 10 2 18 15 13 2 18 14
 11 16 3 20 1 2 8 16 19 9
 14 13 4 11 1 4 15 19 1 16
 11 15 16 5 4 13 14 10 1 6
 12 13 18 13 10 17 9 15 7 15
 6 5 20 2 4 10 15 10 5 19
 11 14 11 9 2 19 6 20 1 6
 14 9 10 17 18 20 4 1 6 14
 13 14 19 8 12 12 18 3 8 7
 17 1 5 13 9 1 2 11 15 20
 18 4 5 9 2 1 4 9 10 18
 2 2 17 7 1 10 10 16 3 10
 3 13 3 18 1 15 18 3 1 18
 11 5 4 12 6 19 13 4 11 19
 15 9 19 18 1 11 18 12 10 18
 9 10 5 5 6 11 16 17 20 9
 3 17 8 18 2 19 18 8 9 16
 20 1 4 7 13 20 13 12 8 4
 12 5 16 9 19 13 2 1 17 20
 4 3 9 4 16 13 10 17 6 5
 8 5 14 14 16 16 13 12 19 6
 13 19 15 2 7 11 12 12 3 10
 14 9 7 1 20 16 17 9 6 4
 2 20 19 11 9 18 14 15 13 16
 13 1 10 8 10 3 9 10 9 8
 8 11 14 11 7 20 15 3 12 12
 2 19 8 2 11 3 3 2 5 17
 6 4 15 20 8 10 19 13 8 20
 14 18 16 7 7 11 3 2 9 13
 9 1 2 8 8 18 15 4 3 19
 10 11 11 1 9 17 15 5 6 2
 11 8 15 15 12 5 3 4 3 5
 1 6 4 1 10 14 14 3 8 20
 1 6 19 10 11 9 17 12 19 15
 13 14 20 5 10 1 15 19 10 16
 4 16 15 8 1 1 2 19 10 4
 6 15 15 17 1 1 3 1 14 10
 3 4 18 9 12 15 14 1 1 7
 3 17 10 16 11 18 20 14 3 19
 9 6 4 2 13 13 6 18 6 14
 15 15 9 8 20 12 4 7 13 18
 6 8 17 8 4 8 20 1 5 8
 7 7 1 19 8 4 20 12 8 8
 20 11 11 19 14 5 17 8 10 3
 12 2 17 4 15 2 9 13 13 10
 5 2 15 2 2 2 9 14 4 1
 1 18 11 6 19 7 13 8 3 12
 20 19 14 2 9 2 18 1 8 11
 8 18 1 7 17 2 11 6 8 20
 15 5 15 16 2 9 7 15 15 10
 12 18 7 16 10 1 7 6 14 12
 16 7 11 15 14 14 9 15 5 7
 13 4 14 13 19 8 20 15 7 11
 20 14 18 13 17 16 13 11 20 13
 28 44 185 72 192 61 108 148 184 119 45 49 58 96 17 82 184 152 171 147 133 65 129 129 188 175 194 130 36 82 40 45 110 108 72 14 195 131 186 36 172 31 59 125 191 72 169 60 54 90 113 72 176 157 192 78 193 115 102 110 142 23 128 142 50 160 171 30 133 172 143 173 59 20 119 57 76 56 101 54 129 14 48 199 73 47 162 64 177 195 200