8 200
 64 53 72 24 64 51 93 26
 17 49 69 28 7 99 94 3
 92 65 14 11 37 39 29 13
 36 16 20 89 87 28 2 94
 75 80 51 56 22 45 13 85
 42 55 28 63 97 52 56 33
 78 53 86 11 31 96 84 32
 69 96 18 56 54 63 21 76
 65 82 60 6 34 71 64 12
 39 89 24 43 96 92 97 6
 83 76 50 17 87 39 84 11
 57 94 16 63 46 94 14 43
 43 21 69 81 96 48 92 17
 50 28 7 53 16 81 79 35
 80 50 97 33 61 33 96 2
 43 74 39 13 23 51 79 44
 69 54 39 68 44 56 70 96
 88 95 76 30 54 34 37 49
 14 13 50 46 60 24 73 56
 51 39 11 69 3 53 55 78
 86 87 17 4 13 71 85 52
 18 83 8 93 57 93 12 18
 94 47 54 26 28 77 60 58
 35 19 42 47 39 38 12 16
 41 31 55 79 92 76 90 95
 3 78 36 43 60 94 19 20
 48 99 37 17 37 3 13 73
 29 96 67 98 65 26 61 19
 55 82 16 41 18 100 37 65
 33 99 71 58 54 31 2 39
 77 22 30 19 95 23 81 97
 19 55 72 65 14 46 68 50
 89 86 73 83 78 35 27 41
 25 80 19 82 17 12 39 43
 92 19 21 28 25 82 56 53
 31 83 21 97 19 52 44 47
 15 26 73 89 11 79 79 82
 4 3 5 10 10 93 37 65
 62 26 29 61 86 82 16 31
 68 5 48 72 10 11 88 70
 75 50 75 29 17 46 42 75
 41 69 18 83 88 48 6 95
 42 92 58 53 17 71 39 73
 30 67 44 29 60 40 49 22
 56 9 28 9 98 96 95 54
 100 59 94 54 85 93 30 40
 30 49 29 5 86 30 54 32
 53 99 38 71 31 4 58 84
 42 82 19 20 45 10 33 43
 72 55 97 74 67 61 24 4
 22 14 11 36 51 94 36 72
 45 34 60 43 53 56 79 44
 18 6 86 92 12 62 42 29
 94 38 35 75 64 20 57 16
 20 67 22 3 43 11 82 75
 72 62 69 13 92 96 72 74
 79 15 24 2 71 70 20 35
 2 38 41 44 93 94 55 74
 75 6 39 73 54 11 13 7
 15 26 22 44 25 68 72 44
 19 13 83 44 75 70 64 26
 65 51 77 69 36 32 27 74
 17 63 89 18 24 76 48 20
 59 50 66 80 76 100 18 92
 93 100 41 57 34 74 23 99
 30 64 83 73 10 39 91 24
 69 12 8 59 91 61 33 65
 34 5 81 10 42 90 86 68
 24 44 27 57 41 23 35 18
 7 48 100 52 5 38 82 57
 30 43 50 71 99 1 25 57
 32 75 49 96 47 47 33 22
 3 74 22 96 33 14 54 25
 93 40 80 9 40 11 54 41
 80 35 75 19 94 73 31 58
 99 2 68 41 12 54 98 96
 8 12 52 3 41 46 93 42
 99 33 42 13 6 14 24 69
 54 78 52 2 16 79 53 67
 32 8 48 27 48 79 30 26
 53 72 89 62 82 64 61 32
 46 49 52 44 34 19 70 29
 16 34 55 88 74 94 83 34
 100 23 93 26 38 4 77 66
 7 24 41 3 19 2 47 24
 87 84 13 49 3 61 20 78
 44 22 12 35 12 57 8 28
 34 50 60 69 60 4 30 50
 49 19 27 43 76 30 73 95
 42 6 79 47 42 27 23 43
 76 75 22 33 17 34 2 42
 12 85 34 39 32 12 7 78
 39 59 43 38 36 94 34 52
 82 61 97 58 78 30 99 26
 93 64 3 14 97 84 87 13
 53 37 84 39 95 40 12 75
 16 78 77 32 74 66 73 40
 75 89 51 66 11 11 70 59
 20 82 74 27 44 49 60 43
 4 90 28 57 12 68 46 4
 20 71 69 30 9 52 85 35
 55 43 13 99 72 75 31 40
 47 80 10 90 44 35 52 17
 15 89 17 78 79 80 39 58
 54 4 35 73 4 94 11 28
 42 67 82 11 74 57 64 71
 55 11 18 94 48 49 90 10
 61 41 70 99 49 77 66 17
 63 93 72 51 14 5 88 32
 53 11 36 42 59 65 94 72
 40 22 32 43 8 73 30 76
 86 27 65 56 12 97 23 35
 15 76 72 78 7 5 33 30
 90 59 46 39 15 68 58 24
 33 59 26 64 56 86 53 19
 45 7 30 57 74 26 38 94
 88 12 42 63 53 82 77 53
 39 97 46 49 57 59 44 75
 66 12 27 14 81 4 78 26
 67 20 95 84 99 15 23 73
 30 21 50 91 14 80 44 80
 46 62 37 80 70 58 99 10
 57 90 95 100 90 40 96 48
 90 17 18 75 30 76 23 18
 52 72 35 20 11 94 10 52
 67 24 77 29 57 100 58 41
 31 6 73 26 28 1 82 27
 55 39 100 88 66 67 54 56
 36 40 7 39 91 8 73 9
 74 45 37 75 68 6 72 90
 30 58 43 52 55 70 30 20
 44 33 23 49 7 11 32 99
 83 77 29 80 76 33 69 77
 51 7 90 81 60 75 42 56
 27 23 93 50 31 48 44 63
 40 70 11 30 87 42 19 29
 63 18 21 51 47 92 64 27
 80 46 75 27 66 23 23 73
 11 42 82 90 52 54 7 5
 10 31 60 66 19 87 98 46
 85 1 52 18 66 77 66 3
 19 43 18 95 47 60 50 32
 16 1 79 65 52 51 70 97
 54 20 23 22 78 77 17 98
 45 90 23 87 53 25 53 2
 30 66 82 83 86 74 13 35
 8 29 53 38 11 63 77 97
 66 92 22 35 58 58 10 93
 57 2 33 55 95 17 86 10
 59 30 95 82 47 46 64 57
 52 68 25 49 46 93 11 47
 78 23 72 90 41 70 42 30
 65 58 81 5 17 4 53 81
 38 48 24 24 60 89 98 75
 7 75 6 74 15 32 77 9
 74 96 79 5 39 80 78 7
 35 56 49 11 62 52 84 1
 13 68 63 49 85 49 8 84
 49 3 78 74 32 87 35 34
 90 30 99 46 47 97 22 50
 20 57 100 80 29 59 41 33
 50 37 7 42 87 99 9 57
 68 61 85 45 62 79 96 21
 84 7 17 28 72 42 82 93
 82 4 16 80 24 38 63 20
 3 29 10 52 26 59 70 92
 100 3 79 84 56 50 4 26
 43 76 78 56 75 14 7 1
 21 93 100 20 24 21 85 76
 33 64 59 66 91 23 83 35
 55 22 9 67 82 60 24 8
 99 69 78 92 34 69 63 14
 20 50 16 62 29 47 40 60
 88 88 3 46 52 30 36 9
 4 86 20 1 22 18 43 37
 22 69 96 74 4 62 26 10
 17 18 62 9 37 92 15 44
 75 100 31 99 28 91 64 29
 8 37 47 26 5 77 83 97
 99 36 36 58 57 86 46 11
 78 99 44 100 100 18 32 67
 80 36 32 7 49 36 64 17
 34 26 97 75 45 60 39 60
 25 21 80 13 23 12 67 95
 30 55 65 49 41 85 73 97
 54 22 84 80 58 43 2 59
 58 95 26 31 91 33 69 20
 10 85 54 24 34 63 31 75
 40 53 26 38 3 20 78 44
 61 77 62 61 31 71 69 95
 18 98 52 78 8 87 90 25
 17 57 1 21 66 26 18 22
 68 88 38 10 70 29 64 15
 56 43 60 58 77 84 41 67
 90 34 83 80 10 12 76 44
 10 73 90 79 29 36 18 91
 18 38 24 59 25 33 6 53
 60 7 38 1 21 57 2 62
 25 15 28 66 22 49 7 99
 81 11 60 71 66 32 72 99
 14 2 45 97 74 85 21 78
 264 778 185 759 30 516 321 778 243 714 530 553 690 595 230 464 77 92 692 80 502 516 101 700 728 310 314 628 370 300 115 223 89 328 381 111 470 266 707 512 254 156 251 334 282 627 275 741 789 102 427 455 382 642 190 200 229 320 43 287 71 635 358 348 789 749 16 459 394 401 774 423 391 196 355 644 214 204 736 309 168 470 591 563 787 644 759 117 689 629 71 174 140 239 276 141 14 193 87 300 424 179 733 407 371 620 503 185 405 639 145 345 625 155 244 370 455 454 433 622 286 329 399 3 514 322 491 110 240 448 336 558 105 434 147 628 777 614 305 378 653 89 797 643 522 314 579 588 30 191 303 137 301 765 765 422 402 551 772 202 219 761 433 46 641 694 327 576 736 655 641 389 243 20 131 602 692 401 318 789 701 726 318 384 99 335 710 201 571 206 588 194 588 675 411 242 635 644 716 349