7 188
 94 21 87 84 30 25 93
 57 3 67 57 37 15 44
 20 78 52 49 13 24 78
 60 2 85 36 40 40 9
 66 76 79 10 55 44 48
 71 94 39 10 62 45 59
 62 73 32 56 90 76 63
 65 48 91 56 60 96 4
 11 55 72 49 1 60 27
 10 36 9 10 48 59 32
 32 21 86 60 89 74 19
 21 91 60 93 73 92 12
 86 86 25 63 10 93 20
 84 31 83 3 68 23 54
 18 91 82 68 68 55 71
 16 14 12 54 99 40 89
 96 45 81 46 29 67 64
 55 97 10 82 3 67 22
 67 51 47 83 47 32 94
 51 50 100 54 91 91 1
 24 62 15 69 41 49 11
 5 58 63 18 33 60 73
 21 52 97 75 15 34 11
 94 22 52 91 53 22 21
 18 78 31 15 23 19 71
 61 50 6 3 14 65 49
 49 52 81 81 59 16 67
 33 75 24 13 72 58 4
 15 75 9 46 15 53 35
 3 27 23 12 43 15 34
 23 47 31 75 91 21 50
 81 62 28 97 90 66 85
 6 5 70 70 75 43 15
 18 47 75 64 19 60 65
 70 93 44 45 92 57 45
 27 66 15 38 73 80 9
 37 8 2 80 64 76 34
 83 46 82 14 94 42 73
 63 68 56 95 1 68 17
 16 63 54 84 61 50 64
 69 20 62 1 72 17 75
 39 97 49 21 77 73 48
 8 5 34 71 52 55 94
 10 86 74 81 16 43 99
 17 66 82 74 57 16 44
 40 3 95 68 73 13 75
 87 58 72 39 10 77 78
 99 75 92 73 2 35 95
 74 23 68 75 10 45 59
 55 93 53 72 70 44 55
 78 93 69 46 96 68 55
 8 72 74 95 42 61 74
 15 19 53 83 6 45 27
 53 35 69 45 23 51 74
 62 67 52 25 21 4 88
 90 99 5 6 50 3 97
 75 55 81 37 84 46 92
 73 89 38 13 69 51 70
 60 83 8 24 21 17 29
 10 53 80 94 25 43 62
 55 53 6 28 35 66 38
 64 94 76 64 16 88 63
 54 18 54 57 44 30 71
 34 25 92 52 89 85 46
 26 45 4 17 74 34 45
 19 98 18 43 26 48 7
 2 61 10 30 37 62 29
 11 23 14 42 20 23 21
 46 63 99 82 64 24 93
 86 26 97 85 91 15 70
 29 45 85 8 85 32 88
 74 22 32 52 44 33 91
 64 72 72 85 7 87 63
 22 42 63 26 76 29 99
 57 29 27 69 100 73 99
 63 31 12 20 46 85 1
 94 2 69 68 69 11 79
 48 97 49 11 82 36 21
 21 73 41 100 31 75 91
 75 77 35 25 56 70 53
 100 54 93 20 47 68 53
 33 44 87 4 99 18 18
 58 21 41 61 86 57 74
 35 70 52 77 40 99 94
 91 18 49 70 24 62 3
 94 38 60 40 70 69 62
 96 29 3 88 71 78 93
 54 30 26 48 9 68 7
 18 7 92 9 49 60 1
 66 66 51 24 5 5 90
 1 20 15 48 65 46 49
 49 78 39 80 63 32 1
 61 7 97 20 70 82 86
 32 58 33 33 8 49 18
 83 56 23 94 49 90 3
 65 60 74 2 85 96 56
 60 64 59 42 27 70 71
 23 24 64 26 98 64 64
 8 40 82 91 81 32 2
 13 91 29 92 56 48 86
 86 36 93 97 72 56 56
 51 7 70 79 53 48 23
 22 81 85 53 91 27 10
 47 100 27 57 88 100 83
 81 63 20 1 35 83 35
 13 57 64 92 98 89 12
 37 7 4 32 44 63 59
 32 17 2 77 85 35 27
 60 21 96 99 29 54 31
 11 61 9 66 33 29 89
 9 68 1 70 10 3 96
 47 47 5 79 20 92 19
 77 81 64 28 70 30 61
 89 24 17 32 76 7 55
 51 43 73 11 41 36 8
 24 23 1 89 96 60 52
 11 12 44 74 34 53 34
 58 35 10 2 97 60 73
 62 55 19 18 51 51 18
 69 58 91 88 33 17 9
 66 71 30 89 80 53 64
 59 60 47 1 55 82 33
 22 55 95 67 37 67 68
 23 95 72 64 70 46 17
 86 76 62 95 92 52 46
 39 79 51 18 83 38 47
 73 49 81 72 19 58 69
 41 40 38 9 52 30 16
 20 48 43 58 37 49 11
 13 92 93 99 45 92 56
 57 69 84 36 71 61 8
 88 28 78 60 17 41 59
 88 57 77 61 44 50 35
 56 4 74 69 32 69 69
 16 89 47 60 21 90 88
 99 84 36 13 54 93 75
 20 9 55 15 16 88 43
 51 87 49 40 11 3 73
 24 36 76 87 82 47 12
 2 42 81 40 58 53 27
 20 41 31 86 35 15 88
 52 32 94 93 86 95 1
 25 99 27 50 29 7 32
 88 39 42 75 60 10 55
 36 65 86 32 25 35 61
 80 40 5 1 43 23 26
 61 66 67 17 31 62 2
 79 65 40 75 50 67 50
 11 58 69 41 7 90 31
 41 23 84 56 96 24 74
 46 63 90 28 44 62 25
 8 96 80 42 19 47 71
 22 73 29 80 28 59 29
 24 71 79 81 81 25 43
 100 99 28 40 58 40 68
 40 4 68 43 83 57 82
 20 12 87 28 17 24 32
 9 68 77 67 57 70 73
 52 7 57 36 98 9 15
 53 62 71 57 78 68 59
 58 85 58 33 86 12 66
 42 1 78 3 52 13 7
 99 21 60 7 68 49 36
 67 29 76 5 86 73 66
 37 79 19 96 33 18 63
 57 52 86 55 95 53 63
 83 59 30 82 85 62 8
 21 35 26 86 33 26 49
 36 53 95 42 33 3 17
 1 2 41 12 85 53 31
 37 42 100 31 22 59 68
 35 87 98 59 70 15 77
 32 21 66 13 69 2 34
 69 95 47 50 71 37 94
 14 93 94 47 94 18 41
 29 95 30 11 80 100 13
 60 4 80 36 51 60 80
 45 40 95 18 53 64 93
 47 87 64 51 92 76 24
 20 78 87 46 70 62 95
 2 100 57 34 33 75 59
 95 1 75 46 91 65 31
 42 34 98 21 19 8 70
 58 78 82 81 10 8 79
 9 81 35 39 9 71 96
 54 39 97 94 25 82 94
 23 92 32 29 58 10 53
 13 99 100 88 26 76 22
 17 65 89 35 91 95 86
 370 15 632 43 431 344 356 335 437 255 252 66 374 150 28 63 205 529 180 666 624 22 394 498 88 558 248 583 371 264 22 254 294 628 368 83 526 583 627 581 386 588 488 206 372 302 643 200 691 115 34 482 170 231 349 267 273 301 191 105 160 318 68 674 430 219 251 626 457 227 320 474 385 53 516 367 685 469 602 659 327 316 658 431 521 406 212 569 613 106 184 79 698 681 100 576 562 469 402 300 372 425 91 665 565 63 265 473 146 246 35 277 348 545 99 1 313 615 617 101 379 420 70 543 95 531 349 384 260 558 552 634 117 693 426 415 630 314 11 248 399 155 649 624 450 298 39 310 500 309 499 373 529 360 691 283 326 43 236 612 330 156 77 96 325 267 421 261 29 266 455 489 34 208 347 64 308 546 267 461 548 416 635 313 496 426 226 604