8 148
 7 48 85 71 9 100 24 49
 91 76 22 63 39 19 96 8
 81 85 9 51 96 1 14 21
 66 66 49 84 62 52 64 43
 94 18 21 96 20 16 32 40
 17 52 54 46 43 8 78 77
 1 12 79 42 94 87 79 39
 94 68 1 82 98 95 11 4
 86 77 15 71 82 84 68 68
 12 4 19 28 96 83 58 88
 67 91 23 12 51 51 76 100
 93 46 65 69 82 86 66 23
 31 94 27 63 37 62 43 9
 37 32 29 24 61 92 97 42
 93 65 23 52 33 65 62 94
 54 40 5 98 72 40 79 72
 10 91 85 22 64 88 1 94
 21 73 8 70 56 48 98 26
 11 40 67 61 2 3 41 94
 38 96 96 41 100 96 82 82
 88 22 68 87 54 80 66 77
 75 39 50 100 39 87 100 9
 27 59 79 10 8 74 29 99
 69 4 1 28 15 47 45 23
 100 59 64 16 37 23 56 47
 50 8 53 67 59 33 45 7
 23 30 72 72 22 29 72 49
 17 41 77 65 12 86 10 91
 67 21 79 13 45 36 53 70
 66 36 14 85 48 64 25 12
 55 92 46 12 78 29 43 9
 18 20 17 62 32 64 45 44
 65 43 18 68 24 19 77 32
 73 39 7 31 68 66 20 2
 87 17 38 54 71 92 83 61
 92 22 46 92 49 36 41 94
 85 59 83 15 81 88 69 25
 96 59 47 62 88 19 83 1
 89 32 1 16 31 45 28 67
 95 94 94 24 83 24 67 85
 20 19 65 80 84 12 27 82
 44 67 34 28 25 69 85 66
 6 27 83 52 44 71 41 23
 74 64 89 64 49 52 71 90
 33 60 78 39 94 5 28 62
 30 67 48 9 79 47 79 1
 91 45 40 27 17 21 65 80
 82 54 24 10 100 76 30 82
 78 65 13 93 1 3 9 5
 45 14 99 80 6 86 44 59
 49 71 20 25 31 61 9 55
 47 13 87 80 81 23 8 2
 47 54 13 88 70 80 75 12
 68 65 48 93 77 52 27 67
 55 74 26 9 80 68 57 36
 73 40 76 32 98 22 44 73
 91 33 50 76 29 53 46 77
 49 33 71 96 38 27 50 49
 83 33 98 31 42 96 3 39
 100 87 90 92 72 39 21 50
 22 65 35 15 79 81 95 91
 43 45 88 95 52 99 79 61
 96 26 23 23 29 36 34 28
 83 66 21 66 5 11 10 20
 54 86 42 91 65 99 47 21
 99 18 39 64 65 68 91 89
 64 19 9 86 45 37 64 51
 65 86 17 51 20 13 54 1
 28 43 81 60 7 72 69 73
 52 75 49 35 17 93 99 98
 36 8 58 13 43 23 76 36
 21 79 43 46 62 77 61 99
 20 93 5 49 13 16 2 28
 48 54 32 53 32 32 29 82
 37 71 100 17 77 89 73 50
 52 46 74 86 10 92 49 93
 100 21 49 86 86 8 76 66
 32 82 67 64 51 96 27 10
 15 16 2 26 52 68 98 60
 93 43 6 23 99 8 33 48
 74 46 15 41 95 24 87 95
 24 88 28 95 43 75 96 46
 17 56 34 57 37 26 78 55
 25 52 86 32 4 93 20 60
 73 51 24 30 31 10 88 4
 93 64 25 77 89 23 66 22
 65 83 100 81 4 74 86 70
 59 41 42 31 52 37 45 35
 17 31 32 20 12 9 8 94
 13 86 16 81 73 59 19 1
 31 21 95 8 84 79 83 95
 52 41 53 86 82 77 23 77
 64 81 53 27 58 26 29 29
 35 43 77 87 13 52 82 2
 42 97 62 78 91 88 53 41
 29 45 65 70 68 60 90 27
 74 60 80 50 70 3 92 65
 54 47 75 81 52 54 28 66
 93 6 13 43 60 52 87 66
 60 61 99 63 52 90 22 37
 98 67 29 51 43 98 77 21
 51 78 96 41 21 34 14 43
 75 53 52 76 24 34 71 90
 21 92 94 99 19 49 90 51
 94 19 67 76 22 56 64 18
 30 4 54 32 81 9 17 40
 60 65 48 80 90 85 83 67
 56 88 34 32 47 31 61 97
 57 83 33 77 71 9 1 27
 63 21 4 51 16 61 99 56
 40 20 18 11 76 94 74 27
 93 49 30 5 81 34 40 62
 70 39 17 40 27 44 91 58
 53 58 71 66 78 7 70 37
 29 73 27 51 85 88 81 45
 31 23 33 31 50 26 39 72
 66 81 94 70 25 32 75 72
 100 90 40 71 26 78 21 89
 52 95 55 39 80 50 44 70
 51 64 52 61 5 80 15 64
 32 98 100 13 47 50 11 15
 95 22 95 15 16 20 83 47
 98 31 92 34 76 37 56 3
 85 30 58 24 65 42 47 95
 24 14 19 66 46 30 97 13
 94 70 85 40 96 62 91 56
 44 24 3 62 37 30 75 86
 49 11 100 85 21 40 11 14
 2 23 69 58 20 88 43 14
 41 78 10 23 96 50 80 33
 14 33 59 5 57 17 96 25
 42 43 90 55 15 83 61 51
 46 32 32 80 84 20 79 82
 75 78 44 88 97 16 60 55
 22 82 80 68 99 21 35 45
 44 76 26 96 75 2 11 95
 12 68 80 66 44 23 4 35
 99 64 79 10 89 91 43 1
 91 8 90 17 46 3 78 76
 69 26 24 35 37 76 28 52
 38 41 13 43 92 33 94 57
 59 59 98 48 91 86 50 31
 92 66 13 93 99 95 59 7
 72 47 2 56 20 73 81 79
 44 43 90 19 65 70 32 69
 12 84 33 76 20 11 84 44
 25 85 17 35 92 11 59 63
 73 6 27 99 35 21 98 61
 2 85 54 37 32 25 86 21
 583 448 260 168 277 710 29 441 571 60 132 89 660 740 236 718 10 64 230 489 285 578 323 93 744 543 742 27 106 18 497 270 235 374 501 389 633 254 397 126 737 485 790 79 161 79 379 109 293 284 770 355 120 788 103 372 94 101 130 16 155 196 727 400 669 31 785 467 744 27 214 696 303 559 158 307 419 713 360 613 131 262 480 760 747 408 533 793 149 600 641 134 589 762 411 466 683 425 587 662 420 573 562 171 778 448 642 492 227 195 90 578 668 614 508 146 16 694 511 758 73 691 719 291 196 795 621 1 141 110 597 787 375 629 1 67 423 681 236 724 478 397 287 99 492 158 511 422