6 154
 28 32 82 2 36 74
 5 45 92 67 25 2
 82 40 32 73 69 76
 14 20 10 76 49 50
 41 87 56 84 86 26
 84 88 98 11 14 83
 3 40 15 82 56 17
 97 27 55 87 90 64
 86 26 44 26 1 93
 58 57 1 47 85 90
 7 26 48 11 14 33
 46 58 3 70 67 73
 31 79 91 51 71 5
 37 20 58 62 63 100
 23 61 90 14 59 73
 78 52 9 13 28 3
 19 78 52 45 3 97
 7 69 69 47 90 90
 70 71 95 15 15 5
 20 10 15 85 72 42
 22 89 30 56 54 25
 44 31 55 100 36 24
 60 56 16 84 8 84
 63 28 94 14 73 35
 77 71 69 27 70 59
 68 76 36 21 26 38
 9 68 77 14 65 50
 53 96 73 55 36 59
 33 90 28 32 70 75
 18 20 13 88 69 59
 12 3 84 61 40 77
 71 26 98 21 65 79
 73 26 35 16 8 68
 34 84 83 57 60 31
 83 8 25 79 13 74
 7 6 28 36 44 22
 2 45 20 26 72 19
 31 20 75 6 15 57
 3 63 17 19 23 23
 6 55 84 25 34 3
 27 74 6 1 100 6
 15 17 21 74 64 50
 99 60 18 54 79 86
 76 60 47 71 2 35
 84 64 77 50 9 21
 18 38 70 99 76 50
 67 75 46 49 85 10
 82 1 48 5 75 8
 47 9 24 100 94 97
 69 19 32 32 16 5
 24 14 61 62 54 97
 75 52 48 52 64 24
 87 98 32 24 28 58
 6 85 51 68 45 9
 68 56 97 69 55 78
 49 26 17 37 31 88
 3 49 12 91 93 68
 36 51 32 3 6 79
 53 53 74 67 58 22
 97 72 90 100 10 90
 92 5 16 87 49 31
 96 24 22 85 94 79
 83 32 97 63 27 97
 76 97 40 17 33 27
 89 1 87 2 86 41
 34 56 67 2 11 53
 70 55 32 46 35 75
 83 34 94 88 80 77
 42 75 21 61 35 46
 3 89 16 95 14 70
 97 95 27 68 93 91
 42 49 90 8 90 42
 81 67 98 1 87 19
 25 90 82 55 100 85
 89 29 80 43 52 98
 45 34 80 66 35 1
 14 46 100 88 87 61
 1 47 23 54 54 36
 67 1 17 17 38 71
 12 15 92 71 8 60
 70 57 1 11 40 31
 42 88 8 80 84 42
 13 88 16 94 20 1
 63 76 84 88 22 99
 55 50 64 33 63 31
 8 77 69 2 81 76
 28 4 58 76 44 70
 46 67 81 53 39 24
 26 49 86 75 8 80
 68 27 25 97 49 40
 97 20 27 29 72 83
 63 86 59 1 76 20
 61 78 86 74 31 100
 66 24 86 6 18 54
 87 96 7 31 49 25
 82 43 75 12 36 3
 21 33 45 24 76 57
 65 93 46 23 81 80
 87 7 25 20 75 15
 64 87 38 20 57 92
 68 77 72 53 76 50
 31 82 7 46 8 51
 15 37 64 94 25 74
 44 89 27 15 96 96
 69 4 38 13 5 22
 9 87 69 2 82 97
 40 53 56 99 19 87
 80 64 55 87 83 77
 95 42 69 86 100 33
 95 95 2 14 4 71
 83 17 54 21 20 36
 37 10 90 85 9 87
 49 69 100 3 31 4
 92 27 30 43 53 22
 9 95 61 55 85 64
 49 19 15 33 35 27
 96 48 83 36 80 72
 1 53 89 22 72 31
 72 45 52 87 90 82
 25 16 40 56 4 82
 35 3 49 69 36 66
 13 51 64 40 20 20
 45 73 52 97 40 9
 29 7 75 34 57 28
 94 7 72 1 9 42
 43 57 68 25 73 55
 92 67 20 27 79 95
 12 3 28 39 56 78
 90 45 31 64 5 9
 28 42 47 92 68 46
 85 96 83 80 67 42
 66 10 36 31 64 88
 95 16 11 84 1 66
 47 61 22 100 39 36
 76 45 74 100 42 26
 95 61 21 20 65 58
 63 14 59 100 39 13
 2 85 54 90 45 36
 87 62 64 81 51 85
 74 28 70 10 95 46
 37 18 31 82 18 13
 44 19 70 86 75 67
 67 47 18 55 29 15
 26 39 91 13 36 99
 4 10 19 85 66 45
 90 11 64 93 43 73
 87 75 90 42 47 82
 47 6 87 97 98 84
 64 51 46 31 25 34
 80 21 63 62 30 27
 49 34 74 4 61 83
 59 61 75 11 27 63
 7 8 94 73 93 36
 69 1 84 2 6 8
 50 35 52 64 62 25
 296 547 411 25 78 402 171 518 425 379 134 286 68 99 535 398 506 562 145 153 25 130 80 379 32 84 237 81 180 50 568 106 123 64 153 141 486 546 17 19 35 39 296 407 371 510 108 291 99 439 573 575 99 407 538 356 553 106 435 154 449 364 381 479 193 472 73 74 446 121 301 511 244 190 192 214 325 214 506 343 172 156 544 552 157 549 203 440 537 452 263 526 494 59 70 178 315 150 551 442 197 512 118 41 320 159 383 77 96 338 49 356 488 313 330 411 37 512 285 176 13 546 591 583 199 412 384 389 1 564 506 13 294 421 4 571 341 487 510 49 241 306 137 508 365 70 543 332 330 592 251 372 400 556