9 175
 4 64 92 42 63 1 78 5 78
 46 71 74 16 40 7 63 62 33
 29 30 73 81 98 59 92 80 40
 61 99 46 91 50 46 24 89 40
 2 94 57 8 35 9 3 16 15
 83 50 64 32 20 83 93 13 40
 35 58 29 31 51 8 3 35 75
 30 53 66 94 14 82 90 74 27
 33 5 48 31 100 66 61 83 61
 27 12 86 23 73 60 2 61 58
 45 40 21 44 100 4 48 55 64
 52 54 47 93 58 19 80 20 69
 96 88 25 88 24 80 64 33 2
 57 93 40 8 73 58 48 64 45
 17 61 30 35 42 40 76 25 8
 30 82 62 25 88 93 56 32 36
 30 4 91 67 60 31 1 63 90
 64 89 18 63 68 29 3 15 39
 27 72 35 5 4 20 65 89 10
 52 65 68 80 57 52 33 54 33
 41 33 89 1 5 39 50 87 33
 43 69 25 33 23 62 11 1 90
 89 53 53 78 33 4 42 91 54
 15 16 34 68 95 73 10 87 86
 48 42 66 72 73 31 5 22 68
 19 2 50 99 30 74 41 38 55
 22 19 92 9 41 74 71 27 91
 79 96 47 5 80 16 2 95 46
 71 65 33 89 29 75 30 26 8
 32 27 29 8 6 31 66 39 15
 12 67 69 9 5 55 5 28 21
 19 82 29 70 48 55 45 15 40
 89 56 36 31 61 66 52 3 74
 98 19 8 68 47 1 52 16 32
 73 87 37 68 30 14 91 20 95
 75 49 21 33 67 62 24 99 39
 61 38 62 2 98 77 44 87 45
 34 11 81 9 100 93 81 49 20
 62 32 83 70 38 55 31 43 86
 78 66 12 80 83 89 16 15 11
 46 68 98 57 48 1 39 45 62
 32 54 33 9 11 42 20 99 15
 53 6 82 96 59 93 74 5 17
 65 40 24 93 30 18 79 62 100
 53 34 47 33 59 80 36 94 25
 76 17 92 80 19 53 94 16 44
 81 16 45 35 81 44 13 46 70
 60 20 47 10 98 84 79 67 16
 26 4 85 69 93 1 11 43 93
 7 29 45 69 74 65 13 20 48
 63 13 20 56 42 99 85 67 27
 40 85 64 21 95 96 17 83 80
 77 29 78 46 19 82 52 84 13
 32 13 92 38 50 82 65 48 66
 16 52 46 27 64 90 1 96 10
 55 36 6 50 56 6 100 85 16
 65 61 24 69 31 53 28 31 18
 47 13 46 73 63 56 80 38 5
 59 79 87 10 96 70 17 87 35
 35 49 93 1 53 17 13 73 96
 24 46 21 57 35 13 49 69 59
 18 13 89 51 12 83 53 64 100
 42 7 23 67 52 2 18 82 38
 33 88 72 75 64 89 43 16 27
 10 68 2 79 42 88 95 62 73
 73 72 85 89 71 98 70 22 5
 33 87 31 22 11 84 42 46 14
 77 75 41 10 91 69 29 69 92
 95 49 1 92 93 79 36 64 70
 30 46 19 2 28 22 15 78 25
 12 99 72 40 54 83 45 55 79
 21 35 84 56 32 60 75 58 95
 17 71 5 15 44 87 59 84 97
 25 81 8 28 96 10 42 59 95
 83 49 2 37 31 24 21 93 39
 39 89 82 58 45 22 60 8 56
 43 21 73 80 98 28 39 88 56
 42 16 34 32 99 18 62 26 43
 28 56 75 54 37 99 36 49 25
 73 71 23 24 7 33 59 31 58
 32 64 37 96 2 55 60 31 59
 92 86 37 26 9 85 89 56 38
 24 4 25 92 35 37 85 3 36
 62 26 85 9 73 50 80 38 92
 64 46 83 33 67 56 72 20 32
 37 43 54 24 72 5 56 30 80
 23 56 84 42 43 39 11 94 33
 80 14 1 78 69 15 67 27 54
 49 24 41 56 46 77 31 55 58
 46 81 74 57 40 6 11 98 57
 14 8 49 18 31 98 28 83 55
 90 10 56 58 34 37 3 66 52
 73 84 37 84 63 76 65 93 26
 61 78 11 66 88 58 52 77 15
 91 61 47 7 18 72 46 100 6
 77 67 55 86 7 81 10 53 88
 92 55 53 29 40 53 18 29 69
 41 72 61 38 91 94 39 82 81
 80 41 1 36 82 80 12 51 5
 61 11 68 80 24 14 84 59 35
 24 5 83 14 35 61 97 52 51
 25 6 81 43 90 92 32 74 8
 99 82 68 70 92 28 83 62 94
 34 15 69 53 5 9 80 80 30
 75 68 88 22 24 63 92 61 58
 73 21 71 64 37 7 67 46 95
 92 77 4 17 65 61 72 63 19
 16 14 6 56 10 66 80 40 42
 97 63 85 84 80 52 28 55 99
 31 57 50 95 21 52 96 72 74
 6 72 88 56 28 53 31 82 21
 61 4 18 76 74 84 15 87 97
 9 3 38 72 54 72 16 88 53
 63 30 91 24 68 37 50 1 57
 46 3 62 64 43 26 83 29 80
 28 11 5 16 66 98 41 68 69
 41 30 87 64 46 91 5 15 6
 1 83 82 55 11 82 18 65 7
 51 64 95 50 78 54 11 86 15
 70 82 60 45 23 83 61 30 3
 22 19 41 93 12 72 40 37 4
 22 8 97 59 70 23 41 41 49
 39 76 13 66 100 4 4 60 17
 49 62 88 88 15 68 34 2 97
 63 18 82 87 95 37 22 10 7
 73 93 14 28 63 9 68 34 51
 82 94 48 58 35 95 19 85 7
 65 22 14 9 63 60 9 12 12
 61 9 77 95 65 64 81 73 10
 85 3 32 9 87 60 92 31 81
 15 64 48 3 62 49 32 17 99
 73 71 35 20 90 98 90 73 39
 85 55 99 71 28 16 52 88 50
 42 16 51 15 82 38 72 93 92
 40 55 93 98 75 72 63 93 18
 16 34 39 14 9 52 72 74 57
 92 37 45 9 7 65 30 11 59
 94 68 95 78 9 67 88 11 77
 64 2 21 78 19 16 45 81 34
 20 84 2 17 24 64 26 17 21
 100 90 7 30 12 46 99 77 4
 97 61 25 79 49 39 9 31 24
 47 77 28 86 33 52 43 65 4
 56 28 58 64 65 15 5 81 47
 97 69 58 39 75 20 73 29 45
 20 31 98 37 28 23 87 68 71
 4 79 99 67 58 43 87 18 63
 54 46 13 5 85 30 51 30 73
 14 51 57 92 48 63 73 87 23
 64 3 53 95 21 86 38 17 78
 66 37 19 42 29 79 19 20 57
 24 74 43 95 99 42 60 2 9
 13 71 55 48 39 74 66 71 70
 75 4 28 32 53 47 43 70 80
 4 70 35 82 86 53 9 98 16
 36 51 74 58 85 30 9 57 28
 23 58 23 54 68 18 76 81 45
 42 82 16 30 28 100 41 6 95
 1 66 77 19 83 17 16 43 49
 58 29 35 13 69 69 49 43 74
 31 54 99 92 100 71 98 16 66
 53 36 31 59 38 27 77 31 17
 11 30 26 75 94 14 30 15 38
 28 89 35 46 99 84 58 42 74
 19 58 41 59 84 43 91 38 57
 9 56 23 4 81 92 19 49 74
 49 34 32 28 90 18 52 82 44
 51 91 39 90 39 93 46 1 26
 26 81 70 35 88 68 56 38 37
 66 100 13 78 25 77 37 40 24
 85 51 35 14 92 86 4 19 20
 79 95 62 69 34 74 91 27 55
 35 47 25 23 89 41 27 75 87
 4 3 7 35 71 42 90 11 63
 57 42 91 56 61 30 99 81 2
 18 60 54 85 98 10 19 95 75
 46 554 603 825 888 119 275 253 82 809 96 784 575 407 490 389 623 430 462 492 580 619 406 615 842 723 260 320 272 690 353 761 684 313 20 783 227 691 61 33 718 666 873 446 172 207 407 143 667 109 442 638 132 17 744 132 855 664 839 787 665 261 21 763 139 322 268 612 798 572 586 505 893 334 138 342 495 281 233 74 795 367 278 3 828 813 229 731 306 689 750 165 758 455 614 893 288 816 535 222 731 696 151 226 542 464 144 280 420 522 153 319 489 708 798 549 700 888 474 890 214 700 831 187 687 113 550 216 726 28 487 413 749 617 236 437 822 455 616 846 670 104 220 899 438 15 387 196 786 710 581 773 250 180 109 363 337 118 433 899 308 94 586 213 165 79 836 78 809 811 862 51 335 441 577