127 11
 22 49 47 6 69 26 10 57 53 17 97 86 36 29 9 16 50 52 88 73 4 64 89 68 26 72 71 9 18 82 48 94 70 20 31 82 89 6 61 85 7 16 91 70 90 4 82 41 35 71 15 1 4 58 48 75 83 16 60 27 46 54 86 31 24 57 68 42 13 7 62 37 96 35 24 65 2 89 40 33 72 20 80 94 92 93 85 80 12 91 47 47 26 74 46 49 13 28 94 44 61 71 66 69 4 85 91 72 24 54 24 39 100 87 55 71 17 28 51 18 65 93 15 95 60 72 36
 15 99 56 31 40 41 50 16 92 63 47 67 55 7 89 38 69 71 70 62 25 92 21 7 43 46 100 77 66 19 33 56 14 1 42 6 34 45 23 43 66 92 82 10 8 94 86 48 4 58 16 35 85 49 9 94 88 63 73 26 3 11 63 78 12 43 21 97 53 31 92 71 94 45 93 46 96 40 12 19 32 89 49 25 12 92 30 91 83 45 59 63 34 71 36 21 21 33 35 57 24 94 49 81 80 94 93 91 91 17 84 5 61 10 72 85 84 92 19 17 5 19 14 23 62 41 91
 15 71 41 73 44 95 99 70 8 72 67 32 90 74 93 74 45 1 17 7 48 3 24 76 31 75 50 56 23 35 15 66 69 80 21 23 73 74 83 67 18 40 56 83 56 8 31 100 73 18 62 42 43 76 59 72 57 88 96 75 78 21 42 76 52 53 44 15 27 34 45 29 2 31 64 7 33 49 32 87 17 61 90 10 44 99 54 24 32 33 44 44 66 50 67 19 41 69 41 56 87 39 53 54 100 8 50 71 39 17 53 44 50 29 34 85 54 35 41 53 6 73 96 71 75 84 85
 37 98 70 99 94 82 72 72 72 98 6 48 36 50 28 7 41 34 29 28 50 29 79 19 65 94 96 32 81 13 93 50 35 20 67 91 57 3 44 71 62 67 17 60 69 72 99 38 32 29 67 33 19 73 26 25 78 23 38 31 45 48 91 17 74 25 13 71 91 17 3 1 59 62 38 15 35 35 70 27 67 95 59 59 18 51 80 15 95 97 16 4 48 29 84 2 44 96 45 31 28 18 17 12 73 15 15 2 39 84 73 38 66 62 92 88 16 23 41 89 59 98 82 85 93 74 59
 10 45 1 34 75 91 7 10 34 31 15 94 23 10 15 61 12 43 74 68 94 38 49 22 38 64 69 32 18 9 60 89 45 91 59 18 72 91 8 50 54 71 75 39 58 83 56 29 82 36 19 40 83 46 16 44 1 25 74 85 91 66 49 32 24 97 34 19 69 8 24 88 21 22 80 59 53 67 9 85 33 60 68 11 51 68 10 83 19 66 69 59 71 93 67 82 19 51 23 51 52 37 82 45 94 74 41 3 91 29 40 85 39 25 7 84 19 25 21 22 65 45 78 41 13 19 34
 17 58 77 100 81 78 81 59 9 64 37 56 2 76 86 30 18 92 11 37 34 38 17 80 21 43 13 3 18 67 30 84 44 77 31 29 79 83 73 60 100 91 34 50 5 31 75 84 31 98 21 30 66 76 40 72 88 74 75 91 84 93 37 8 99 58 55 73 12 50 53 97 84 16 80 21 70 85 85 34 88 85 91 46 28 90 55 59 91 80 96 9 100 43 29 73 86 1 43 73 39 81 40 27 95 17 64 92 68 86 87 43 86 28 95 82 71 97 2 44 18 5 32 43 52 42 61
 30 96 32 64 15 81 64 52 49 92 2 72 85 71 81 80 65 58 65 88 64 44 77 83 22 89 34 67 65 52 82 52 52 24 86 40 52 40 22 21 52 19 92 51 65 20 71 16 40 54 74 44 72 88 34 60 75 9 99 47 17 95 49 91 15 14 92 57 3 49 54 47 22 16 39 99 58 3 98 90 72 86 66 72 33 1 5 78 26 81 49 45 88 31 13 49 84 85 31 48 65 60 64 83 76 53 25 70 5 84 22 75 79 24 84 50 80 60 6 22 50 30 37 28 39 14 87
 50 41 81 40 8 33 47 71 75 55 22 3 36 84 13 86 47 88 59 60 79 33 12 64 68 74 80 71 76 32 18 48 59 50 31 5 68 21 38 86 16 48 24 55 43 21 29 95 97 33 90 55 68 28 37 87 29 88 77 8 13 50 22 27 59 62 43 18 29 98 22 7 18 34 26 69 65 60 87 2 57 71 78 65 18 88 79 92 37 26 82 94 12 27 40 43 43 47 84 95 96 84 33 78 57 21 21 58 86 85 23 35 35 47 64 42 22 32 24 68 45 66 17 69 65 61 81
 44 72 67 84 26 85 63 6 26 60 90 92 14 46 76 14 73 25 22 14 84 13 85 15 15 83 1 54 8 93 91 73 44 67 83 48 71 64 30 89 70 16 82 38 9 100 37 94 29 48 3 24 6 49 49 57 43 19 47 72 56 27 90 100 43 8 20 37 97 37 98 92 46 38 13 88 18 38 60 17 38 26 93 2 43 39 92 34 25 96 59 70 88 85 40 17 50 81 30 6 7 56 14 27 32 47 77 64 27 59 11 35 60 96 30 33 90 74 24 69 55 35 61 80 31 55 89
 5 92 53 71 17 75 49 15 76 30 92 58 39 19 2 28 98 43 46 58 27 49 1 89 31 76 30 96 71 33 38 64 67 99 46 30 98 59 22 33 89 89 84 33 52 93 10 34 70 98 28 90 50 9 88 65 83 19 3 46 60 59 15 19 39 94 1 23 48 92 74 45 8 82 64 99 57 72 83 77 74 82 42 86 89 58 23 9 60 19 5 99 51 62 49 56 83 75 65 30 70 65 46 33 49 18 96 54 55 1 74 48 26 14 76 83 81 20 15 73 27 85 18 36 58 4 93
 84 63 29 85 31 5 99 67 31 38 58 46 87 62 26 60 93 64 41 63 69 68 10 69 79 12 50 44 55 93 47 89 34 74 41 22 64 10 86 88 80 98 63 78 1 7 69 54 25 84 7 92 18 56 38 61 45 34 30 9 50 65 44 42 10 63 51 40 93 98 18 82 10 10 7 99 64 70 24 25 51 28 37 100 66 96 18 93 84 75 25 5 66 8 29 26 93 25 51 82 17 44 92 10 25 60 88 79 37 69 98 5 81 100 42 29 68 74 84 19 54 74 85 39 96 75 14
 19 70 99 40 91 92 56 16 26 54 37 80 46 47 89 62 47 1 78 46 45 81 25 45 2 18 37 42 91 47 58 100 48 12 63 98 27 19 91 54 33 34 1 90 73 10 39 38 29 36 38 76 38 93 22 24 83 50 67 97 62 58 30 46 71 84 76 79 27 40 49 76 5 30 92 72 32 75 19 61 98 76 52 43 58 6 72 19 82 55 99 82 38 13 27 71 96 33 16 15 11 88 15 66 1 25 91 86 46 44 87 84 68 8 38 72 1 62 84 76 53 48 83 29 62 69 80
 39 8271 5834 8000 3418 803 6324 11570 12463 7104 6748