96 8
 9 17 1 15 17 6 5 10 16 7 18 4 2 17 15 9 15 6 4 8 7 9 4 18 8 12 4 12 11 12 16 1 5 9 3 9 16 12 19 13 9 16 4 18 10 9 11 12 17 12 20 17 19 12 9 7 1 18 15 20 2 5 20 12 20 11 17 1 13 20 6 5 7 3 16 11 16 12 11 16 5 3 8 14 4 9 12 10 19 4 7 9 19 20 16 4
 20 3 20 5 19 6 14 6 15 7 18 20 3 6 8 2 17 18 13 4 11 1 1 5 2 1 2 15 2 19 6 1 8 19 10 14 8 19 5 11 18 17 7 10 18 12 20 5 10 6 6 15 4 16 3 9 19 15 4 3 10 4 6 9 11 1 8 10 11 5 15 17 15 9 19 15 3 8 3 12 15 19 18 7 4 10 19 20 13 19 12 18 17 10 17 3
 16 6 11 9 6 7 3 14 3 17 2 13 15 1 19 3 3 2 13 12 3 2 4 2 1 16 14 18 17 1 18 7 11 14 12 19 12 19 6 9 7 2 3 12 8 6 5 16 19 10 8 15 11 7 19 1 17 6 12 2 12 5 19 10 18 13 14 11 14 11 14 15 2 18 2 7 5 17 16 8 18 12 18 1 15 1 13 1 6 2 3 5 12 9 19 11
 5 3 2 7 9 16 14 20 14 12 11 18 11 14 16 20 7 16 8 16 5 16 20 3 12 6 20 12 13 2 10 13 9 1 16 9 18 8 6 2 13 1 4 17 11 7 5 8 11 6 6 15 7 10 18 3 13 2 15 9 18 17 20 11 18 10 13 10 19 4 7 16 10 7 7 8 4 4 17 20 5 20 19 1 13 17 7 19 18 12 6 5 16 20 10 10
 3 15 5 2 18 13 5 10 16 12 11 12 15 11 6 18 15 9 20 3 2 2 4 19 19 4 16 15 16 7 18 14 9 18 9 17 4 12 4 14 16 13 19 7 16 11 9 13 8 6 6 15 18 18 10 3 10 13 12 13 9 18 3 2 14 17 3 8 12 13 5 11 6 20 16 5 10 18 14 11 8 6 5 3 2 19 10 17 16 4 9 13 20 11 3 5
 5 20 2 2 7 5 3 15 10 10 4 20 6 12 20 8 11 19 15 1 8 13 17 6 7 2 2 15 2 14 11 14 17 18 16 16 12 13 20 8 2 16 19 3 13 3 20 2 19 11 20 18 2 5 6 19 15 17 15 12 9 12 3 1 3 14 1 3 4 1 15 6 15 14 13 10 11 19 7 14 10 3 18 13 11 11 1 15 3 11 10 9 16 10 9 16
 10 10 18 18 18 4 16 2 18 1 20 4 12 8 10 18 13 11 6 18 13 2 6 19 15 8 18 12 12 2 7 3 14 6 5 3 14 19 3 4 20 3 15 10 17 19 11 11 9 12 7 7 5 1 1 4 20 3 5 13 13 12 13 13 14 8 5 19 6 10 14 5 6 16 12 10 17 2 3 10 17 19 18 20 12 4 3 17 5 20 14 1 16 15 15 9
 20 3 2 19 18 15 3 6 4 11 18 15 20 16 5 4 15 5 18 13 11 11 6 10 18 18 2 18 7 13 19 1 9 9 18 13 12 6 4 2 14 7 7 20 9 3 2 2 10 19 11 19 13 13 9 9 14 5 7 9 6 4 3 17 5 15 16 19 4 13 3 12 10 16 18 17 11 17 4 17 10 18 15 17 4 18 19 14 8 2 14 6 4 6 16 17
 7 9 2 2 2 3 6 18 11 3 4 6 7 1 1 19 14 15 16 1 1 10 14 18 8 17 19 1 12 8 6 5 7 2 18 5 17 10 6 7 15 10 7 6 5 12 2 13 3 17 15 1 5 9 5 14 19 11 20 7 11 6 14 14 4 2 3 5 19 15 10 14 16 5 1 4 12 17 4 20 10 15 9 2 3 12 12 20 3 13 4 1 4 20 19 2
 1303 1388 1133 683 361 1799 712 1545