149 15
 100 76 67 8 9 66 19 31 60 76 79 58 56 6 90 13 53 90 93 23 91 28 78 9 35 60 85 62 13 97 20 78 36 35 78 89 90 27 23 23 41 94 18 16 79 21 64 11 93 60 74 92 90 41 55 61 76 37 19 24 85 90 44 27 53 37 21 65 32 56 85 89 80 91 29 71 50 22 64 72 87 54 65 85 64 29 73 47 85 10 21 74 45 12 71 4 97 48 18 99 96 22 35 97 54 2 68 93 23 2 100 85 74 68 100 57 11 15 28 18 1 75 3 39 71 18 16 88 47 9 14 66 71 32 56 58 85 73 39 30 59 89 75 50 18 78 92 74 17
 80 50 69 3 13 75 6 64 51 36 68 55 46 64 64 45 30 19 69 6 57 78 43 32 99 73 20 7 29 7 97 33 17 7 22 40 46 36 45 35 17 70 61 1 83 31 32 32 65 52 5 15 79 12 53 64 64 55 94 76 51 98 68 30 30 28 100 19 77 13 13 22 9 18 61 22 94 14 38 86 11 98 2 13 86 43 41 77 13 35 14 1 21 20 47 37 53 43 59 64 83 5 60 26 43 91 48 77 74 43 57 23 82 49 10 45 52 94 2 22 78 97 38 49 79 65 97 34 49 16 76 8 86 84 90 4 6 79 46 88 99 28 30 27 84 65 94 37 29
 89 14 91 11 18 73 83 30 15 90 55 82 14 46 43 100 36 53 23 68 73 11 29 29 67 70 36 87 21 67 65 89 67 50 71 99 23 43 27 79 55 84 81 16 48 43 99 12 53 75 95 4 51 33 57 57 68 73 52 60 5 78 97 75 94 67 12 6 71 43 65 21 4 53 56 31 26 47 48 15 17 75 39 41 42 13 91 48 40 64 46 100 48 2 76 51 72 100 84 11 95 55 45 71 5 15 66 83 74 13 77 6 88 12 6 26 90 43 1 92 100 100 56 93 94 30 48 6 15 55 14 43 77 40 36 30 3 57 79 100 5 99 45 23 41 74 40 27 33
 89 10 38 68 16 98 3 23 47 25 71 11 71 46 60 42 23 96 52 19 54 96 29 59 40 93 61 16 39 52 26 54 54 54 24 24 22 78 84 76 52 100 92 74 73 81 77 73 68 42 77 56 85 21 25 37 93 4 91 95 59 18 42 46 72 20 47 33 50 100 32 71 71 53 79 92 99 69 36 35 13 99 72 57 76 7 7 71 61 44 10 95 78 78 45 15 36 65 6 31 50 50 53 51 66 89 39 41 81 11 50 69 75 52 98 7 30 74 61 46 52 57 33 89 28 5 57 72 44 13 66 19 53 86 44 47 49 67 99 6 95 25 37 25 68 53 64 31 92
 98 28 20 84 68 89 70 55 88 22 2 10 77 67 6 77 85 36 70 44 48 35 64 1 26 51 98 91 40 15 60 34 71 28 82 1 56 64 99 23 59 87 77 46 58 64 80 57 10 93 53 71 65 1 83 11 88 39 98 22 2 52 31 13 58 77 32 57 91 41 10 27 14 24 47 85 87 59 46 50 29 50 40 39 14 97 66 46 69 97 67 24 64 73 33 67 47 51 75 99 58 90 19 22 85 96 23 83 11 12 36 25 33 73 87 17 16 1 100 76 99 65 69 85 13 17 72 7 87 40 50 64 94 78 98 67 49 93 74 22 46 66 87 32 31 15 5 33 5
 97 62 70 6 68 51 60 57 47 58 85 2 79 9 67 21 96 63 90 48 44 44 26 27 45 9 31 9 90 54 15 4 63 51 43 97 98 92 36 85 50 8 100 15 43 53 32 18 74 5 5 91 38 100 63 44 57 99 49 27 92 51 68 78 35 9 96 63 78 5 9 3 17 81 75 66 100 19 25 85 66 82 67 48 58 43 20 20 15 10 71 31 68 70 10 43 43 80 8 61 56 18 20 68 3 70 77 12 75 79 61 44 96 18 95 41 8 31 68 12 63 62 89 45 70 70 60 66 64 24 74 86 90 92 48 45 41 49 17 47 65 56 8 34 54 1 86 72 55
 50 77 18 91 73 22 24 44 39 17 51 43 23 25 93 11 14 18 4 79 9 29 76 70 98 52 72 79 61 54 65 10 75 48 79 93 1 57 43 96 38 35 48 65 7 77 43 31 67 61 25 10 84 94 86 14 11 19 24 34 46 53 81 22 52 54 87 37 47 21 52 73 24 55 8 37 38 96 21 2 34 65 58 75 56 33 82 11 42 39 64 75 85 99 45 6 5 52 96 84 8 94 2 40 34 83 31 43 40 47 58 84 80 50 56 55 26 10 28 86 87 83 10 6 63 42 19 8 74 12 69 62 64 1 46 44 58 47 33 95 67 12 54 50 46 51 99 86 76
 12 56 82 5 53 9 98 94 67 27 3 27 83 3 52 51 18 91 97 68 52 83 89 46 5 76 39 85 36 16 36 32 1 42 98 48 35 16 81 61 66 57 97 93 43 77 69 8 97 89 61 23 86 49 99 89 48 65 68 74 79 76 41 6 91 22 56 42 43 79 86 34 93 45 30 74 87 95 60 6 10 98 85 51 43 75 72 74 60 4 72 25 72 8 63 29 25 14 97 87 100 44 83 58 2 78 88 10 47 24 53 91 97 25 98 97 51 79 59 89 41 67 6 19 80 68 68 53 12 90 37 82 33 16 95 66 37 46 58 82 38 32 28 41 29 4 18 70 4
 38 26 45 15 50 2 5 25 21 14 33 52 87 70 35 97 42 2 14 66 50 65 56 94 71 1 46 28 38 67 23 68 26 23 12 69 82 35 3 51 52 6 66 45 33 71 29 46 8 55 23 47 9 66 52 67 48 100 69 49 9 40 56 25 35 15 8 9 83 58 57 14 38 39 64 95 69 83 61 40 54 97 14 67 71 81 42 6 96 77 43 27 39 16 78 66 76 38 20 70 25 65 72 92 97 34 25 21 84 48 79 86 67 96 49 44 48 40 81 64 66 15 87 71 58 74 24 94 49 28 18 2 64 18 88 6 97 72 47 95 82 44 53 22 39 25 11 30 51
 67 9 44 85 85 75 95 5 81 9 22 76 33 66 52 94 24 100 48 32 28 65 82 79 19 32 76 53 84 40 86 74 48 88 98 39 69 35 79 92 60 42 96 82 75 11 98 23 100 93 2 62 57 7 79 48 1 94 100 69 71 90 55 78 95 56 74 75 72 66 34 22 42 22 85 57 17 50 91 22 61 33 28 46 99 57 95 77 23 29 5 22 51 11 38 25 32 50 78 99 11 76 22 25 46 90 74 3 8 81 81 79 1 2 7 31 44 94 84 25 32 92 24 80 38 79 37 28 27 2 5 35 76 87 79 13 31 63 98 3 8 4 29 74 30 4 97 19 61
 42 95 32 8 51 77 66 28 14 63 1 62 33 25 74 32 12 75 42 41 97 74 2 84 20 55 98 52 48 43 69 80 99 70 21 73 100 20 65 75 22 84 73 88 5 98 92 41 26 50 21 54 93 1 50 42 36 41 33 90 54 36 2 73 14 87 4 5 5 32 88 35 23 16 30 58 66 7 51 69 49 88 53 4 5 97 78 26 12 8 33 7 2 65 29 23 85 13 77 77 98 87 52 72 61 75 16 82 87 15 73 22 20 61 54 75 84 90 33 20 67 82 26 14 22 36 16 49 31 73 27 72 61 3 72 34 1 25 82 94 38 2 89 46 98 34 91 31 59
 57 58 24 93 5 100 15 8 54 7 53 72 86 100 22 89 15 96 5 26 57 69 4 91 28 10 97 43 68 92 32 25 65 75 38 58 21 69 79 34 9 1 96 60 75 49 14 73 87 4 8 46 2 58 5 24 77 40 48 5 8 53 88 58 5 10 76 47 37 36 9 85 56 53 25 15 17 81 64 46 27 47 22 46 54 32 44 41 64 77 62 92 55 85 58 53 97 77 49 11 48 17 7 77 74 61 7 63 76 52 9 72 22 80 59 78 70 46 37 86 49 10 37 86 30 42 40 52 54 36 2 38 84 70 42 35 82 3 78 55 19 38 93 92 48 97 66 26 24
 3 97 44 64 8 76 68 42 71 88 90 22 24 79 92 58 59 21 99 31 87 19 35 76 31 2 19 41 9 58 73 54 72 67 21 71 75 22 18 95 36 3 94 100 47 38 33 53 56 81 34 14 23 28 96 9 59 60 31 42 84 60 84 74 95 86 30 55 9 56 41 79 45 59 78 48 36 5 67 99 84 62 14 54 44 78 25 39 3 64 50 14 26 66 22 79 65 27 29 75 34 15 52 3 81 14 4 11 71 47 9 87 34 51 95 59 22 16 67 93 19 34 40 27 14 55 42 75 30 52 43 4 47 64 86 34 67 18 15 5 94 98 79 30 71 50 83 75 11
 63 86 33 39 75 48 58 71 92 21 57 73 14 75 92 99 60 37 82 7 53 71 6 51 37 87 74 36 94 9 40 1 70 43 24 87 57 45 70 43 53 54 15 78 9 83 39 53 57 91 80 20 15 89 41 47 29 22 34 33 79 85 20 46 34 76 40 47 1 34 49 38 85 32 57 61 2 89 83 43 20 17 89 2 62 20 26 69 56 2 78 15 76 9 16 83 4 81 23 84 5 8 49 35 64 11 62 96 92 16 35 87 96 33 59 74 47 10 98 82 47 69 53 4 77 59 29 42 87 54 90 45 24 12 38 42 45 91 39 62 99 34 40 83 36 70 95 79 74
 42 44 44 100 7 17 34 82 71 9 11 54 78 43 23 63 37 19 51 37 80 80 63 69 61 82 99 94 98 51 33 28 43 49 43 71 64 9 65 36 92 88 90 73 64 89 99 35 81 20 74 77 79 6 2 34 92 5 11 33 41 26 15 8 23 56 71 81 85 99 59 96 59 98 18 88 31 24 91 3 59 35 99 67 33 44 69 23 63 75 24 30 90 66 93 50 12 94 18 78 26 58 69 54 51 44 85 88 79 2 28 57 88 47 79 15 26 33 21 79 1 66 77 69 59 64 40 35 84 27 10 42 46 85 77 7 82 41 95 42 33 20 5 16 73 62 45 77 49
 26 97 58 65 57 56 14 12 13 85 96 83 1 50 8 36 58 20 66 24 27 63 14 91 95 47 74 68 2 28 20 73 1 100 72 83 18 93 23 39 27 42 19 89 64 31 62 15 97 67 36 61 52 78 9 20 25 21 14 33 66 40 19 76 15 14 59 93 73 71 54 74 53 30 96 12 46 12 85 56 11 73 88 70 91 15 25 72 79 95 86 2 98 43 70 60 97 46 69 44 14 48 81 6 89 89 66 28 78 25 48 31 43 6 12 78 38 73 4 99 79 58 42 19 33 50 100 54 25 46 19 81 12 33 66 16 63 71 28 27 4 42 17 2 71 54 15 88 10
 10273 632 5181 9564 4292 3242 10329 5194 4466 13042 166 12158 3994 11789 13123