118 12
 70 83 68 59 11 27 74 96 75 15 59 56 40 64 22 41 3 27 21 93 47 71 54 63 5 81 81 32 63 7 24 80 74 81 63 26 45 92 68 72 49 15 81 53 69 86 17 36 70 20 38 6 63 67 43 71 79 14 54 3 8 35 57 15 35 56 24 19 77 48 15 69 56 38 11 87 87 75 37 52 30 77 63 7 75 56 29 98 75 34 16 26 54 46 15 73 47 24 55 36 15 91 13 26 2 58 64 72 7 99 3 15 29 85 70 17 73 13
 34 44 23 41 88 33 10 59 30 89 4 88 78 90 11 87 65 70 13 22 9 53 84 27 69 66 19 26 43 32 31 27 5 83 64 82 59 11 62 81 35 25 54 75 66 90 26 57 33 77 39 53 45 40 98 81 45 35 38 25 4 98 14 100 38 96 1 1 43 89 58 71 43 21 61 80 11 6 93 83 24 68 69 66 11 36 67 54 84 90 23 58 8 78 66 68 9 24 49 42 99 99 60 24 50 61 46 66 55 32 100 93 75 32 39 34 55 89
 49 40 84 39 48 61 10 86 88 72 51 54 60 24 73 65 7 84 24 42 85 56 19 47 5 80 36 32 82 83 95 7 91 56 79 41 4 59 60 29 51 37 77 63 64 5 74 10 48 8 49 11 25 68 65 40 91 11 26 91 20 52 56 13 39 10 37 16 19 29 50 18 37 5 92 100 60 50 34 29 63 83 91 29 66 62 96 96 77 13 98 67 100 7 87 88 55 70 22 37 5 63 98 39 69 13 51 89 86 89 63 25 59 6 65 43 36 8
 89 4 95 88 17 7 95 90 43 66 44 95 87 90 80 61 51 85 39 32 98 67 38 80 39 84 97 20 56 39 44 100 26 79 95 57 97 73 3 1 15 99 75 77 73 95 32 36 9 22 58 15 54 32 100 86 34 62 94 1 52 57 52 62 54 15 17 88 21 2 5 6 57 92 94 43 20 100 66 24 87 33 9 81 91 86 40 72 65 69 56 58 70 82 56 25 14 10 4 9 27 88 61 36 43 68 32 57 96 22 9 48 52 24 24 66 99 35
 41 66 65 81 30 97 47 76 83 73 47 18 79 17 43 87 59 75 17 80 87 88 62 40 24 80 17 81 7 31 40 57 27 59 51 93 50 22 51 17 67 77 7 28 50 75 12 8 52 10 61 72 35 6 8 85 19 6 30 82 38 54 3 95 77 34 56 63 52 47 20 19 55 44 67 1 32 62 53 24 75 79 95 69 49 60 42 4 34 5 8 64 12 83 15 59 58 90 46 16 5 72 72 84 73 94 27 2 36 29 36 65 47 84 19 89 23 15
 17 61 74 60 17 64 17 37 29 31 55 26 95 27 19 19 40 83 53 45 57 85 54 67 84 71 10 91 64 21 13 67 24 82 26 95 54 7 13 89 43 11 22 65 13 69 41 72 73 64 40 3 62 80 41 86 7 61 9 24 25 21 99 57 75 32 41 31 37 74 69 55 32 11 9 46 5 35 25 94 67 15 44 6 62 73 63 96 42 25 92 20 100 6 59 73 77 83 21 99 95 30 28 43 11 92 79 98 23 66 43 28 70 73 40 2 27 2
 83 22 31 55 99 91 79 5 48 76 2 80 84 70 73 71 17 52 14 66 87 82 100 76 24 97 11 53 5 23 25 11 88 68 65 81 31 40 14 29 25 56 27 9 14 9 68 49 26 40 24 67 53 92 12 95 25 90 98 80 59 91 38 90 61 68 53 79 69 17 84 62 4 80 17 4 80 60 12 46 82 96 53 63 40 63 15 27 18 12 33 41 93 95 55 3 95 63 77 30 4 96 30 39 66 78 69 78 11 81 22 73 65 96 30 14 79 12
 53 8 51 4 88 37 46 34 1 67 87 36 19 2 60 38 66 45 9 10 59 40 93 30 6 53 100 33 88 16 44 53 69 58 64 2 28 79 10 73 27 90 53 79 43 39 49 87 60 28 17 88 9 20 28 31 77 28 31 75 41 74 94 29 1 25 85 66 36 97 90 48 34 47 87 10 61 13 90 87 87 74 7 12 33 35 64 92 29 16 62 91 69 95 35 52 46 1 36 50 63 54 25 8 97 43 2 64 76 86 87 64 62 89 37 89 89 40
 62 68 57 39 57 31 42 93 61 62 11 28 75 63 83 13 89 35 83 84 69 66 62 5 91 57 71 18 52 54 94 28 41 40 99 5 3 68 73 95 16 19 1 10 10 55 19 64 39 32 67 88 43 30 35 79 16 33 67 39 84 73 86 18 18 94 86 70 45 11 27 60 100 7 32 3 15 99 73 74 46 45 79 7 3 58 1 9 92 47 89 57 88 59 35 49 34 47 64 23 73 46 74 54 98 67 13 91 76 69 84 79 25 63 61 71 67 90
 16 20 20 23 62 40 99 19 46 80 24 27 50 2 59 36 74 55 30 61 32 40 28 15 15 74 27 33 25 35 82 18 44 3 67 38 29 33 45 68 84 69 72 65 47 100 69 97 91 98 22 100 31 20 94 63 86 19 48 89 44 77 90 76 7 90 4 15 83 23 12 53 9 2 39 8 64 70 96 40 83 43 7 99 57 42 51 54 77 75 89 26 72 8 45 7 38 1 11 85 44 37 94 61 7 22 75 50 89 6 5 20 32 13 33 68 62 51
 88 23 6 14 22 72 58 74 9 80 28 15 81 56 92 34 19 79 75 2 4 87 69 73 9 83 53 56 86 13 32 14 7 65 68 23 64 56 88 56 4 2 69 39 13 48 32 49 5 92 54 99 74 46 3 32 5 64 53 28 70 35 8 43 56 33 63 38 1 15 99 23 99 91 47 76 28 6 34 54 77 71 85 31 27 41 1 93 77 72 11 96 56 66 28 46 93 2 34 37 74 17 82 43 49 65 65 64 70 93 42 92 100 35 41 47 34 75
 73 49 49 4 24 3 26 1 5 90 79 33 42 78 30 46 55 23 53 21 89 62 68 80 84 51 45 13 30 93 88 82 19 54 63 97 20 12 21 80 7 57 90 99 51 63 10 42 1 67 64 59 71 21 57 5 39 90 85 83 78 57 17 7 85 48 75 61 23 85 75 100 80 9 10 3 62 79 54 66 17 13 39 88 82 41 74 73 51 60 3 13 64 34 35 47 13 9 53 19 94 90 27 74 61 8 44 36 35 37 4 49 36 37 96 38 30 57
 77 91 90 93 52 47 37 92 77 75 97 94 32 56 52 11 7 60 48 40 94 65 98 56 1 72 92 84 4 71 70 67 90 4 71 10 97 94 93 11 41 36 13 100 82 75 4 25 94 65 39 13 66 58 30 54 38 24 6 97 34 67 79 8 24 24 97 95 15 81 19 19 76 63 2 61 8 9 13 54 61 54 43 39 33 42 40 99 8 88 53 50 55 19 68 99 24 53 2 31 77 30 87 2 85 82 74 85 82 33 67 24 46 67 9 6 6 69
 2503 10222 544 1002 10190 401 7453 2453 2084 7309 7804 5044