146 12
 97 87 90 61 31 6 75 53 78 4 66 92 95 76 62 88 89 10 89 70 100 17 78 53 31 79 63 99 7 66 55 52 44 21 32 70 54 51 20 42 44 93 70 47 27 67 79 30 38 25 23 56 20 39 2 24 9 21 62 81 88 32 32 56 20 40 66 54 8 1 29 82 54 20 16 51 39 49 92 51 56 69 10 97 36 95 38 74 70 44 69 32 55 36 41 74 46 92 67 58 39 60 49 45 66 11 48 50 48 26 66 81 66 16 48 72 42 30 19 64 85 73 69 97 46 7 71 61 81 59 66 45 23 72 74 18 29 52 83 32 80 58 71 11 94 1
 35 98 78 82 27 94 42 64 32 7 79 39 15 29 42 31 60 70 35 73 60 49 23 88 41 51 58 61 32 38 73 60 48 66 93 14 80 7 4 32 65 58 45 47 32 81 65 36 8 5 84 25 2 25 4 4 88 94 17 56 74 83 89 4 19 58 9 71 27 30 9 49 66 8 52 92 9 22 28 6 56 91 13 7 33 73 64 74 48 66 100 30 64 49 94 49 15 92 41 36 54 12 8 5 3 24 37 59 23 50 42 85 22 15 24 78 51 27 40 26 74 49 94 49 91 52 12 14 48 48 17 16 6 5 73 26 59 44 54 56 52 96 23 67 50 95
 78 48 90 97 18 19 61 21 76 93 78 23 38 74 55 83 92 45 48 6 10 78 14 43 39 26 85 96 31 20 2 91 68 32 51 25 33 44 90 95 44 91 12 7 63 67 56 54 3 32 11 91 42 43 58 34 42 94 51 49 85 14 19 99 41 75 46 13 15 24 54 50 74 31 19 33 38 80 75 34 9 11 66 81 41 14 11 9 92 24 56 85 93 8 84 92 76 34 64 9 33 15 13 61 68 57 34 65 69 82 74 77 18 24 81 100 18 39 95 8 48 97 91 5 97 29 52 46 19 21 37 89 9 32 90 22 31 44 100 38 76 88 67 92 79 26
 87 78 34 49 69 90 55 3 16 2 83 85 100 62 6 59 20 26 27 90 62 41 68 76 84 19 48 98 17 71 63 37 90 81 28 8 79 97 39 62 77 92 10 15 17 96 31 43 7 3 90 48 9 26 23 37 76 3 75 31 95 7 38 35 59 44 3 34 65 88 80 100 40 48 99 77 5 73 13 98 20 8 59 68 4 43 15 40 56 82 82 8 28 37 53 6 6 95 51 53 84 8 55 72 41 91 78 43 6 12 24 49 67 60 29 64 67 42 58 52 98 67 56 30 62 4 59 33 53 58 19 54 59 13 5 5 82 6 15 97 62 69 88 24 92 7
 15 93 75 95 1 32 57 79 53 76 97 95 29 30 5 97 45 55 21 67 89 45 100 69 23 27 38 25 39 27 64 52 38 48 26 17 75 46 94 77 74 74 49 37 62 77 29 28 71 82 61 75 83 71 36 53 37 36 38 9 41 35 84 39 69 59 94 100 7 64 80 86 20 3 41 97 11 91 15 2 66 29 94 21 87 54 44 86 29 99 99 22 2 88 63 96 54 6 5 12 95 66 79 47 85 84 42 52 94 86 85 52 15 61 39 78 49 20 19 86 12 12 10 74 68 9 1 99 65 49 75 43 89 94 27 22 60 96 11 53 93 31 87 24 28 60
 13 66 51 2 20 75 9 82 67 45 45 60 41 39 57 27 6 12 94 66 58 62 89 37 46 46 79 32 47 23 92 92 32 44 20 72 38 36 7 31 89 23 87 35 58 53 65 54 35 12 64 56 65 17 40 76 59 97 34 66 70 10 6 90 57 84 73 89 71 57 82 56 64 48 1 14 76 43 29 17 80 26 24 96 66 27 18 35 44 28 80 36 47 14 24 46 60 38 16 18 11 76 91 22 15 50 8 18 36 64 19 52 72 93 60 69 83 8 17 60 95 77 43 74 67 43 84 18 73 72 68 13 17 78 44 74 44 90 6 49 100 44 27 69 61 54
 56 13 50 44 21 15 41 5 37 23 72 19 66 30 60 67 14 72 36 22 98 2 43 24 64 99 89 38 59 40 5 4 97 82 82 86 64 100 70 26 40 100 18 11 11 12 40 11 71 56 40 9 73 36 14 86 23 51 17 54 86 26 13 23 76 46 88 60 83 9 59 63 53 23 92 50 68 67 73 92 4 24 86 63 10 93 26 30 15 1 42 62 77 63 38 27 62 68 57 91 27 90 60 70 64 100 10 66 22 9 58 20 72 8 99 19 66 25 100 32 69 6 31 88 9 39 80 43 71 69 73 33 97 73 69 23 1 89 74 35 12 86 30 90 33 93
 79 63 8 93 3 36 86 70 49 93 7 54 95 32 62 95 63 79 47 49 64 55 97 65 69 69 46 67 94 43 28 24 51 15 98 76 40 65 88 45 17 57 63 85 16 93 1 52 38 67 16 2 15 78 32 5 45 83 62 25 67 27 41 23 90 45 74 17 20 95 59 14 24 78 49 59 18 52 36 83 86 83 9 77 13 41 47 35 10 40 45 87 22 12 69 84 49 57 75 22 54 16 2 12 7 89 39 87 88 91 4 30 38 69 99 85 30 10 12 79 42 7 20 3 90 90 9 80 49 57 55 12 17 17 62 54 20 16 11 68 23 98 49 38 88 37
 40 79 7 50 31 22 78 2 99 45 62 58 40 68 98 83 65 82 75 64 84 36 86 71 69 80 35 57 84 95 51 13 9 95 71 80 51 31 77 4 23 63 29 32 25 99 11 54 66 11 26 52 74 35 61 76 70 4 8 14 88 51 14 74 15 23 40 16 66 27 48 21 91 73 6 90 72 63 53 99 64 78 12 59 36 94 97 95 35 89 60 23 39 78 20 2 16 84 96 40 87 53 86 36 42 65 57 50 15 7 51 79 19 67 18 87 24 41 25 15 19 2 74 95 98 69 77 52 42 26 42 57 100 2 91 56 1 35 16 67 96 75 28 5 8 55
 68 44 77 36 61 15 68 48 11 10 39 52 60 12 73 29 59 47 87 82 48 30 32 23 10 16 42 10 24 66 68 12 33 31 11 34 77 40 44 35 88 42 53 91 69 24 19 91 87 65 32 24 100 51 46 86 19 20 15 42 17 47 87 68 23 79 95 41 63 33 47 77 92 84 29 22 42 57 3 44 7 64 74 62 56 15 79 21 28 72 59 8 97 90 12 64 43 3 62 45 83 67 32 69 87 91 30 54 86 8 53 91 70 63 79 91 84 49 49 71 18 93 85 14 28 19 11 96 68 85 80 1 90 87 5 32 12 96 28 9 49 55 3 48 56 94
 53 62 99 83 4 43 16 56 92 34 98 23 54 21 74 86 89 44 47 67 28 35 42 39 47 29 26 56 49 23 7 100 81 63 66 7 19 31 29 18 79 5 10 27 62 65 48 39 52 74 34 39 27 65 28 66 81 99 93 75 59 77 14 65 34 22 65 32 13 57 74 98 65 90 86 15 74 54 45 59 5 18 99 42 44 19 51 79 95 16 48 62 68 86 18 28 93 30 97 16 74 16 60 72 56 85 78 99 65 24 33 29 42 27 36 68 24 48 30 4 31 72 70 31 4 73 94 56 90 54 10 2 52 86 5 62 31 78 33 62 34 13 12 4 47 70
 75 58 88 83 11 94 16 12 99 68 68 41 46 21 57 44 62 77 18 69 5 23 98 94 18 38 21 30 76 79 60 49 65 66 1 39 81 60 29 13 3 40 53 68 81 1 53 87 75 42 89 95 66 5 38 21 14 76 23 7 98 21 36 71 81 39 44 46 34 65 73 16 75 19 36 60 33 43 19 20 61 34 66 81 65 73 49 61 74 95 79 64 19 13 10 10 97 65 84 14 59 99 12 8 81 97 83 71 7 37 84 43 71 86 72 23 87 12 82 73 60 3 50 77 23 31 48 19 88 53 3 98 26 25 69 71 57 69 37 67 35 98 39 40 3 86
 100 43 83 78 85 17 81 31 70 87 41 59 61 76 87 83 52 53 58 9 96 13 97 52 11 62 26 88 71 82 68 23 40 80 21 94 57 56 6 80 9 95 39 67 26 69 70 30 16 62 71 80 92 29 45 43 24 8 84 35 72 80 19 93 96 100 58 69 35 78 57 23 8 96 38 77 38 28 80 54 9 62 27 9 34 59 18 78 67 53 64 95 64 73 90 76 13 22 51 93 51 83 97 97 41 98 90 18 59 3 85 31 20 83 88 30 90 62 75 90 99 39 24 10 76 84 35 87 70 3 1 24 6 99 14 10 69 59 55 92 14 61 71 1 35 59
 11036 8908 8439 5125 9004 13555 4876 12024 11462 13672 1799 5294