144 13
 93 10 63 77 21 2 87 68 53 89 97 46 37 84 100 52 49 24 39 28 80 41 96 31 54 93 8 7 18 16 78 73 24 78 46 82 8 20 62 6 33 1 2 16 45 7 68 38 57 66 92 94 33 8 89 94 37 95 37 29 32 85 55 70 33 24 50 45 47 77 58 98 20 34 57 49 13 97 84 78 70 23 33 12 65 61 26 81 26 9 58 51 48 3 87 97 81 92 2 8 72 6 26 12 50 10 85 55 6 19 28 52 50 93 92 95 14 19 42 38 33 53 3 84 70 4 88 30 99 22 69 72 43 59 47 61 57 59 5 71 57 7 91 78
 81 38 85 39 2 66 50 61 30 24 2 42 7 65 25 83 97 44 18 31 81 55 23 82 70 40 58 1 78 31 30 89 54 16 89 81 85 65 43 19 100 86 72 27 92 69 21 55 64 98 48 95 20 95 33 20 29 42 58 66 81 91 69 12 22 98 3 50 52 68 64 65 95 81 13 56 57 31 25 11 26 67 39 25 28 55 10 71 2 34 80 10 38 26 84 95 24 86 27 82 75 60 58 10 31 14 99 13 95 10 2 5 29 85 17 67 20 35 69 43 38 55 65 23 6 13 98 21 55 86 68 61 84 86 58 69 88 61 81 56 6 42 95 12
 15 34 49 13 13 49 40 34 84 56 62 60 73 67 45 3 13 89 6 42 90 79 7 49 96 83 96 19 97 48 95 33 86 87 8 52 74 31 21 2 23 73 58 42 65 27 12 59 66 4 86 33 37 32 67 7 43 31 7 21 55 26 85 47 66 94 88 58 39 73 22 37 29 86 79 6 21 36 10 80 93 82 94 43 5 33 74 35 75 81 76 8 71 18 26 72 18 4 14 66 36 87 60 29 88 78 57 10 98 56 27 83 67 49 13 76 52 5 78 65 17 66 6 47 3 4 49 29 76 52 97 50 30 79 27 96 73 6 92 4 100 55 56 75
 17 48 20 16 69 80 35 42 94 33 35 69 5 19 23 76 67 97 53 88 59 4 64 16 71 40 99 84 17 14 79 83 5 49 58 47 6 40 68 76 23 99 33 56 97 59 53 58 84 95 43 35 85 22 75 13 62 84 44 96 38 46 84 73 32 79 8 71 92 34 29 42 26 73 71 9 85 8 16 63 10 29 17 24 18 41 62 100 87 7 54 14 74 95 45 85 25 99 27 95 38 52 15 22 28 27 64 11 99 9 71 77 34 40 69 44 56 21 56 26 8 88 7 96 30 49 64 95 7 9 78 40 3 15 75 40 37 5 4 98 43 18 54 99
 9 98 14 91 100 46 49 47 45 2 39 19 71 76 56 100 47 44 10 85 24 78 95 77 98 43 37 81 78 72 71 87 90 43 94 40 88 28 39 29 79 78 7 93 89 64 41 82 73 19 48 62 95 5 60 6 32 27 70 72 67 30 83 25 35 80 95 61 13 10 24 72 39 54 79 50 95 39 23 33 79 88 33 21 69 57 60 47 29 56 59 33 33 22 31 91 85 19 3 94 7 67 12 59 76 14 28 72 4 72 54 90 31 98 10 4 39 40 40 96 43 19 66 13 68 62 48 59 79 6 15 61 22 6 83 100 63 49 80 98 66 17 88 54
 12 87 3 89 26 96 73 95 92 45 66 81 90 6 68 81 52 94 93 34 80 38 53 88 16 86 95 100 82 32 77 24 86 5 34 18 36 20 33 72 40 99 10 58 20 97 37 32 80 24 7 95 79 50 2 19 13 52 76 83 99 17 48 43 93 41 98 11 74 58 70 82 84 53 18 18 32 17 51 37 76 4 93 21 16 85 83 57 93 19 91 36 74 33 61 9 32 75 13 27 21 44 40 36 88 41 92 56 75 82 83 44 61 72 12 29 32 23 88 13 69 33 48 7 1 64 56 64 30 43 41 31 48 20 19 36 22 95 67 73 95 31 94 71
 31 92 72 41 59 77 91 72 56 86 2 43 21 50 49 50 69 56 15 53 60 29 51 20 98 35 11 61 55 86 99 31 68 23 14 84 89 86 75 88 47 99 17 79 99 23 58 36 39 72 78 49 62 24 45 85 32 61 65 30 43 61 74 81 99 65 73 69 55 74 58 81 19 53 76 23 99 44 77 56 73 82 7 97 99 58 40 10 59 48 91 22 86 2 3 69 12 76 99 4 81 95 82 12 14 27 24 12 83 98 59 35 33 74 35 63 75 67 91 49 37 13 71 99 34 44 83 40 50 41 51 31 38 59 59 24 1 31 21 100 98 84 61 4
 13 76 22 24 27 18 4 96 42 92 80 15 99 25 81 38 25 15 3 26 40 83 99 44 61 57 27 98 23 72 38 40 36 75 21 96 61 93 83 98 30 17 22 21 97 85 53 57 90 36 88 91 69 49 96 19 39 58 86 15 48 62 62 77 6 4 78 67 99 35 12 55 52 60 1 59 52 18 29 80 5 62 72 59 1 71 39 99 9 5 40 56 78 93 29 29 26 56 51 53 36 98 95 69 31 56 51 46 47 89 29 22 19 98 54 89 42 52 15 41 69 21 100 31 52 100 55 47 54 95 91 73 72 79 70 79 53 45 67 77 37 39 97 32
 9 86 5 59 61 93 82 31 19 11 62 35 50 43 78 77 85 23 42 63 85 52 50 23 87 63 31 91 38 43 81 39 42 72 28 57 15 62 92 83 8 43 42 22 86 69 61 21 83 34 97 60 26 68 69 65 33 25 6 18 36 55 82 79 40 39 99 100 20 31 86 76 47 91 87 41 38 88 76 68 95 51 98 71 41 31 28 28 59 96 80 39 5 75 52 73 86 50 18 21 89 36 40 91 69 24 46 86 65 94 69 25 79 34 96 93 66 53 20 43 83 31 29 17 41 32 28 95 52 24 83 32 20 20 3 78 82 100 50 97 56 25 56 60
 59 83 19 95 57 66 45 12 93 48 83 88 60 1 51 27 68 52 57 8 14 86 48 50 18 82 8 59 69 78 80 82 11 41 4 46 13 71 52 88 84 47 90 66 63 47 30 17 86 97 94 36 77 74 43 16 41 81 36 42 77 46 53 83 92 61 46 26 16 60 22 73 44 80 58 65 90 39 46 28 55 45 1 47 39 24 31 41 58 65 5 3 98 4 54 80 94 29 25 53 75 81 4 13 34 74 42 34 2 21 17 89 8 90 36 59 9 54 10 68 14 95 76 35 28 66 30 5 33 20 59 77 62 87 49 93 82 73 18 64 83 99 74 20
 100 44 62 42 19 16 4 11 90 88 26 1 10 75 91 52 1 76 95 49 45 94 55 72 3 39 94 26 18 47 96 58 39 3 100 30 70 78 27 43 71 43 79 73 48 97 31 11 48 86 43 54 28 6 23 39 74 93 68 24 34 18 99 41 5 38 47 37 61 73 74 39 93 52 61 38 56 31 76 19 83 10 97 49 88 34 87 89 38 80 29 42 20 43 52 56 99 27 22 52 92 44 83 91 13 31 56 46 28 42 26 74 79 55 22 90 82 21 89 34 32 24 91 35 39 71 62 94 27 82 65 66 86 90 4 47 57 52 39 71 20 7 22 45
 6 92 96 33 85 46 69 84 43 11 46 54 27 31 25 43 98 19 9 28 50 36 61 86 88 50 13 14 90 94 13 13 21 44 14 43 60 43 80 19 63 81 10 58 98 14 59 25 58 6 36 58 38 94 86 98 44 45 10 73 97 17 79 53 90 44 44 58 52 49 11 40 83 62 18 43 94 2 31 83 79 82 3 44 39 82 80 48 97 89 16 10 1 25 54 73 96 52 83 50 22 41 76 89 3 19 94 92 56 97 45 53 8 81 40 72 15 95 35 54 65 77 44 45 43 71 50 88 1 5 47 72 77 70 67 91 66 83 34 30 15 19 12 46
 82 78 53 2 74 6 89 77 59 50 24 94 81 88 1 26 71 55 82 66 41 95 70 78 9 99 7 12 59 61 82 35 21 83 100 5 93 53 37 17 59 68 99 66 98 25 97 86 92 31 57 73 44 97 95 30 90 48 35 44 51 74 6 33 39 47 42 45 49 39 37 80 26 90 29 17 88 24 14 46 17 74 97 8 36 6 26 79 97 76 61 51 73 8 48 10 59 92 57 49 18 60 39 3 27 7 58 43 30 8 24 54 47 80 5 61 22 9 2 6 26 19 100 80 93 35 21 98 3 28 48 33 62 43 16 15 54 21 61 58 41 36 31 4
 67 33 19 84 56 4 38 85 27 19 90 86 78 1 81 88 82 66 47 95 81 5 21 1 13 45 65 85 99 93 92 86 15 46 74 17 76 80 86 35 96 25 72 8 37 11 51 47 96 97 23 88 16 97 75 49 26 35 28 4 55 86 13 72 67 3 90 1 80 48 66 6 3 72 4 77 68 50 24 7 1 3 22 69 6 22 58 19 4 97 21 51 60 31 59 80 38 7 72 73 85 98 27 48 97 4 87 85 3 29 35 69 74 40 25 21 19 23 96 81 55 47 29 15 78 49 88 91 14 54 85 29 94 42 55 79 20 78 52 79 57 84 86 84
 3098 4397 5287 6604 13741 3463 7739 1582 3744 4825 13428 12951 6809