146 15
 30 16 84 46 30 16 47 1 49 63 61 50 77 48 31 10 56 13 41 5 25 82 27 29 61 47 78 10 24 85 70 48 100 29 93 94 94 57 70 61 98 56 90 14 64 46 16 49 25 69 88 82 82 52 32 31 10 90 32 39 7 15 17 58 54 77 65 78 15 11 69 65 82 10 49 42 2 60 19 40 55 99 1 87 51 33 59 5 72 3 70 20 98 90 22 73 51 8 47 73 85 9 30 59 1 24 74 6 99 43 30 93 17 6 84 90 71 43 30 44 61 81 50 77 60 73 69 42 80 57 42 100 71 10 20 72 75 20 80 93 77 11 51 28 7 95
 84 47 89 8 75 39 100 55 96 88 3 76 75 16 3 99 5 31 71 59 82 42 38 98 78 21 84 4 68 95 15 49 71 59 95 23 3 26 20 48 73 99 82 70 36 94 83 100 26 46 58 20 33 22 79 6 36 62 59 86 75 98 94 2 76 13 27 68 69 2 67 60 44 18 25 86 62 96 57 82 77 81 48 83 27 20 48 46 95 5 15 52 74 58 48 9 98 98 46 6 14 73 82 64 60 65 25 74 25 53 82 14 87 5 99 34 30 50 33 38 60 41 16 55 53 25 45 8 50 62 96 39 40 37 96 78 56 40 52 19 2 37 100 74 25 5
 30 34 15 43 70 92 16 94 23 74 5 81 49 41 71 48 12 18 51 35 27 73 71 72 8 74 55 19 19 84 61 82 14 32 76 74 14 31 30 4 86 49 45 32 33 88 3 43 23 76 97 96 32 51 40 11 22 45 40 31 31 44 66 51 54 88 67 2 79 70 9 54 89 9 64 2 99 96 62 20 78 10 54 32 38 1 50 78 15 83 82 41 79 78 61 91 38 75 49 77 64 87 69 31 96 9 36 79 3 47 94 39 8 55 48 12 45 34 100 49 83 62 1 62 29 97 92 34 18 19 66 72 26 58 91 67 99 59 29 96 38 48 34 53 32 42
 87 83 42 18 45 32 91 79 78 98 3 46 42 88 41 18 34 18 24 80 30 30 92 57 23 54 92 26 8 97 52 80 88 57 23 67 46 48 31 12 26 49 87 40 96 22 65 16 81 62 78 19 79 98 74 59 85 43 11 41 73 31 49 13 12 35 42 77 59 40 10 78 76 74 30 48 54 76 16 94 94 85 42 79 92 49 78 4 49 28 35 62 39 1 27 62 92 17 61 82 96 2 60 23 20 21 41 79 97 89 32 98 81 37 78 28 74 44 45 13 6 81 78 81 82 48 64 33 7 56 66 84 83 76 27 58 63 76 87 72 31 41 59 92 14 70
 92 53 22 92 81 93 25 20 61 99 87 60 65 77 90 37 61 62 28 51 52 87 80 93 84 7 78 39 25 19 27 10 24 65 39 42 88 62 77 26 30 70 86 71 32 56 87 100 1 95 30 51 92 93 67 91 54 100 32 5 13 75 39 35 23 85 33 18 36 93 22 45 12 81 49 68 9 48 20 39 58 48 88 80 100 29 27 55 64 1 33 53 52 71 100 53 30 86 32 29 24 76 35 98 82 42 80 93 36 49 29 46 82 38 19 62 82 67 14 97 38 91 45 77 53 24 71 27 40 95 29 50 52 58 50 99 78 44 39 82 39 79 45 43 83 15
 52 85 98 37 40 37 25 31 20 39 50 74 86 32 24 65 95 43 56 46 72 5 4 71 41 67 56 98 22 64 18 79 84 93 34 85 57 27 13 23 28 87 79 7 90 33 83 58 78 2 52 79 50 37 28 8 14 46 15 18 72 13 48 71 96 78 57 91 89 52 20 13 5 35 57 88 81 15 1 64 51 68 14 83 27 94 86 39 98 83 15 37 33 47 68 71 45 20 75 91 75 78 6 62 3 64 91 11 97 4 43 37 72 9 99 6 45 84 62 40 81 4 60 4 19 10 9 42 45 36 36 19 67 92 72 39 56 83 72 58 79 38 72 39 9 28
 5 8 59 30 59 34 20 76 78 50 47 55 92 12 20 69 14 1 31 81 83 39 100 41 47 73 11 95 5 57 22 60 96 100 12 84 85 40 73 61 17 11 88 83 6 18 54 57 100 80 46 34 73 49 1 52 45 67 32 19 72 98 40 16 93 11 38 55 94 72 94 33 94 21 42 59 42 17 28 76 90 73 35 100 19 91 15 62 99 30 92 94 10 65 33 75 33 16 10 52 60 84 83 64 88 60 78 79 65 14 84 21 13 16 41 66 66 96 65 60 64 83 9 82 85 39 39 27 95 38 48 61 82 16 78 78 45 47 3 37 61 8 40 5 77 35
 55 60 19 6 38 51 41 42 77 5 24 47 74 43 38 28 51 39 62 22 15 61 66 18 72 35 79 46 71 27 82 14 60 87 1 99 4 87 50 29 64 89 22 56 33 21 70 91 48 49 90 92 73 42 58 32 61 95 98 11 95 6 19 44 13 71 76 98 36 3 11 1 77 83 92 81 43 61 91 4 12 81 61 16 34 48 58 96 12 31 38 46 82 96 9 27 87 21 20 71 2 21 46 86 98 40 31 51 75 91 36 45 53 11 7 23 31 63 24 26 75 67 14 26 73 61 41 22 57 1 96 31 67 11 23 89 13 53 96 53 95 6 18 50 56 78
 13 41 63 56 31 6 70 64 38 77 64 38 85 86 58 32 15 62 92 15 92 82 33 24 83 49 23 3 60 12 76 93 98 22 39 82 4 54 3 24 72 60 65 81 7 9 81 69 18 52 38 55 36 20 66 83 41 91 9 22 4 40 29 51 10 76 54 43 31 68 72 92 78 12 30 26 92 72 41 13 10 52 60 53 83 8 78 32 99 77 35 93 52 50 23 69 71 95 88 91 21 95 69 49 87 33 6 65 72 21 65 92 3 74 85 98 81 15 78 12 38 23 98 52 46 20 91 53 54 93 43 45 22 66 67 88 19 14 27 35 29 17 9 91 9 30
 39 27 65 88 7 32 82 57 67 77 24 20 55 29 92 1 57 82 41 16 81 23 49 22 86 4 42 49 45 87 80 27 71 39 100 75 57 34 74 56 26 63 66 7 27 65 52 82 52 46 31 92 54 5 1 40 55 59 37 24 17 25 59 66 67 54 42 36 83 51 78 46 75 96 11 26 17 72 21 34 30 60 1 58 17 93 94 100 26 43 5 51 13 98 44 60 90 12 21 59 42 96 17 35 86 77 34 62 53 26 47 54 22 40 27 18 53 83 21 96 3 10 57 94 65 81 35 2 65 27 70 62 69 32 35 26 43 28 74 56 85 57 61 19 39 38
 14 14 85 91 39 70 12 41 79 7 74 99 73 29 78 34 50 38 5 62 40 51 37 28 66 30 50 17 92 38 42 44 95 76 32 91 100 35 18 93 13 59 47 17 43 59 42 95 16 36 21 95 65 72 82 81 65 3 19 19 61 46 92 90 63 27 30 12 45 55 81 57 68 13 58 21 35 29 99 66 15 49 39 87 89 30 82 36 10 21 14 100 34 41 14 56 60 29 49 43 94 40 70 96 9 32 71 67 71 31 89 76 78 64 49 100 59 54 19 8 12 54 65 30 38 95 55 95 90 13 75 3 37 65 79 67 4 51 30 51 57 73 38 12 10 70
 13 28 81 80 3 52 10 84 9 9 40 33 100 28 9 93 8 64 56 78 45 88 33 6 18 42 74 31 91 76 1 54 53 40 88 27 23 26 53 59 21 56 84 19 38 63 22 89 41 11 52 53 14 41 83 67 4 86 57 96 8 32 95 64 67 15 94 85 30 6 54 91 76 80 85 33 15 33 24 62 81 23 53 40 5 98 27 60 10 23 6 96 82 66 23 63 41 31 62 25 35 9 10 24 98 66 95 48 81 2 72 52 16 64 65 17 38 16 8 95 68 96 32 6 7 89 79 22 28 14 57 26 71 18 16 56 37 30 69 21 56 47 59 68 54 37
 85 47 29 92 15 69 88 68 20 92 8 19 42 53 23 8 23 71 18 31 40 30 42 51 67 10 79 64 6 23 36 88 84 75 79 34 90 78 16 76 64 77 69 98 93 40 100 74 68 87 74 98 75 50 4 86 18 92 71 12 92 90 79 99 96 20 69 23 80 74 48 18 50 56 99 32 68 25 41 76 83 87 66 24 36 75 59 98 39 44 91 80 61 14 53 47 16 88 12 27 89 69 13 41 9 29 79 71 46 72 73 10 47 19 78 50 78 74 63 25 63 14 46 49 1 22 95 19 68 25 55 18 37 72 37 7 80 44 76 61 67 15 9 90 73 92
 44 7 47 62 27 53 63 56 8 22 31 83 71 93 77 11 90 28 92 81 44 12 49 92 10 74 52 47 76 22 57 68 60 95 62 46 84 98 14 95 82 1 57 49 32 29 49 97 9 8 27 46 14 66 4 64 2 18 78 90 61 18 21 72 34 84 65 71 44 27 91 35 23 50 54 97 84 100 54 4 85 30 97 71 88 84 30 66 86 56 47 95 22 43 24 55 96 87 64 5 2 88 60 81 80 85 54 55 21 79 33 49 66 81 74 27 79 12 70 81 18 17 71 3 100 27 85 61 80 93 79 17 51 73 18 7 44 54 58 20 69 75 56 57 7 83
 49 25 99 26 77 72 51 26 2 78 71 42 30 28 65 64 49 26 39 9 77 50 53 90 71 31 6 36 91 82 37 19 55 44 99 6 65 100 72 40 74 24 93 35 91 22 78 29 49 49 35 29 3 61 51 8 62 88 17 39 10 55 95 10 76 62 65 98 24 41 49 87 80 6 89 72 43 10 4 12 80 4 99 21 89 68 31 23 13 15 48 91 7 40 21 63 100 69 75 43 31 91 5 94 94 83 83 77 97 9 83 70 82 21 4 4 24 21 32 70 32 39 47 91 46 78 43 25 80 32 39 35 64 33 30 18 38 52 1 17 83 66 11 89 73 94
 62 81 71 8 8 100 19 68 13 82 75 38 89 49 84 16 52 91 2 41 87 86 99 65 74 37 16 40 59 71 63 51 100 28 43 46 37 43 19 27 13 71 17 78 67 69 99 54 44 13 2 33 42 15 87 3 17 57 96 25 37 94 44 42 67 93 49 38 58 93 13 12 90 19 80 63 5 60 91 53 26 34 72 86 59 65 6 81 70 77 62 54 22 63 7 36 61 37 79 100 38 8 39 56 25 34 14 89 56 70 78 12 38 29 27 42 90 60 38 8 70 23 43 96 66 99 45 17 57 9 85 73 61 96 85 26 76 48 39 42 62 5 34 63 92 11
 1772 12794 5337 10590 13853 12053 533 12045 7160 10389 7911 8578 12665 6760 8538