117 10
 75 43 33 37 38 8 19 93 43 41 88 37 91 58 83 82 24 59 75 14 38 34 17 75 42 30 33 77 73 27 7 10 96 54 85 89 52 6 55 66 95 75 97 9 95 6 36 61 20 72 77 38 79 69 13 64 28 100 53 53 57 29 79 58 51 39 92 58 76 17 65 67 42 83 44 5 1 16 43 30 13 6 88 27 66 44 51 89 47 24 37 4 15 31 64 6 14 40 58 95 21 96 19 35 64 54 10 55 46 86 96 49 86 54 69 72 73
 66 50 56 42 64 69 54 14 3 97 37 31 8 39 40 81 28 13 50 52 9 58 29 83 40 85 29 5 68 25 14 83 3 82 92 35 3 14 82 29 39 45 24 18 15 45 28 73 29 50 79 44 45 4 52 15 83 50 100 94 94 18 48 40 70 39 90 74 78 1 74 40 89 34 67 92 19 42 84 84 44 14 20 89 82 51 46 1 10 48 81 33 37 81 53 30 97 41 71 19 50 10 22 90 58 24 64 9 23 42 63 70 75 6 78 38 39
 8 7 96 61 9 26 18 16 67 43 71 11 10 27 68 21 91 62 34 37 85 82 88 27 14 67 23 73 41 49 6 61 84 94 11 32 23 13 36 96 35 93 54 93 91 91 41 44 24 40 77 72 57 73 92 2 15 79 11 38 30 18 61 10 78 24 54 71 47 90 37 40 82 23 67 57 41 45 96 73 34 97 18 84 49 78 8 47 5 21 5 4 17 75 7 76 24 62 90 43 44 13 31 53 77 50 65 57 38 64 2 96 55 88 39 30 38
 82 1 80 39 91 9 50 72 38 73 93 52 12 43 84 74 80 20 98 97 17 98 23 66 68 95 18 46 96 67 19 34 20 39 68 37 13 46 42 41 16 65 79 35 67 12 16 12 93 47 94 37 34 59 41 8 5 84 73 11 29 65 53 86 77 61 37 12 86 3 60 11 37 76 3 21 23 41 58 23 56 31 47 25 70 85 34 86 4 76 59 9 42 84 31 92 18 35 18 86 84 70 63 39 75 57 18 11 17 48 100 96 71 49 41 9 99
 96 11 53 7 62 15 21 19 56 52 100 37 8 43 45 34 34 85 19 52 19 9 97 57 43 98 86 37 84 37 56 10 29 63 9 66 13 19 67 22 22 97 79 51 61 73 90 19 59 65 40 96 9 18 52 26 12 36 3 84 82 69 29 7 37 10 77 56 73 43 55 62 81 40 89 21 17 85 50 36 76 47 48 73 94 18 20 97 37 84 33 56 10 64 19 26 85 31 48 66 3 45 29 86 12 81 8 55 10 5 49 50 59 20 63 41 57
 79 29 63 42 30 1 29 31 93 33 75 52 35 97 64 87 24 29 8 25 38 90 89 44 43 100 73 20 47 94 64 96 3 91 12 36 93 32 22 15 48 11 83 100 43 88 89 77 15 54 61 81 28 66 73 88 41 24 14 96 17 45 86 9 77 86 87 38 49 57 6 77 86 49 9 79 57 53 35 74 84 18 64 25 36 78 58 4 26 67 89 11 30 11 96 20 59 73 3 6 12 93 80 95 91 9 2 37 33 100 84 22 63 95 1 77 44
 55 29 19 44 85 31 78 66 57 16 41 31 43 70 40 41 96 98 49 63 65 68 7 72 61 21 67 89 35 37 51 5 61 44 8 63 21 46 8 81 21 42 97 97 29 80 71 91 45 18 36 58 97 42 13 29 36 85 1 76 100 86 87 49 92 53 68 14 11 56 16 26 11 60 100 54 83 73 4 2 3 38 41 3 99 38 6 52 1 83 82 69 22 88 81 72 21 30 17 90 50 14 13 16 21 25 19 70 47 61 89 60 75 41 12 75 64
 67 33 32 80 48 19 53 4 2 87 23 31 28 47 78 11 93 70 88 99 57 83 14 57 66 87 75 70 17 35 48 25 36 20 33 21 1 84 2 95 57 87 28 58 44 55 53 34 70 24 77 68 15 31 90 64 28 50 89 8 59 94 16 4 40 92 36 98 77 52 97 77 58 35 86 51 74 69 84 39 7 84 57 46 26 72 10 37 9 5 64 64 63 25 5 73 28 14 22 42 28 56 49 1 72 66 28 59 72 8 95 58 50 19 19 83 85
 91 2 93 15 97 65 72 2 67 8 36 42 66 47 31 28 48 4 81 83 39 88 27 63 94 15 74 8 40 46 45 4 62 79 71 22 88 96 81 52 82 3 59 94 82 11 32 21 52 99 7 10 77 41 49 1 35 44 90 58 41 3 69 78 97 21 24 95 17 45 63 90 17 91 36 42 52 46 8 41 38 18 66 96 91 8 54 75 36 46 47 38 53 83 3 70 100 12 84 64 99 18 44 21 11 2 71 96 67 25 44 61 76 60 2 80 51
 54 49 78 34 90 75 85 7 60 19 5 23 17 29 80 49 16 9 8 21 99 46 13 99 71 49 31 75 76 64 77 79 85 88 22 48 91 75 63 76 89 74 78 12 40 17 27 43 70 49 86 93 57 89 77 6 92 33 73 94 64 21 21 39 10 44 64 41 96 55 24 35 2 70 35 86 20 16 6 94 47 1 35 80 11 91 47 56 78 76 54 12 29 14 17 79 84 89 1 79 83 24 76 67 45 20 42 25 80 33 86 75 41 22 85 24 46
 38 88 11 63 48 15 94 15 55 27 83 16 8 31 97 40 2 2 8 65 68 2 28 14 49 41 37 51 27 6 22 60 12 23 38 100 16 49 44 78 57 64 68 1 66 21 4 9 32 4 84 6 60 29 91 51 90 28 8 33 83 81 3 78 66 95 8 66 35 32 60 9 39 62 86 55 12 36 89 66 76 92 19 82 36 82 68 2 93 63 14 53 15 43 6 68 5 67 53 15 81 10 91 37 30 99 45 51 13 83 24 70 52 9 63 24 40
 10755 108 2309 6747 3660 3579 5334 476 5868 7709