98 8
 19 2 3 11 10 9 8 9 5 10 14 9 4 14 8 8 7 12 14 1 16 16 12 11 5 20 10 20 9 14 6 19 7 8 13 17 16 9 17 13 14 4 10 14 5 20 7 9 10 13 13 16 17 11 8 9 7 15 15 10 7 20 15 12 5 12 10 15 10 4 12 17 9 20 13 15 19 12 6 13 8 17 5 2 4 10 20 5 12 1 19 20 8 17 14 2 3 20
 10 6 18 9 8 9 5 4 6 12 17 5 9 2 11 17 3 18 17 8 2 13 1 17 10 4 9 4 1 12 6 2 12 14 5 15 15 20 5 14 7 2 2 17 10 10 5 14 1 12 3 12 12 9 6 4 1 9 19 12 17 5 4 3 15 19 19 10 15 7 3 17 20 2 16 3 8 15 6 20 6 12 10 5 7 13 9 17 11 20 10 5 3 14 11 9 11 4
 10 15 15 6 7 17 15 12 4 16 15 14 14 12 14 11 13 6 6 15 1 13 5 4 18 16 7 7 13 11 9 12 17 4 19 9 5 9 4 7 14 2 4 18 10 2 5 15 10 10 20 20 2 18 14 10 8 4 9 13 6 4 5 4 10 7 8 10 17 7 6 11 2 6 2 5 15 20 7 14 19 11 7 19 18 13 6 19 20 11 5 6 5 9 12 15 7 17
 15 9 19 7 15 3 1 16 20 6 16 5 7 14 19 10 13 16 7 8 12 18 3 6 20 17 12 14 19 8 14 9 9 9 1 16 19 10 5 3 14 7 4 3 13 2 8 4 1 19 17 17 20 5 2 20 9 5 7 7 10 14 16 10 18 7 12 1 5 5 16 15 11 11 12 12 16 15 18 18 15 2 9 12 19 7 2 8 15 11 14 16 11 19 17 4 14 18
 7 1 4 13 20 7 9 10 8 5 18 17 16 15 1 14 4 2 10 15 3 9 16 1 7 16 5 4 20 15 19 19 13 9 15 17 5 8 5 7 15 12 17 15 1 12 7 2 19 16 17 11 7 5 20 9 7 19 20 18 8 16 11 6 10 3 13 4 4 1 14 19 5 11 10 11 18 20 10 17 14 9 8 3 12 12 18 6 1 3 17 16 20 7 19 13 9 19
 7 20 20 11 18 16 5 1 5 14 10 11 14 3 13 15 5 11 9 4 12 12 1 15 19 18 5 16 8 16 15 3 12 11 3 18 2 11 10 7 2 9 19 13 17 19 13 13 4 2 20 8 12 8 2 11 12 15 14 8 3 2 13 2 2 16 7 2 16 8 3 9 20 1 14 9 12 15 12 15 19 20 2 18 15 14 1 2 16 4 9 2 4 17 9 16 15 2
 11 16 19 9 9 4 9 19 11 7 16 15 9 9 8 11 9 11 17 19 1 8 4 1 10 7 2 6 12 20 12 9 18 13 13 8 5 11 20 20 17 17 16 17 11 3 20 17 12 17 14 3 15 14 17 3 20 11 15 16 14 13 3 15 18 20 13 20 14 18 8 17 15 11 12 1 11 5 11 5 9 15 17 16 19 10 19 6 13 11 16 13 12 5 4 16 16 3
 9 4 17 19 16 3 6 17 3 14 20 1 19 9 19 9 19 19 11 4 3 1 7 6 9 9 8 8 19 12 17 5 6 7 12 20 2 17 6 18 9 20 12 2 7 4 17 9 1 5 10 11 15 6 12 6 5 19 3 2 7 15 7 14 16 15 10 8 9 10 10 6 14 5 20 11 11 7 16 7 2 15 14 3 13 17 20 4 8 6 13 19 7 20 9 10 10 8
 11 14 14 1 10 14 12 10 2 15 10 14 19 1 9 13 14 16 12 8 8 12 13 4 8 2 20 11 5 14 10 1 13 15 7 10 4 3 1 20 17 11 15 12 17 19 11 12 11 7 1 8 15 1 5 17 1 19 17 15 20 15 19 9 9 1 10 12 8 6 10 17 9 20 12 10 14 4 15 9 3 19 2 20 18 2 5 15 8 2 4 7 19 1 10 19 10 12
 1548 321 1883 171 774 1946 1130 1694