149 10
 19 16 41 70 47 5 98 67 33 71 93 88 54 87 26 70 77 8 39 81 80 48 80 15 7 54 35 32 43 7 14 26 13 82 55 7 27 76 28 30 36 36 66 28 34 37 3 4 15 49 37 4 98 6 15 97 84 40 65 62 66 32 36 36 74 57 8 10 77 20 6 35 10 90 27 21 9 37 37 21 36 5 41 64 6 90 90 24 17 22 66 11 28 90 33 30 47 45 100 30 94 6 74 17 87 5 12 8 27 83 74 62 62 14 31 35 34 51 55 95 88 68 30 55 88 17 8 97 29 80 14 6 63 51 76 45 39 5 43 35 6 72 97 79 38 65 41 21 57
 90 50 8 34 21 42 23 18 40 67 78 7 6 11 90 74 72 77 48 65 70 8 17 9 27 24 97 23 58 31 72 67 99 36 80 71 7 7 41 31 37 87 12 63 11 6 41 63 6 18 31 28 77 9 13 53 17 54 59 44 22 86 33 96 27 54 61 18 20 51 98 61 68 35 12 16 87 19 78 60 17 68 11 31 98 46 70 38 35 26 57 81 9 28 7 97 60 23 68 25 11 53 48 3 26 1 45 94 32 47 17 98 97 38 27 44 96 30 39 32 17 54 79 55 56 97 45 77 79 5 78 94 31 42 20 72 58 26 42 31 30 72 71 38 26 100 92 82 75
 93 64 22 76 4 32 82 44 38 7 55 4 69 68 19 38 87 52 88 99 39 43 36 14 24 50 51 80 19 38 62 7 11 99 19 25 31 45 15 20 28 97 71 44 24 31 53 52 27 4 6 59 12 29 57 62 9 21 83 74 20 54 94 24 88 74 52 52 53 87 52 77 100 55 17 62 1 69 18 27 53 79 70 90 73 5 62 94 63 60 10 80 62 17 2 69 19 18 24 97 62 89 40 74 79 84 39 51 61 67 2 15 39 14 10 93 37 37 7 34 12 80 43 75 31 36 13 7 80 43 29 98 41 27 8 28 88 77 12 41 13 44 3 45 59 94 48 62 26
 25 60 41 16 75 63 13 39 96 72 21 56 64 72 68 40 55 38 86 5 51 2 69 85 13 7 90 41 7 70 18 10 59 63 31 40 38 31 17 26 100 83 44 37 17 37 4 47 58 38 98 15 30 84 24 9 50 86 54 1 99 91 72 25 14 80 25 88 79 2 34 93 58 89 55 52 59 36 9 46 69 52 7 72 85 11 12 23 94 26 89 32 16 59 58 96 90 39 65 66 77 55 24 27 28 47 30 87 40 4 69 50 40 2 41 46 52 14 100 3 2 69 31 44 12 14 6 82 57 62 60 99 47 60 83 47 28 59 97 39 50 3 30 24 39 92 9 74 83
 91 69 25 49 50 1 11 50 1 24 47 2 88 27 9 91 61 100 8 50 58 64 44 61 59 23 62 61 30 65 60 91 89 71 36 60 22 61 74 4 73 45 12 37 70 4 35 80 53 18 38 63 3 47 90 4 62 22 72 3 14 80 85 7 13 39 78 16 77 95 22 29 29 29 41 96 78 5 3 10 90 37 51 34 37 85 32 97 99 54 97 8 99 23 68 87 55 88 77 81 62 53 93 64 99 60 31 73 37 50 80 6 45 36 14 78 59 93 46 9 68 13 33 64 77 27 75 8 76 21 46 10 16 90 15 73 63 1 18 28 14 10 19 16 82 17 67 89 50
 48 2 8 75 15 41 36 7 41 86 9 46 87 4 98 37 4 88 98 96 75 81 88 74 65 21 95 90 87 95 16 18 74 1 11 100 39 79 100 41 91 64 97 4 60 67 28 24 84 60 93 71 92 4 40 91 38 69 94 75 18 43 18 55 49 93 85 89 70 65 48 71 37 18 44 44 71 1 73 63 29 96 91 8 76 54 81 3 96 9 91 4 25 23 55 48 32 34 53 14 47 3 1 41 24 98 72 90 39 89 92 16 68 54 20 15 99 85 61 23 64 16 81 82 29 87 75 53 54 23 63 46 45 77 43 15 55 75 65 62 57 75 39 94 2 21 55 43 85
 25 41 37 72 82 54 50 33 91 51 82 48 47 50 22 37 63 17 84 8 72 30 84 61 45 40 53 64 43 31 69 34 57 61 94 72 43 97 19 85 54 8 92 55 9 100 75 35 45 45 86 43 38 96 60 38 66 54 95 66 17 93 94 2 75 29 72 75 26 14 79 25 93 23 36 29 76 51 53 47 43 17 62 84 31 92 23 61 79 4 29 89 34 25 40 42 23 30 88 97 69 76 49 63 8 72 83 33 7 98 84 87 16 68 76 6 30 83 7 15 14 73 44 41 71 53 65 75 21 93 45 11 10 9 41 76 43 61 55 64 31 77 24 28 5 93 52 27 95
 92 43 21 40 100 78 47 83 71 72 6 58 70 81 88 79 84 73 9 31 67 9 94 90 25 83 84 24 45 66 49 43 34 19 3 13 11 53 76 38 92 19 82 17 51 80 92 33 75 96 60 78 31 62 93 54 44 16 73 13 67 21 57 9 43 66 63 17 3 80 90 3 25 99 17 65 100 99 51 19 4 99 29 95 2 33 20 10 79 80 45 90 66 26 46 20 36 80 47 85 79 30 75 84 39 44 63 64 94 24 46 86 95 29 90 49 29 38 62 2 10 87 52 36 84 95 80 38 65 21 69 90 43 29 41 74 33 36 25 88 90 35 28 68 93 48 34 47 50
 67 32 98 43 60 97 100 94 64 91 67 11 57 86 79 60 26 43 45 19 66 76 99 68 81 34 37 27 4 49 65 76 64 42 69 41 62 49 78 32 25 27 21 55 47 97 31 1 1 63 25 47 39 98 98 59 62 18 24 86 17 4 50 25 32 38 18 7 52 56 11 89 62 76 49 89 74 92 98 53 70 37 30 51 45 51 38 51 50 48 34 30 46 38 4 18 76 10 87 83 54 46 25 26 18 56 65 14 76 47 42 15 44 57 53 84 18 46 20 56 1 57 55 29 35 43 60 58 96 99 99 88 89 51 67 29 78 38 63 87 49 73 61 58 88 73 47 79 8
 30 55 73 81 77 33 82 1 84 52 88 13 67 3 81 53 46 29 78 82 74 83 6 77 8 3 52 57 83 53 2 33 77 83 47 35 50 65 98 22 30 27 70 22 78 47 61 76 19 86 3 92 76 85 42 4 86 1 92 78 10 33 28 95 51 69 85 30 68 10 74 42 88 73 84 65 100 7 92 14 93 44 54 54 90 1 41 27 80 25 12 74 32 93 5 68 70 84 41 94 26 46 40 59 97 38 89 84 81 73 45 3 43 21 97 37 71 13 2 37 51 74 64 9 94 70 28 45 32 47 70 68 83 88 48 66 3 65 44 61 27 8 55 32 23 6 72 49 70
 86 87 66 15 31 21 59 85 93 18 11 81 2 92 93 58 48 13 48 18 1 60 97 96 24 27 22 69 19 85 27 18 17 32 61 50 14 47 25 85 24 62 80 25 76 70 99 5 25 12 20 6 88 7 2 45 39 5 48 75 78 38 57 58 62 1 17 24 49 71 41 95 64 63 13 19 95 6 49 88 74 49 41 30 53 78 11 48 23 13 60 77 61 29 67 10 71 15 13 25 92 46 64 1 86 50 7 53 26 25 72 54 70 40 89 67 33 94 90 2 97 53 44 48 76 73 78 68 22 21 61 29 57 44 33 80 11 68 21 5 72 61 95 55 22 13 21 74 20
 2937 8848 9341 9351 10996 188 9894 28 10011 14266