122 10
 16 83 65 69 3 57 78 33 28 55 96 20 31 34 47 78 57 1 11 94 85 76 67 11 62 65 10 29 82 22 80 79 34 12 55 47 97 23 46 43 22 42 27 73 9 41 82 4 29 44 50 30 55 15 56 76 63 62 1 57 55 55 78 100 45 14 93 49 77 24 42 61 28 79 79 36 38 47 60 85 17 39 88 75 5 64 38 57 10 53 81 35 60 88 32 67 37 60 47 61 64 59 86 12 52 30 92 35 92 36 37 57 58 30 22 1 43 98 47 83 66 84
 63 1 4 1 87 69 14 27 7 25 58 96 57 82 99 89 68 79 20 56 20 73 5 60 7 85 93 28 52 42 63 55 37 61 82 86 27 50 26 75 50 78 20 45 92 85 65 3 5 82 61 96 15 67 11 55 66 83 40 95 79 41 68 82 44 69 12 27 85 89 50 19 89 90 8 39 57 43 78 93 49 62 29 86 95 7 58 17 83 57 26 92 73 67 2 55 8 53 77 17 48 52 21 70 77 9 73 72 87 27 37 33 71 61 100 40 86 3 7 12 38 46
 30 48 73 20 97 40 22 50 31 51 69 19 72 97 61 88 7 5 30 83 38 68 66 54 100 64 89 48 10 74 21 63 5 5 66 78 100 98 58 66 4 98 13 56 41 27 16 35 39 20 30 75 99 89 58 94 68 80 50 8 35 70 54 70 69 41 52 7 88 14 92 31 34 23 6 28 40 37 99 38 27 2 89 33 17 96 100 23 17 20 91 36 94 42 43 4 9 40 28 72 75 46 19 15 26 99 87 8 25 22 23 60 7 87 71 27 81 34 34 22 87 14
 13 70 42 54 21 55 8 92 59 97 45 56 50 100 71 88 56 14 27 85 78 56 86 40 34 78 95 11 100 27 56 35 50 2 6 27 54 90 87 69 39 70 10 28 80 82 26 16 21 34 28 21 92 54 76 93 88 73 93 21 46 24 37 37 58 72 63 39 80 49 23 64 24 83 71 6 9 29 80 16 11 59 74 34 8 31 37 3 15 81 7 64 49 100 35 30 95 47 58 49 99 86 54 47 67 28 12 82 70 85 12 1 84 84 59 74 98 83 38 3 62 21
 18 87 90 14 21 25 21 5 6 31 65 32 86 5 87 42 85 38 66 98 81 11 60 37 40 76 35 9 32 75 28 41 32 93 47 98 5 30 55 2 63 70 74 93 67 65 35 65 34 22 44 76 53 82 55 86 16 7 62 36 91 36 36 34 9 57 42 47 13 57 47 57 41 36 40 97 19 13 78 64 86 10 44 7 25 9 62 48 12 88 90 31 73 56 71 12 64 1 93 34 26 75 11 59 91 61 19 3 45 95 16 30 20 69 4 92 82 61 84 71 14 11
 17 42 99 97 75 87 62 45 57 68 8 49 47 98 36 47 75 35 53 50 14 3 54 54 29 20 37 57 45 51 97 64 75 48 57 61 72 25 60 44 59 73 38 40 30 59 75 96 51 100 32 3 95 75 14 25 35 5 39 39 51 6 42 47 15 76 22 71 11 78 7 27 86 45 83 4 29 13 96 50 14 7 50 77 77 11 45 87 15 32 71 90 40 20 6 55 49 55 57 4 80 47 97 83 75 84 3 98 10 44 76 29 84 52 3 83 59 32 16 100 56 67
 86 48 85 72 70 34 90 66 2 49 44 4 1 16 79 32 39 3 65 77 100 24 30 44 52 45 74 73 79 84 79 18 18 53 43 61 91 37 38 32 24 41 3 36 67 66 73 14 39 43 51 79 46 15 4 11 28 7 5 93 6 30 71 59 87 24 50 74 52 91 50 46 68 87 30 18 93 65 74 6 91 29 15 62 57 45 89 32 32 27 49 80 17 70 54 18 35 4 3 7 82 36 89 5 5 57 6 73 8 12 54 19 66 82 55 94 42 68 67 3 16 44
 80 14 54 5 94 43 68 52 27 45 79 62 52 93 28 14 48 84 92 48 34 28 27 79 59 55 58 22 31 79 84 60 58 42 71 100 86 83 19 96 60 86 89 86 22 55 13 39 80 15 28 31 86 49 77 77 21 40 84 96 80 76 68 19 66 16 66 18 64 92 33 77 32 22 35 11 73 26 18 5 27 27 3 84 1 12 40 66 71 2 45 53 85 47 48 55 75 77 12 85 39 70 10 54 55 54 34 21 92 15 99 48 20 12 92 26 12 79 80 38 3 58
 91 59 87 85 40 72 6 47 55 96 71 37 20 73 95 47 55 44 24 87 7 45 4 45 39 68 90 51 96 9 40 36 13 8 85 4 5 63 11 30 94 78 26 10 68 4 99 16 32 40 70 38 30 21 30 89 60 61 20 9 61 63 21 89 68 1 67 100 95 60 8 89 56 33 87 57 62 70 30 51 36 20 88 6 34 62 34 24 15 19 25 24 50 78 65 16 12 67 66 36 26 34 45 87 41 22 86 37 11 29 71 97 89 42 29 100 96 57 33 88 45 29
 28 4 18 12 79 17 44 55 42 85 51 7 45 100 40 11 20 10 37 57 23 43 70 48 20 68 24 80 1 73 81 33 74 18 2 81 21 44 14 49 90 71 83 2 15 81 69 32 88 12 5 25 96 99 63 55 93 62 30 84 23 26 45 93 51 84 51 91 8 67 49 19 40 1 57 90 6 95 21 72 10 57 8 49 86 44 26 51 9 53 50 71 42 23 22 45 36 90 37 86 23 72 36 20 78 58 23 38 55 44 94 36 4 81 2 75 67 65 74 57 93 88
 35 80 79 50 50 28 1 100 39 28 78 14 100 62 45 73 64 45 94 35 7 32 44 2 72 51 69 5 79 66 7 76 68 17 50 34 55 34 85 26 95 28 76 84 17 55 41 14 59 78 35 30 59 75 85 38 96 4 44 81 44 53 71 20 17 84 82 17 47 62 57 67 51 43 60 82 89 88 69 23 28 74 96 60 69 33 18 72 19 8 66 94 37 9 63 94 15 11 22 26 48 63 85 15 93 41 24 64 34 29 40 74 22 20 23 21 68 6 67 56 43 61
 4398 3258 8395 7549 3458 6667 12150 5197 5480 4262