102 8
 71 22 23 29 5 30 69 11 83 33 22 1 74 78 22 43 28 99 50 13 91 40 4 37 1 89 31 90 64 50 98 74 12 78 79 40 26 11 23 2 37 79 28 41 56 82 77 8 3 38 11 72 38 49 15 27 75 97 48 88 50 96 70 19 73 30 69 27 36 7 4 96 96 90 63 59 24 96 58 31 51 1 57 66 28 1 82 33 23 54 52 90 85 100 87 77 88 83 61 90 9 25
 51 95 7 32 62 22 90 45 85 99 7 92 9 48 91 79 81 42 14 43 95 52 84 71 80 58 68 3 92 43 34 70 76 49 47 38 23 74 2 83 82 66 63 82 27 9 30 74 9 13 12 60 83 57 11 92 94 38 87 60 76 54 26 12 65 21 22 37 82 81 78 90 99 60 49 80 17 28 23 5 86 2 51 69 16 85 16 48 19 52 22 98 51 87 32 75 78 35 68 36 78 36
 4 31 94 21 65 70 11 19 11 55 52 50 30 50 78 53 93 77 92 49 8 86 34 43 86 29 54 27 29 80 3 66 79 44 39 99 51 51 37 11 97 51 24 75 37 34 82 89 5 76 76 86 34 10 59 99 38 63 46 74 48 42 8 69 28 75 72 20 36 13 7 28 85 70 55 74 29 99 96 40 37 59 85 19 33 84 45 50 30 50 8 30 70 11 19 72 69 56 95 62 54 25
 92 48 9 32 76 53 58 20 64 88 60 59 81 69 6 78 33 100 71 55 16 71 6 75 14 4 43 35 77 8 74 21 24 23 72 99 60 22 79 15 38 76 77 57 63 55 71 59 89 6 28 30 75 34 95 48 5 41 29 1 51 63 84 59 11 57 68 89 84 4 74 18 55 44 94 57 100 74 41 29 35 61 72 3 62 74 84 42 81 56 98 33 22 28 37 83 69 14 99 8 99 17
 78 52 82 15 29 98 37 33 36 47 55 97 85 33 61 92 100 43 80 28 59 52 30 26 57 100 65 7 96 64 71 62 22 48 63 18 18 26 15 22 8 58 10 7 30 51 70 63 97 9 47 97 36 84 29 58 45 82 81 42 82 85 80 66 26 52 26 32 21 23 73 96 46 57 44 95 66 36 45 15 35 48 73 34 44 75 32 92 72 14 84 22 73 74 76 4 76 20 65 59 51 31
 13 53 48 37 95 93 96 9 41 32 22 45 81 56 51 84 38 84 19 96 64 10 29 94 88 56 27 40 35 5 82 79 53 21 81 7 45 28 9 26 56 10 25 76 83 18 14 47 92 90 8 81 45 7 87 78 18 5 97 44 45 60 3 73 97 70 73 50 60 77 85 58 49 1 19 80 97 27 60 1 18 19 92 51 58 58 19 5 80 58 10 26 39 35 13 96 85 8 31 11 36 70
 15 88 17 32 16 46 51 32 46 31 13 57 36 66 33 62 77 66 14 70 51 32 33 2 42 40 68 8 91 7 62 53 63 87 4 11 94 49 62 69 88 80 50 29 49 41 45 72 54 52 41 73 68 53 54 89 57 87 57 2 37 31 100 55 67 20 39 2 21 19 81 98 7 3 64 81 89 99 77 13 51 3 49 21 1 23 39 33 25 67 5 5 51 12 89 68 73 62 45 33 14 48
 19 20 80 37 40 96 9 46 59 42 13 35 75 80 79 57 78 30 39 81 68 40 24 72 13 37 30 67 17 21 83 93 46 49 36 31 73 31 58 1 24 77 79 75 83 99 75 81 58 72 56 55 72 93 88 70 4 62 73 73 99 44 31 95 37 71 18 76 36 49 40 91 74 5 44 5 91 57 13 44 67 43 98 7 100 28 37 100 4 98 14 15 12 10 53 13 66 18 33 34 53 65
 45 89 31 32 47 60 23 86 82 87 73 29 90 66 22 46 7 19 65 43 6 80 16 29 31 28 66 48 30 98 93 63 63 2 22 80 71 11 95 25 30 26 88 3 75 43 42 64 27 84 42 93 99 94 5 77 57 59 100 60 20 7 94 76 91 80 39 78 82 7 98 22 11 64 84 23 34 92 98 88 16 27 72 23 3 39 1 76 51 32 78 33 47 5 34 45 63 7 28 45 14 43
 8353 2783 6684 4004 331 6133 9951 8548