126 14
 24 100 95 71 65 13 69 74 22 55 25 67 79 56 34 86 73 4 65 27 73 67 93 30 72 88 23 53 19 1 100 34 23 93 14 29 99 61 30 67 36 84 100 97 67 40 14 64 77 50 68 39 13 2 44 83 61 40 52 91 35 14 71 86 24 67 87 76 38 65 64 35 33 83 54 42 65 28 96 48 36 33 70 34 40 73 21 12 30 52 10 18 15 65 15 79 13 91 63 16 13 47 79 49 5 54 30 63 69 91 46 74 72 78 42 5 100 84 76 77 27 30 4 36 21 57
 18 21 17 8 34 50 41 92 33 39 31 7 67 47 22 72 100 38 35 3 21 61 60 47 6 67 30 40 15 88 91 18 71 97 93 56 28 14 19 98 14 9 64 99 55 77 9 57 49 22 98 72 10 38 85 50 100 35 24 64 1 24 50 50 33 20 3 27 95 22 36 100 24 54 23 15 99 9 58 18 90 38 73 4 89 15 25 69 38 71 34 71 78 11 51 61 62 45 98 32 93 40 67 40 55 99 41 55 22 36 30 45 20 23 43 86 62 40 62 33 64 4 79 70 40 97
 77 12 3 70 54 93 49 17 70 53 73 20 57 99 38 90 26 39 27 43 13 55 8 37 7 95 59 53 12 24 86 51 66 77 3 93 59 35 16 39 62 23 13 51 64 70 37 10 24 60 78 64 44 83 26 43 29 31 9 34 26 90 12 66 13 74 15 35 80 11 3 4 31 44 70 89 5 70 80 1 11 66 21 49 61 87 25 84 8 24 90 34 62 13 31 29 74 66 19 35 9 30 8 78 7 85 52 54 88 93 45 32 57 86 94 88 22 68 3 64 74 34 80 67 38 26
 73 60 75 89 83 99 39 35 62 95 64 61 92 69 56 47 69 81 27 38 95 66 19 61 58 75 71 76 76 67 98 100 38 94 44 70 94 47 15 28 82 33 95 24 71 78 22 55 10 74 30 71 1 84 85 77 17 34 13 17 44 100 66 1 55 42 1 23 79 64 72 35 74 67 37 49 66 7 47 35 36 9 64 12 74 74 56 25 58 84 59 8 93 73 15 89 56 35 19 77 77 60 70 99 57 9 45 17 67 12 51 48 71 99 53 37 81 5 51 79 9 57 15 97 26 86
 59 88 1 72 1 77 95 69 44 28 43 78 4 8 3 78 72 34 73 27 40 39 51 88 72 54 48 63 75 56 93 18 80 5 53 31 56 35 94 67 38 64 34 6 14 24 4 45 51 21 89 87 99 68 84 61 60 75 66 62 87 96 60 72 41 50 38 67 36 78 49 54 18 20 71 9 88 10 24 65 51 11 36 12 48 1 10 25 49 40 8 89 77 34 100 31 85 59 59 92 45 5 25 86 80 86 23 34 20 44 47 64 20 7 2 90 22 11 61 63 93 65 10 52 1 70
 91 87 33 56 16 8 23 80 70 62 91 98 35 77 61 80 45 95 59 47 43 44 92 76 93 35 91 72 75 9 47 26 66 57 69 82 46 36 27 84 27 10 93 35 19 86 96 94 44 62 32 36 51 15 25 58 33 43 49 68 99 72 77 46 3 70 96 5 72 42 57 26 42 21 53 26 12 66 90 24 80 99 17 64 52 41 63 5 75 27 10 72 85 22 24 92 55 87 83 26 45 79 55 2 73 42 53 8 33 18 70 48 100 36 74 59 83 91 58 34 87 64 68 20 40 96
 1 71 67 94 66 71 16 100 76 99 100 49 97 28 8 57 66 34 41 83 70 24 70 38 99 59 74 28 58 37 39 41 53 25 51 77 62 42 77 65 35 86 83 21 54 58 15 73 45 14 87 78 72 41 82 18 20 46 44 53 16 22 83 10 74 47 39 10 79 22 47 89 55 78 52 51 78 13 54 15 31 33 86 44 79 85 15 100 74 59 49 63 83 73 20 95 99 34 48 39 78 27 27 1 19 26 80 14 18 80 99 27 15 42 64 79 42 34 34 61 31 77 89 57 66 21
 24 28 10 9 77 34 75 35 68 99 19 34 4 81 28 47 66 92 62 1 59 48 25 68 38 27 40 91 31 46 7 4 7 75 8 4 76 34 88 5 7 100 92 64 66 77 37 82 72 62 71 38 3 83 85 83 59 76 7 28 64 49 12 39 25 86 79 94 12 58 40 58 81 80 74 83 38 36 51 31 39 26 48 69 81 58 1 55 37 68 60 8 87 27 36 38 17 4 31 48 89 59 4 45 10 24 94 76 16 31 31 73 25 55 92 64 58 96 7 37 45 20 47 51 88 62
 65 64 83 11 78 22 98 7 35 43 1 13 46 4 90 44 88 59 62 23 29 97 1 55 13 59 7 10 45 71 46 17 40 15 74 83 89 18 62 82 99 39 88 24 65 95 85 100 33 9 42 71 30 15 67 93 60 58 57 1 8 95 85 66 90 27 92 9 24 79 56 9 21 8 98 75 92 82 43 56 29 89 68 97 74 77 63 37 51 82 78 16 73 9 97 80 65 37 75 32 10 90 46 95 61 15 58 50 40 85 69 51 54 71 38 16 99 72 1 89 34 79 93 81 12 61
 68 78 15 24 18 53 58 52 88 20 75 41 29 48 85 53 84 20 50 24 46 90 71 11 66 89 50 77 43 20 40 22 25 100 75 40 67 45 39 41 95 9 64 7 7 63 97 80 7 72 25 70 80 17 12 38 99 80 72 58 69 81 14 5 88 93 99 22 89 4 99 17 82 37 84 77 81 68 35 46 63 35 5 53 22 23 5 90 39 35 3 65 74 18 34 77 80 80 22 56 51 78 10 65 1 98 70 50 55 21 5 14 14 59 68 19 93 33 41 99 77 30 22 18 88 57
 44 97 11 43 89 29 57 82 39 8 94 85 86 75 3 66 50 29 34 18 2 73 95 78 57 23 80 26 100 36 7 60 3 67 37 27 47 59 29 22 6 78 28 17 32 14 46 78 82 44 38 33 30 61 62 92 90 81 4 21 52 8 52 87 8 57 5 61 60 90 98 59 65 29 88 45 19 27 84 59 91 60 33 89 18 17 12 59 36 54 100 2 7 80 68 49 18 83 66 75 49 2 63 67 23 90 5 60 24 4 48 20 33 89 5 78 35 96 61 53 98 44 40 14 96 92
 95 64 26 64 83 50 2 40 78 3 13 30 93 30 2 74 75 60 42 48 88 80 8 99 7 39 63 45 95 28 46 8 43 100 18 93 99 58 81 54 47 20 100 8 66 90 12 46 68 87 71 21 39 44 46 57 48 100 82 62 23 95 18 20 69 65 19 85 47 65 91 87 25 45 42 5 67 100 50 14 36 86 76 85 36 50 62 48 84 54 35 63 59 18 89 79 26 90 99 68 30 8 66 31 57 6 43 27 10 93 14 94 55 73 40 28 22 35 99 27 8 80 17 93 78 26
 76 63 1 88 99 85 83 40 30 56 30 85 84 42 38 62 12 78 30 65 99 24 12 17 14 29 16 96 36 43 90 64 32 2 93 98 36 6 34 21 63 21 38 25 50 65 75 86 48 41 93 25 65 97 84 32 26 42 20 46 6 18 1 93 21 84 100 85 39 24 45 35 76 86 24 91 77 83 35 27 79 66 32 54 94 62 32 45 68 59 49 58 76 38 66 46 81 22 3 31 73 64 55 95 78 28 93 73 95 56 87 69 19 55 25 90 22 38 77 94 77 8 80 19 58 73
 23 36 17 21 10 26 99 10 54 36 42 2 63 60 87 93 83 34 24 66 90 66 31 76 95 78 69 40 85 95 28 55 26 99 22 7 15 51 19 69 94 2 9 49 78 52 10 78 13 91 73 56 30 12 96 16 84 67 22 100 100 15 52 1 2 30 2 91 23 32 3 34 80 37 77 61 93 66 96 92 91 71 73 90 49 17 98 34 98 89 1 6 51 16 96 39 100 74 24 25 54 83 16 34 29 36 49 4 78 70 13 4 83 72 56 30 32 77 5 32 59 31 87 14 64 67
 79 13 40 21 41 49 56 97 39 20 79 97 51 23 39 61 4 61 69 63 21 11 49 52 90 49 99 25 50 57 55 66 23 20 12 6 43 75 37 25 51 64 81 93 26 11 50 93 4 82 67 81 4 38 69 32 7 92 91 94 17 89 7 72 81 91 47 93 54 64 6 35 67 89 54 58 28 81 18 5 25 17 71 17 77 1 37 61 71 28 1 21 68 43 18 90 60 48 38 65 41 10 91 32 33 19 2 65 3 82 16 28 51 32 69 42 94 64 25 100 14 16 100 22 25 84
 710 6902 7494 6707 6349 8119 9205 11147 6649 874 753 10927 11767 11630