149 11
 81 81 8 35 97 12 79 65 7 49 76 56 72 27 16 87 70 27 35 80 69 67 20 9 68 58 4 74 86 46 100 34 77 68 100 35 62 16 57 57 17 40 43 52 13 74 70 76 33 92 35 78 14 7 17 4 81 24 50 23 92 63 80 85 10 31 1 85 94 83 62 6 8 95 72 40 65 82 38 10 28 36 91 94 35 47 96 85 38 84 5 64 27 24 30 18 32 18 66 27 14 60 33 74 14 79 42 41 2 47 79 71 30 94 44 85 41 57 45 96 93 5 41 87 2 37 11 14 47 85 53 19 68 82 61 71 53 89 93 67 29 37 11 20 1 54 29 66 49
 55 86 97 15 40 27 20 92 91 93 88 60 15 1 45 84 92 71 40 22 9 20 92 96 85 40 25 16 79 5 46 38 14 40 15 51 60 26 85 50 72 13 10 43 54 42 62 11 99 13 3 37 13 36 7 92 42 83 29 80 86 72 5 86 39 42 57 98 49 60 52 51 10 66 31 7 66 21 16 36 94 84 81 77 85 25 37 66 49 74 95 37 89 60 33 29 100 67 26 93 89 83 75 60 52 51 95 3 96 32 69 59 84 81 100 61 89 68 34 10 56 30 63 32 78 100 60 60 44 39 32 66 5 47 4 75 89 94 68 43 68 76 79 76 55 3 93 31 92
 63 3 78 57 10 85 89 23 62 51 53 98 78 48 36 26 35 14 77 43 1 47 47 7 13 97 52 74 77 50 45 81 44 14 19 87 59 26 88 82 91 14 22 34 77 96 57 63 17 65 64 38 54 30 50 1 34 75 66 93 91 61 95 74 64 24 54 52 48 53 37 47 64 48 48 8 46 33 98 98 5 39 30 75 9 55 81 34 8 70 19 20 48 30 74 65 39 25 46 91 87 79 83 85 12 27 85 14 44 87 16 15 67 96 96 85 74 62 86 48 50 98 94 91 27 77 44 90 91 8 62 72 24 91 55 46 9 74 95 80 5 19 42 59 18 57 27 17 48
 84 53 11 17 26 75 90 8 98 26 56 29 31 45 78 57 97 63 7 52 47 23 25 61 67 11 79 35 68 8 16 7 57 22 12 16 87 45 13 31 34 42 7 32 72 75 85 35 8 39 87 68 45 7 52 1 9 83 99 46 87 32 1 18 23 26 74 41 43 17 77 71 5 20 60 1 18 32 59 40 75 22 44 50 81 81 24 21 54 26 6 11 44 7 45 19 68 43 77 54 54 77 38 71 6 16 55 38 83 11 5 41 47 37 50 53 42 84 93 24 30 10 62 2 42 99 34 64 76 68 30 14 60 98 62 42 64 58 36 82 50 87 76 43 13 24 85 79 19
 13 79 44 62 21 3 50 76 3 56 26 98 17 72 21 86 37 68 17 25 33 27 28 66 14 30 98 15 73 15 75 42 33 84 63 99 36 44 27 10 16 18 82 37 74 1 75 80 42 97 40 4 38 77 52 92 29 56 92 76 52 23 88 63 27 49 86 28 30 27 51 14 81 37 48 8 67 34 71 68 92 17 78 68 22 34 3 74 32 50 16 57 66 16 16 30 43 30 66 21 97 33 49 7 33 5 20 51 85 52 39 14 58 9 9 55 32 88 67 82 89 36 30 77 47 11 85 39 31 68 74 49 27 30 73 58 69 69 40 97 5 74 91 30 37 75 91 84 95
 2 10 76 86 99 75 23 34 54 96 34 65 77 60 56 46 74 42 23 40 49 71 94 24 22 93 51 61 10 68 97 62 96 11 49 15 84 91 79 11 42 8 84 14 83 57 34 40 69 53 12 29 38 31 57 39 46 27 6 2 61 76 78 85 1 19 48 61 84 29 60 80 33 79 46 77 46 97 78 16 79 68 13 14 2 24 76 82 53 75 57 88 60 40 89 28 70 50 64 28 35 57 20 7 6 53 75 70 82 19 52 68 84 70 42 71 28 79 88 57 57 100 22 32 2 28 79 32 42 65 94 55 45 28 46 28 37 76 83 31 79 72 41 4 93 63 58 36 30
 79 63 25 65 28 42 24 16 36 5 3 30 89 26 6 78 77 62 59 1 12 58 97 41 5 29 35 71 37 15 65 40 34 92 23 71 19 23 92 66 49 95 10 70 24 90 84 82 18 25 45 68 93 18 4 78 87 10 45 38 68 75 51 70 94 56 63 50 53 38 58 42 88 35 68 58 14 63 100 8 1 90 81 2 16 21 84 86 100 35 40 63 15 20 40 70 34 71 59 100 84 52 6 24 19 53 38 9 1 35 79 74 40 58 60 46 96 36 61 88 44 19 47 11 52 75 88 62 76 20 54 58 81 78 73 18 14 81 20 70 57 40 65 70 25 9 89 38 38
 64 6 34 2 46 60 11 95 40 11 48 69 90 100 67 82 25 36 91 11 37 52 71 17 72 79 68 54 89 36 59 77 32 26 62 17 36 25 85 83 94 87 49 35 92 95 50 79 44 3 49 36 48 56 58 18 18 20 15 18 34 73 100 96 5 47 77 19 5 78 9 80 62 45 11 68 62 44 40 84 56 53 82 5 19 80 26 40 89 21 2 8 69 92 86 59 36 98 42 10 65 13 90 80 30 20 28 37 79 99 99 20 34 76 31 53 22 15 77 85 87 33 35 68 18 70 40 31 30 34 24 56 28 14 20 27 2 83 92 77 33 7 21 18 89 48 89 15 39
 34 30 53 78 53 62 74 73 43 16 9 55 65 2 20 88 79 67 75 34 85 55 74 89 55 27 78 37 97 26 38 85 24 22 91 84 34 62 94 80 11 61 30 53 27 35 49 34 2 44 28 90 6 18 80 11 37 3 81 89 71 6 39 29 67 56 86 85 76 80 15 96 20 78 31 18 11 16 97 10 23 5 76 36 3 79 42 74 73 71 18 1 98 31 60 74 28 77 97 93 94 60 14 34 94 74 36 100 17 30 35 92 65 25 15 90 4 67 12 80 50 97 79 34 37 22 42 51 23 56 91 73 36 93 30 9 40 23 84 4 17 31 100 34 6 91 76 67 90
 16 1 47 57 81 27 33 91 61 41 4 5 64 81 52 98 64 19 1 34 19 55 88 77 63 92 54 55 55 39 77 62 59 94 90 51 59 34 62 56 78 58 97 63 37 61 16 42 90 27 26 39 76 24 10 83 72 1 69 82 100 21 82 47 74 96 55 37 81 86 11 5 79 73 88 70 48 97 6 85 52 8 16 81 52 31 70 81 44 13 40 29 58 25 46 7 21 94 98 6 77 35 90 65 59 64 39 60 22 44 73 4 71 25 50 7 44 58 41 85 55 14 9 94 33 47 9 82 65 96 60 27 7 50 34 19 38 23 49 43 10 54 69 45 81 17 45 12 92
 14 42 48 75 68 43 62 91 15 66 61 86 36 26 83 35 67 55 31 43 25 50 36 20 22 45 66 32 12 61 66 63 35 47 10 53 75 100 4 99 97 35 14 97 49 58 87 18 69 96 27 10 85 34 30 62 57 100 22 2 29 3 94 92 37 61 58 57 41 29 11 55 9 67 5 4 57 50 60 85 36 38 39 43 96 44 77 87 91 23 8 41 59 40 49 51 34 83 30 65 52 28 27 94 29 29 59 25 99 73 13 56 29 27 26 15 59 95 49 70 98 91 62 95 9 50 72 12 87 35 72 1 76 76 66 73 49 80 3 73 64 5 30 63 11 33 32 79 94
 46 32 72 45 53 93 92 70 61 37 72 80 16 61 20 50 41 4 78 23 8 45 5 24 80 35 100 8 74 58 78 95 26 85 51 11 6 49 32 9 26 91 52 28 21 3 89 85 29 51 33 76 61 23 66 13 49 8 92 36 24 22 34 30 24 38 88 69 86 20 13 67 42 94 100 58 58 74 87 98 47 22 31 71 82 90 90 15 100 45 77 3 80 23 88 96 5 42 90 2 44 47 69 6 86 9 14 23 8 47 23 1 86 35 65 19 27 99 37 34 52 99 1 3 72 46 44 50 49 62 97 47 99 82 13 24 79 62 66 93 76 3 4 10 70 82 85 82 54
 2744 12612 8422 4700 4810 3845 8513 11657 13307 3806 3225