150 14
 13 58 78 33 9 54 6 71 28 94 27 82 37 42 32 40 11 59 51 69 76 39 4 87 33 82 84 2 84 48 72 78 76 77 47 17 43 72 95 36 81 23 94 42 25 46 90 89 78 100 100 44 67 82 49 33 73 13 30 46 26 67 32 61 58 11 30 89 82 85 51 37 92 26 93 57 7 85 81 54 48 15 100 13 88 44 56 79 96 67 87 24 5 100 39 2 54 95 33 6 53 70 67 75 23 44 34 5 36 75 87 79 79 29 3 83 2 80 43 11 78 21 29 20 47 66 62 32 28 37 18 96 83 49 78 30 64 28 69 78 77 59 24 42 99 84 2 42 49 3
 59 35 60 85 66 54 22 87 35 25 9 22 51 27 80 68 50 8 90 80 100 67 80 12 83 22 58 6 41 38 41 50 71 61 28 48 66 90 19 96 66 29 43 86 21 79 26 51 78 51 63 79 30 75 58 25 80 8 88 84 88 22 87 50 74 37 54 84 43 48 96 22 55 46 49 76 66 14 88 20 65 97 50 28 82 67 81 92 21 52 33 45 56 44 74 28 89 36 1 13 39 26 92 96 90 79 83 97 20 82 1 67 57 47 98 25 45 87 97 80 35 3 14 76 47 60 54 18 69 17 96 98 91 29 72 84 43 72 19 15 52 39 67 46 33 61 61 65 19 30
 41 65 85 79 93 12 54 97 75 53 53 9 84 88 92 82 12 55 7 35 59 85 95 64 2 8 67 55 86 25 8 42 19 63 53 67 66 84 69 53 57 44 11 29 32 22 63 34 89 96 61 44 50 54 44 74 100 96 31 46 82 72 47 94 58 4 56 28 65 38 61 91 40 7 91 62 41 5 88 55 20 72 64 79 42 70 64 98 63 53 49 46 31 60 14 89 38 90 91 40 15 96 62 54 89 17 80 53 73 74 51 43 31 44 58 73 42 96 88 64 62 22 2 16 58 97 77 21 20 85 92 83 61 32 76 97 48 69 18 46 55 87 73 68 89 5 52 36 90 57
 21 71 90 19 19 4 35 17 21 38 25 26 26 15 99 32 13 8 61 37 4 67 47 86 33 35 60 35 91 90 41 29 8 65 19 64 52 22 56 74 37 94 99 1 61 67 17 83 69 96 29 63 82 22 44 96 5 18 68 15 63 52 20 45 97 23 56 47 32 63 7 36 47 20 50 100 33 61 74 36 81 10 72 89 49 74 79 10 12 64 13 21 34 6 52 20 51 50 4 69 27 77 23 4 29 65 30 13 50 11 78 21 32 8 51 96 65 94 93 79 61 25 38 36 96 77 34 9 68 30 38 85 79 45 75 100 53 81 81 9 52 65 4 25 99 74 65 95 52 100
 69 17 89 10 52 49 46 89 69 23 61 71 64 75 46 65 11 63 73 68 70 55 55 50 70 96 46 19 43 13 35 85 20 54 42 31 69 58 81 84 51 5 5 25 95 30 74 2 70 97 83 5 57 70 14 93 73 33 40 61 90 69 76 52 8 40 43 75 67 56 28 65 22 18 52 28 83 98 54 10 58 56 54 27 54 86 18 75 66 15 3 78 79 89 42 71 79 90 85 14 3 31 68 30 39 81 95 82 47 46 72 87 53 98 88 100 67 10 95 66 29 100 50 81 49 38 1 55 35 24 83 10 2 5 1 39 56 10 2 44 49 93 88 29 44 83 63 91 12 55
 83 17 18 69 32 90 65 61 13 27 4 70 6 69 63 92 54 23 18 4 81 40 1 100 18 8 41 100 29 24 97 45 54 47 35 43 93 48 86 100 17 7 81 6 95 17 37 44 13 11 23 78 62 33 37 49 16 36 55 82 58 99 24 85 72 34 84 29 47 38 56 19 54 2 90 72 24 40 23 80 16 80 80 51 93 57 96 12 27 52 68 86 88 55 37 82 28 65 86 96 9 41 9 20 73 18 97 52 27 78 100 18 77 37 1 51 51 97 80 23 77 27 57 76 28 75 44 25 55 27 58 22 23 6 5 96 87 6 50 24 13 30 73 58 56 58 8 88 84 30
 34 58 2 39 13 77 30 58 50 48 38 38 9 58 95 18 18 74 3 56 38 79 16 57 93 44 99 41 31 30 27 23 40 41 45 74 98 98 60 65 99 21 86 40 45 74 80 65 67 86 95 67 17 70 89 88 35 85 6 52 5 82 100 62 64 91 55 57 1 73 30 22 26 49 3 42 66 83 8 65 75 27 58 73 58 52 46 32 15 92 59 92 92 11 71 72 16 89 55 49 15 75 62 44 39 73 3 15 93 32 63 42 26 44 11 30 80 49 32 56 20 14 11 26 96 38 36 17 91 72 74 65 82 29 46 82 16 12 19 93 83 60 96 66 94 78 55 15 30 45
 56 66 75 17 68 66 38 71 25 79 43 59 43 36 93 49 20 86 58 52 40 63 81 94 71 64 26 86 2 54 55 77 28 71 26 10 5 51 60 77 52 18 77 38 34 74 94 50 61 45 93 21 13 31 91 86 59 40 42 13 26 85 7 86 57 47 73 24 25 27 78 82 91 92 49 50 89 81 49 85 79 41 77 73 40 25 74 61 100 1 60 30 99 52 41 42 7 31 80 36 46 45 72 42 52 96 16 5 80 4 46 69 1 29 42 22 45 50 23 51 31 1 31 99 63 31 30 14 63 7 24 11 12 30 53 1 56 38 53 76 59 3 90 58 98 78 87 61 68 64
 95 15 98 89 66 81 94 14 93 76 27 14 9 14 15 51 84 32 17 84 55 15 6 86 3 68 30 87 51 93 5 54 20 99 20 87 13 13 33 79 63 37 72 38 23 79 94 69 5 91 13 47 11 58 46 16 36 9 98 70 8 74 25 86 16 66 71 19 76 19 63 22 79 92 31 51 83 45 64 60 40 95 17 13 17 93 96 21 13 73 38 91 95 64 81 40 83 77 71 54 55 23 85 40 15 7 15 22 41 95 47 100 46 90 46 12 44 14 72 64 54 88 57 50 30 29 56 34 66 8 9 47 10 92 87 65 51 10 30 96 46 7 95 35 47 92 74 49 42 4
 24 46 15 15 70 27 83 76 44 60 59 61 50 100 36 43 21 65 68 48 25 83 55 60 42 1 41 60 97 44 54 51 97 46 78 29 46 44 45 56 67 83 61 5 30 85 53 78 8 48 10 95 7 26 19 61 55 22 94 83 49 39 45 5 36 34 55 68 36 84 60 55 60 45 31 85 26 50 74 21 2 92 32 79 35 37 58 48 3 34 66 35 80 46 74 76 8 26 20 65 83 11 98 5 4 82 33 81 63 80 47 58 45 49 98 65 89 24 73 53 33 3 18 81 99 39 51 78 8 20 28 80 79 32 78 70 86 4 96 84 92 89 91 11 44 67 1 42 89 26
 9 50 1 42 16 24 67 60 25 95 39 51 90 63 60 3 50 91 10 43 2 25 13 75 63 18 83 37 84 2 72 84 75 93 34 62 62 15 10 49 51 83 78 37 56 1 10 88 84 93 37 50 62 27 5 2 19 37 33 4 34 96 56 35 95 29 21 95 68 52 8 95 36 17 17 46 24 32 45 29 97 19 58 28 5 42 26 39 11 58 3 23 39 99 49 91 56 78 7 18 18 85 70 14 19 63 60 65 92 45 2 13 81 61 76 25 7 72 67 21 79 40 34 38 39 59 39 88 49 44 74 24 91 25 27 10 3 44 22 45 92 69 6 48 63 31 25 90 59 15
 59 96 37 10 80 100 35 51 58 77 93 46 22 42 99 71 35 27 48 80 94 90 45 73 52 11 61 38 37 49 18 52 27 93 55 60 86 72 31 74 9 48 31 41 72 85 27 82 60 84 34 78 71 75 33 6 13 43 91 19 59 59 83 11 22 28 87 100 81 44 90 95 92 81 43 75 65 70 17 5 72 43 85 18 42 69 87 57 33 39 41 19 8 51 31 56 15 33 14 35 73 80 12 51 38 51 53 46 31 53 10 85 9 77 5 92 94 23 15 47 31 18 41 58 91 49 29 11 52 64 14 47 85 44 42 14 83 84 29 52 96 98 3 45 76 8 53 28 16 49
 74 8 2 98 30 1 36 43 93 6 73 23 15 99 88 49 10 91 5 88 58 38 52 64 53 30 5 98 12 12 36 96 5 44 6 16 42 50 80 10 9 68 70 73 27 72 46 55 53 8 7 1 32 8 26 95 48 85 23 88 82 68 6 36 20 49 23 61 53 64 94 94 39 76 19 64 57 13 86 70 6 59 19 90 36 79 4 69 7 51 14 46 43 74 39 83 38 46 43 78 6 14 44 81 30 91 48 31 45 30 66 87 71 56 39 17 27 29 64 59 36 45 95 76 84 42 94 79 65 57 31 23 1 36 56 69 95 59 8 17 30 91 8 98 67 100 7 34 35 5
 18 74 95 2 60 28 19 12 15 5 20 90 30 7 11 89 57 74 18 95 52 17 72 55 60 70 87 60 28 61 60 19 5 15 64 14 72 50 6 17 8 21 43 57 24 5 7 65 39 36 31 49 64 59 9 54 98 25 89 20 86 32 27 25 2 64 13 78 95 40 82 39 46 36 41 32 24 30 45 64 81 43 56 66 73 64 53 57 50 1 60 92 46 14 76 14 9 37 23 26 9 35 44 95 28 31 55 25 51 77 36 53 99 72 85 68 49 63 36 81 31 75 19 80 7 70 72 57 50 91 49 69 8 7 56 96 92 54 11 37 67 45 82 52 73 74 49 26 7 60
 96 71 75 35 54 15 82 73 72 22 13 53 30 85 60 45 62 98 53 91 61 36 24 15 87 93 15 79 46 46 69 10 45 39 2 2 18 12 48 47 74 79 93 99 73 30 71 35 93 20 74 11 97 96 31 22 24 33 98 97 79 81 85 60 54 45 13 58 88 59 17 52 82 52 69 15 45 29 65 37 61 11 67 26 54 42 17 43 32 59 58 58 47 7 35 86 44 42 6 24 41 34 55 31 45 77 66 61 99 89 92 46 48 66 81 89 31 61 72 4 62 39 41 27 53 49 74 10 81 17 5 35 51 28 40 41 69 26 57 68 32 76 44 75 52 5 26 98 18 14
 14060 1112 2457 1284 9098 13082 3922 13311 13213 282 2704 8459 1616 2115