116 9
 21 57 71 68 90 30 14 27 50 84 77 98 86 12 74 58 75 58 12 4 57 20 26 27 32 9 90 37 57 75 33 66 60 94 5 20 62 90 52 63 98 26 31 77 30 69 70 63 84 43 28 17 38 2 38 44 16 99 86 3 56 49 38 17 33 100 87 33 15 22 40 49 77 32 56 73 100 58 56 39 31 88 97 63 21 66 92 73 25 33 21 61 55 88 85 97 92 10 81 29 1 39 81 11 99 47 84 74 22 85 94 58 42 69 41 55
 73 60 22 1 28 14 54 4 73 14 3 26 2 27 69 72 13 4 84 9 51 90 98 33 87 12 36 81 41 9 4 38 19 27 18 64 27 10 82 98 7 1 98 79 41 17 43 69 98 51 37 36 30 9 67 14 62 9 68 64 36 100 35 75 74 61 29 99 31 97 69 12 90 98 1 97 29 85 35 66 72 70 20 2 33 41 33 59 10 50 31 3 53 9 80 55 98 65 39 17 93 86 27 38 10 27 95 53 56 53 20 29 38 21 23 46
 34 98 81 15 17 19 75 1 5 84 61 45 39 95 93 40 13 24 73 74 96 49 89 89 49 40 4 71 44 86 66 82 30 69 32 39 42 78 10 21 94 54 98 83 8 28 86 66 12 81 6 79 49 7 59 23 25 53 15 4 59 49 24 53 69 78 69 79 36 7 23 43 69 72 39 24 9 72 10 60 96 10 95 90 96 42 17 91 97 58 65 81 15 12 12 52 26 20 10 1 44 3 28 31 58 86 31 83 58 35 1 87 100 78 25 39
 53 65 55 97 48 29 9 44 20 45 71 73 7 21 60 55 96 73 61 27 25 71 53 44 67 30 96 99 68 9 40 57 27 69 29 4 23 76 29 54 10 43 41 36 44 17 11 60 13 50 9 11 87 70 96 64 89 83 21 82 21 10 90 2 84 66 71 27 16 38 17 65 67 96 80 78 37 100 77 33 40 94 68 3 75 91 5 23 35 78 13 62 45 91 46 73 60 76 67 16 31 91 1 27 73 98 41 67 71 28 38 35 21 56 92 21
 23 94 58 93 6 86 61 70 71 73 22 9 48 23 52 53 65 48 25 36 44 41 74 59 59 62 22 45 36 63 87 74 45 91 7 53 24 74 76 24 12 86 72 66 60 87 50 19 93 13 41 85 26 52 80 31 22 11 21 79 34 57 39 46 64 88 73 33 2 88 82 61 19 34 100 14 97 40 82 2 24 2 78 91 49 76 90 5 42 95 98 89 42 80 23 38 43 99 43 76 59 41 2 97 9 62 97 22 52 13 84 43 22 35 6 6
 54 99 89 69 17 69 22 96 21 38 32 38 3 83 85 26 60 2 69 23 80 38 29 36 58 57 79 68 26 96 67 58 44 70 12 6 57 99 78 59 83 43 84 73 100 9 49 65 59 29 68 75 35 98 5 78 78 40 7 54 94 4 38 67 58 5 87 4 94 6 92 70 10 100 31 73 84 74 52 77 90 12 76 56 11 58 91 74 75 76 76 86 1 55 71 30 78 20 2 26 94 83 43 38 10 57 75 61 54 2 13 82 74 49 70 65
 38 82 63 27 4 52 84 15 91 43 93 67 36 59 27 1 75 98 50 77 9 30 83 64 42 47 85 92 76 67 64 98 69 22 56 98 78 71 57 6 76 75 9 35 8 17 40 2 38 85 19 78 39 7 95 19 2 75 43 87 93 14 85 92 100 75 99 96 24 81 47 97 6 38 26 90 44 33 15 46 7 4 90 24 11 60 99 67 74 5 47 84 53 90 25 58 97 71 19 40 80 70 100 32 29 68 36 44 10 27 18 40 16 30 68 36
 92 68 91 47 69 25 88 8 92 40 13 96 69 82 24 46 35 92 70 84 24 75 38 5 87 82 18 61 90 99 61 78 52 64 9 39 91 82 49 95 39 69 81 94 17 83 55 70 96 94 100 29 52 62 90 20 32 15 17 57 19 20 96 75 66 93 72 18 85 33 45 33 78 27 65 96 21 2 89 51 79 29 51 45 19 93 80 60 75 13 91 51 22 23 47 64 3 94 77 61 68 91 88 68 97 38 46 59 4 99 82 68 78 5 90 41
 72 96 53 24 98 74 13 85 27 4 15 77 11 17 77 55 1 6 82 80 42 63 27 48 74 12 38 46 30 41 50 36 61 59 23 80 17 1 78 81 57 18 16 51 83 75 73 7 60 1 84 54 38 62 70 94 5 6 88 49 5 97 54 66 26 46 67 23 78 42 30 99 54 40 63 6 59 54 73 36 88 94 16 8 17 93 4 61 73 53 3 75 32 22 96 92 30 46 61 99 81 49 24 7 59 62 77 18 3 6 76 3 62 48 6 60
 66 99 43 1 15 56 94 82 29 7 88 56 91 81 13 11 94 52 6 49 59 89 26 25 88 11 6 28 54 1 16 24 69 97 8 35 28 9 48 6 99 24 16 15 3 71 69 28 25 29 23 78 9 46 30 13 83 32 74 7 87 69 2 98 45 4 4 76 74 2 77 46 50 58 3 86 14 60 83 23 11 68 87 73 84 55 46 19 74 62 77 39 47 85 40 81 26 38 67 78 5 10 75 50 86 27 98 42 70 5 3 48 59 82 20 46
 6694 1011 11057 9296 5583 6117 7420 2447 9654