109 14
 27 5 56 29 9 23 74 5 41 43 63 61 70 23 84 4 2 55 29 27 78 53 67 92 26 6 60 45 1 17 82 23 10 38 92 40 49 10 9 66 79 4 48 83 43 33 100 38 23 9 14 56 76 54 79 79 15 48 89 5 61 63 37 86 52 69 87 15 27 65 42 39 34 21 34 62 87 88 34 50 64 89 8 1 19 96 43 66 15 52 99 15 54 54 63 76 49 97 82 27 2 34 54 74 2 6 30 62 28
 79 94 81 49 35 59 39 14 6 87 24 95 68 92 30 98 25 32 35 21 30 76 16 47 90 61 63 23 31 79 78 70 34 47 9 86 24 77 28 64 41 55 93 76 74 91 55 45 74 80 5 8 70 17 6 84 75 76 85 29 62 25 81 50 41 63 46 27 34 69 63 10 67 6 94 71 48 82 29 44 55 68 99 62 14 80 17 68 74 47 69 90 80 98 66 76 82 62 37 48 23 40 68 65 41 14 71 9 7
 30 46 5 10 32 72 77 96 28 92 45 67 3 62 100 72 4 65 36 61 24 57 11 1 38 29 81 82 52 44 43 16 57 16 88 12 65 3 57 25 81 74 31 40 29 26 24 47 76 62 89 17 47 64 82 11 98 9 35 97 96 53 30 95 53 86 91 88 78 84 80 85 6 12 96 54 5 21 25 12 70 85 47 52 19 90 19 94 100 24 50 62 99 48 30 50 3 49 87 99 85 31 34 35 71 33 37 27 43
 37 53 34 97 7 24 53 72 86 83 96 49 69 77 63 5 13 89 27 15 40 69 66 78 19 87 50 91 91 69 79 80 68 84 70 8 57 3 41 65 3 20 47 46 1 65 37 6 59 96 77 5 98 41 86 29 16 34 2 75 6 23 59 68 43 58 28 84 9 71 50 45 43 49 34 38 39 45 94 88 35 6 93 38 67 30 93 63 29 71 89 21 100 8 6 88 70 46 74 93 48 58 77 90 39 89 35 95 54
 42 30 61 43 37 94 72 7 57 88 31 24 96 89 73 100 72 60 64 33 3 75 84 25 30 76 67 10 62 78 97 5 16 55 10 5 76 89 69 64 67 29 42 9 98 54 5 11 94 20 71 83 43 35 70 12 19 100 23 40 7 50 36 66 65 36 81 97 67 44 44 27 2 48 45 50 8 86 78 95 65 65 89 14 68 12 37 1 88 85 89 34 89 8 12 77 54 2 85 54 92 74 90 48 59 44 84 96 53
 13 1 56 6 95 40 78 66 58 97 70 59 63 89 20 86 10 79 34 88 31 21 12 98 25 16 47 70 43 64 20 82 22 62 68 67 94 79 21 94 15 66 98 67 7 75 69 67 45 41 29 17 96 28 25 72 41 44 41 27 44 36 32 79 65 46 16 29 88 70 11 21 78 18 46 56 85 74 25 45 8 12 3 47 65 82 9 82 16 3 86 14 17 85 71 71 50 17 89 18 33 79 52 53 65 74 47 55 85
 12 87 62 51 42 51 10 61 49 6 70 89 14 25 53 62 34 63 89 100 35 19 47 1 71 87 83 75 93 6 37 20 53 33 73 68 96 22 73 81 32 90 99 6 19 11 1 46 76 100 31 4 1 41 87 92 91 9 97 63 28 72 49 51 70 65 33 92 74 98 53 52 27 16 42 18 74 68 16 38 87 81 85 14 83 48 15 17 1 31 63 3 97 41 11 10 74 3 86 78 33 26 69 40 89 94 85 25 76
 48 45 29 100 25 53 94 15 8 11 40 70 1 4 53 85 70 93 12 49 77 6 5 90 45 48 19 69 48 4 84 73 65 89 82 38 26 28 84 60 14 15 50 64 75 23 80 23 54 85 47 33 100 95 35 89 53 50 93 1 56 87 53 85 32 12 21 5 23 12 48 56 4 34 18 26 39 51 49 45 50 58 99 8 3 16 93 93 90 52 17 48 92 72 52 96 72 58 65 62 67 85 55 22 95 22 22 14 73
 50 14 83 38 66 73 77 64 17 95 20 47 44 47 35 93 19 82 32 51 32 12 84 86 17 10 77 71 30 33 36 50 98 82 42 61 31 3 77 100 17 65 32 28 46 28 6 23 22 9 86 83 7 90 46 79 86 16 22 25 74 71 94 76 89 47 34 84 27 15 30 86 23 99 61 86 21 93 49 59 88 83 96 41 40 63 12 94 44 15 19 33 41 37 41 66 66 62 34 19 58 34 92 75 9 3 57 16 34
 92 31 29 86 90 89 65 98 98 63 24 6 33 100 99 49 60 93 36 20 55 43 69 22 14 90 64 99 87 70 49 83 11 2 64 48 25 70 26 23 80 28 72 96 37 8 89 2 56 63 1 17 10 11 14 34 75 24 50 11 39 26 22 48 7 69 46 9 96 89 73 53 81 30 60 48 92 17 51 56 40 93 49 30 45 45 85 94 77 97 64 81 62 47 68 74 95 12 36 31 64 80 81 5 73 88 60 56 69
 30 5 23 3 83 18 52 33 76 87 21 22 27 27 25 49 89 97 58 71 99 22 37 95 78 72 57 23 78 52 8 84 43 3 4 24 85 33 19 1 12 5 47 7 98 18 13 4 73 54 48 44 98 55 4 68 43 10 59 12 83 27 24 5 55 67 46 56 46 86 52 37 2 35 58 100 81 9 77 83 56 39 62 6 5 54 86 40 26 94 88 11 11 70 50 51 95 89 32 88 14 73 80 26 73 33 79 98 39
 55 34 29 48 56 37 70 73 42 78 26 66 91 40 79 29 72 51 45 54 33 73 34 96 21 17 61 99 79 78 45 5 63 45 13 43 62 75 63 87 73 53 21 74 94 36 75 71 33 8 15 15 85 53 12 77 66 27 96 44 82 79 60 56 23 47 56 91 67 50 96 39 61 40 89 92 84 40 44 63 83 96 20 27 47 43 79 85 55 46 42 46 93 49 77 39 54 52 4 96 81 85 37 26 97 22 26 22 47
 57 2 55 30 24 43 96 11 81 82 31 5 30 40 40 22 74 52 74 53 35 100 13 20 6 10 13 22 34 93 12 90 83 15 13 35 78 38 58 20 42 57 89 9 53 15 19 17 39 62 48 34 31 33 90 67 13 84 78 4 73 42 84 11 62 54 1 59 23 72 15 53 57 77 75 41 21 49 80 39 5 61 2 94 22 66 57 68 85 91 63 30 4 39 71 45 5 86 7 19 87 59 69 47 53 46 86 80 60
 74 33 33 6 83 18 9 46 95 13 44 87 74 32 38 39 45 37 11 19 27 5 60 68 25 2 52 96 15 74 20 27 60 22 90 76 8 40 62 14 74 20 8 58 48 64 81 23 99 21 22 9 73 46 47 100 18 53 41 51 43 80 36 33 60 96 43 28 74 9 88 42 54 20 70 17 99 34 39 73 71 55 1 15 99 23 78 99 1 10 66 74 60 94 45 5 62 3 45 81 45 91 16 26 100 30 87 43 54
 58 55 90 8 1 36 71 61 49 3 47 14 92 45 19 9 88 6 17 10 71 16 74 78 45 49 46 14 89 47 88 96 86 69 31 24 93 16 2 81 83 31 66 79 90 63 77 88 12 97 19 96 30 16 49 91 68 14 88 79 73 46 30 58 86 49 27 66 87 46 15 45 14 2 61 82 64 79 13 45 3 46 11 21 3 87 94 30 93 19 51 23 12 44 27 87 21 24 32 68 4 86 28 83 94 31 5 84 8
 7268 2288 9433 8783 6838 8838 8995 6467 10415 3792 3173 5027 83 9715