118 12
 19 44 42 49 40 80 29 19 92 47 68 50 56 49 35 3 88 66 85 12 85 89 46 55 25 28 63 29 45 18 34 57 10 20 49 97 42 30 4 37 20 33 79 66 90 21 55 15 56 37 22 64 85 5 56 80 43 24 99 3 19 70 1 46 86 42 55 6 86 66 85 76 54 53 50 37 46 67 47 8 98 99 13 56 90 99 80 20 14 87 42 34 30 97 93 89 76 76 78 11 88 75 14 33 78 74 54 48 78 57 87 80 79 53 50 47 37 27
 22 34 57 88 48 20 32 82 75 51 39 39 32 13 77 48 87 91 80 44 25 80 30 38 79 19 38 94 83 7 49 53 32 36 70 44 34 60 34 52 64 44 71 63 42 73 51 62 15 79 28 79 90 79 63 81 42 8 29 83 69 16 64 22 52 24 63 96 64 99 21 76 64 10 43 54 95 21 87 86 25 27 13 80 47 80 16 58 22 13 54 74 43 99 95 15 1 18 48 40 41 65 71 89 15 59 70 60 59 20 23 14 65 18 51 60 14 5
 29 60 7 93 21 30 26 79 22 24 49 80 65 20 64 16 38 80 18 6 54 89 93 68 74 96 93 1 11 3 89 98 71 30 68 93 44 25 65 25 85 69 28 59 94 11 33 37 4 18 7 48 91 86 25 22 63 48 75 29 81 19 8 95 42 60 53 43 94 86 36 50 57 97 54 71 23 46 23 46 9 29 18 86 81 94 66 56 50 83 27 15 54 28 85 8 52 91 19 50 43 37 29 56 47 41 33 39 74 22 4 87 71 73 25 12 68 15
 93 12 78 91 77 7 35 37 88 26 50 53 14 82 40 76 44 61 22 78 14 15 33 38 11 97 64 61 66 10 43 1 66 32 23 89 61 66 46 51 79 42 64 41 63 17 83 68 59 57 28 18 63 24 100 77 36 20 96 79 86 79 4 92 8 73 73 64 8 76 77 98 32 6 33 77 84 88 56 47 35 5 5 24 4 68 76 31 73 49 69 94 12 10 28 6 30 43 11 94 32 54 100 36 82 100 66 99 95 34 98 85 47 69 67 42 58 83
 62 69 12 96 49 17 44 69 22 22 87 18 2 72 51 33 14 21 98 19 82 31 52 22 41 56 39 43 59 6 53 48 80 7 52 1 78 39 58 24 4 45 10 84 53 10 34 26 16 31 77 63 92 84 11 47 23 80 86 42 13 47 22 100 98 78 77 34 31 2 45 8 29 59 10 98 35 47 62 13 47 34 26 20 78 75 98 16 70 68 71 17 93 63 38 1 95 42 69 87 79 50 88 24 42 20 21 84 65 61 73 50 54 39 29 81 35 93
 77 95 23 72 4 84 74 95 28 62 72 23 21 34 13 61 4 37 92 68 90 61 47 34 37 5 36 82 38 21 47 51 13 10 62 16 64 38 58 83 4 65 80 29 22 93 84 87 99 86 3 93 19 9 11 24 56 79 18 39 70 73 37 21 28 29 75 98 38 86 66 48 86 59 39 49 28 62 45 36 39 18 55 6 62 75 65 11 93 59 56 75 36 56 27 22 72 8 67 31 77 42 24 44 35 61 27 98 77 25 11 61 29 2 64 42 78 97
 33 79 19 89 5 87 25 69 69 92 81 86 30 58 85 87 73 29 72 84 21 64 43 85 18 93 86 96 81 41 100 29 18 29 20 61 77 7 46 48 33 78 90 48 29 47 77 15 1 87 48 25 54 50 35 55 35 86 84 79 30 66 76 38 3 11 31 59 33 94 32 71 52 38 84 57 40 85 24 2 57 92 89 8 3 3 61 16 87 62 79 34 32 60 17 57 64 10 92 1 75 91 88 2 29 6 49 77 4 24 40 77 57 91 61 76 96 74
 7 36 79 12 64 79 36 61 57 92 40 46 80 80 60 7 16 37 69 85 50 15 26 27 98 95 30 13 20 8 25 76 10 23 28 22 30 37 49 20 97 58 4 79 61 3 22 43 27 16 6 32 87 47 58 65 55 43 91 43 74 88 19 20 38 59 13 19 29 84 71 88 50 16 14 24 16 44 3 76 48 100 41 17 61 87 3 45 12 76 23 91 71 12 93 11 30 49 63 60 24 7 32 57 93 79 99 94 69 31 91 98 46 92 60 52 46 63
 10 64 48 89 47 81 90 66 91 69 37 95 38 65 54 81 90 53 24 92 92 77 85 58 55 74 2 75 9 19 25 2 54 57 41 26 48 51 55 86 41 53 87 48 52 15 98 45 16 99 48 10 22 78 68 16 78 13 81 65 30 94 23 92 44 85 30 19 62 15 76 54 35 9 43 5 14 92 20 25 20 91 74 66 71 25 19 82 62 41 82 39 67 65 3 92 52 20 2 77 61 10 63 2 25 38 2 85 16 21 79 94 3 97 62 60 27 44
 11 37 25 45 47 21 65 39 31 78 15 46 89 57 97 94 40 9 59 76 46 44 78 36 25 45 10 35 26 72 51 84 92 45 97 25 86 63 56 84 38 4 63 18 90 40 65 94 68 52 24 84 79 76 81 79 91 37 56 89 8 90 6 98 29 85 52 96 55 82 86 58 33 100 96 79 50 62 58 77 12 34 43 71 67 3 15 93 97 61 44 38 42 19 74 75 83 47 99 63 72 95 48 98 34 59 88 18 98 35 3 2 92 96 83 29 61 31
 33 2 43 75 64 47 5 92 32 73 37 67 11 81 93 67 15 32 100 10 95 5 62 39 77 7 47 9 60 14 50 89 67 1 65 80 42 44 100 24 45 65 61 51 86 65 56 26 83 54 21 71 81 80 48 64 43 46 22 52 46 97 68 98 20 58 79 86 7 87 8 39 61 67 100 100 1 99 67 18 63 29 50 4 51 2 11 35 51 73 44 78 74 75 63 4 94 81 86 32 17 62 48 58 92 41 30 68 38 14 58 88 100 21 95 2 44 61
 46 68 18 36 13 5 29 86 1 6 71 74 74 47 47 96 49 52 59 43 5 75 87 14 54 81 2 99 26 72 22 61 21 94 50 41 71 42 56 90 5 59 99 29 3 15 39 98 11 16 49 25 71 94 49 52 13 26 32 49 67 64 28 11 21 100 9 13 1 9 28 5 76 54 97 6 73 8 82 15 83 52 67 86 80 62 51 53 70 48 59 7 47 3 10 83 52 9 48 77 5 31 13 97 36 17 60 78 92 45 18 47 74 56 33 81 82 15
 37 69 18 67 21 83 32 67 45 53 88 32 17 89 43 48 31 74 12 36 17 96 69 32 20 100 76 29 58 33 43 43 58 75 39 47 71 69 60 97 40 63 96 40 81 36 48 99 90 36 24 66 52 43 60 27 59 73 86 30 47 44 42 71 100 19 93 67 63 34 40 56 50 60 56 29 12 73 8 56 59 1 29 49 26 16 13 75 65 33 36 21 51 40 97 35 32 84 68 4 67 24 92 65 91 26 35 12 47 38 40 65 49 15 30 7 42 18
 9555 8141 1784 3711 1440 7743 2738 6122 407 6678 9973 2687