100 8
 12 12 5 5 7 1 1 20 6 14 18 20 2 9 19 6 14 5 5 12 10 16 5 18 6 19 12 5 14 19 10 19 11 7 19 5 8 12 16 4 4 17 5 11 18 14 19 4 4 11 9 19 2 17 1 5 8 7 10 20 16 6 17 15 15 3 18 12 10 11 4 16 7 18 5 6 10 9 10 8 8 5 16 15 7 8 17 10 13 18 16 1 5 10 17 17 20 16 17 3
 5 19 20 17 14 20 16 15 8 2 13 14 20 7 2 17 18 17 7 5 5 6 13 18 11 8 16 8 3 14 3 2 16 20 19 18 17 1 3 4 9 4 1 8 10 19 3 8 19 6 14 19 10 9 4 1 18 9 5 14 8 1 6 10 8 1 13 14 16 16 12 4 6 1 17 12 17 16 20 4 15 3 3 6 4 16 3 8 8 17 17 2 17 14 5 16 9 8 14 9
 4 10 20 17 11 3 16 16 5 14 3 8 2 15 8 13 6 16 8 1 20 6 19 11 8 18 3 14 13 11 9 14 4 7 4 13 11 17 13 15 6 14 2 8 17 12 12 20 10 18 12 17 2 12 3 6 13 11 4 17 5 11 11 19 1 4 4 17 10 7 10 9 8 12 4 15 2 7 8 16 6 20 2 9 3 1 19 1 12 13 7 6 12 10 17 15 3 6 4 20
 8 16 7 14 9 15 20 10 13 20 2 14 12 17 15 18 13 11 3 11 3 16 15 3 17 15 15 8 11 12 3 16 5 8 16 2 16 15 10 7 13 12 2 14 9 7 2 7 17 14 2 2 18 5 4 8 8 14 14 17 4 6 13 10 5 16 3 10 5 3 8 20 10 16 2 4 5 6 20 12 9 14 12 16 8 1 14 8 10 17 19 15 18 15 9 15 3 7 17 2
 11 5 7 5 6 12 15 4 13 2 18 11 16 20 19 18 19 5 1 14 15 20 1 20 8 13 1 7 15 2 9 19 11 1 16 19 17 1 5 12 3 15 10 5 8 13 17 20 16 17 14 5 15 5 17 16 17 6 9 16 10 15 13 2 18 16 11 1 7 17 12 19 7 14 2 6 10 20 2 14 17 2 16 3 3 8 17 6 8 13 10 18 18 6 9 9 20 15 16 19
 14 4 20 19 19 2 5 11 8 14 15 18 4 17 14 5 6 18 10 14 14 19 1 13 3 12 6 11 5 20 11 1 14 13 17 11 2 14 8 19 5 7 8 19 2 4 15 10 15 2 12 16 12 15 4 6 5 14 15 6 16 1 8 4 20 5 17 20 7 15 18 15 2 1 7 14 8 11 11 17 3 4 10 19 12 20 6 3 10 18 12 16 12 10 1 17 17 7 6 3
 4 6 9 1 4 2 14 7 17 20 2 15 19 15 14 6 6 10 19 5 12 1 7 11 13 6 11 1 20 8 4 17 1 18 12 2 7 12 17 10 5 2 8 10 8 12 8 16 6 5 9 11 19 4 13 4 4 9 13 16 9 9 16 18 7 17 11 19 11 8 15 1 2 6 10 2 15 11 13 11 4 5 8 13 13 8 10 19 10 17 4 2 11 5 14 19 3 2 16 16
 8 8 20 7 2 11 7 13 12 12 11 12 10 3 8 9 18 1 3 14 8 19 17 17 3 8 4 7 4 10 3 3 18 11 10 13 13 4 13 20 7 15 3 2 2 20 10 11 12 19 9 9 18 7 20 14 15 9 16 14 3 17 15 2 3 17 1 2 18 8 3 11 2 4 12 11 19 11 13 6 8 2 8 6 16 17 8 10 19 11 5 20 19 11 15 9 4 5 4 5
 15 1 6 13 5 20 17 18 12 16 8 1 7 1 16 20 2 16 12 18 6 19 15 10 12 20 7 17 13 2 11 12 1 20 19 20 3 14 16 1 11 18 12 13 6 4 13 14 9 10 7 17 11 10 18 17 4 11 1 10 20 18 9 6 18 5 20 2 18 11 2 4 15 10 9 17 10 20 19 10 12 11 5 20 7 13 2 18 9 1 9 19 7 18 18 9 14 6 7 9
 1201 1883 540 793 890 1360 1999 1658