117 107
 86 57 66 79 55 44 82 33 66 10 57 59 36 84 47 19 34 3 50 87 42 69 24 42 1 16 97 22 72 10 31 46 28 16 18 85 16 32 42 40 41 50 44 66 12 61 41 43 69 15 33 35 25 52 39 100 56 11 45 28 71 18 44 93 84 62 14 9 6 5 56 65 25 72 14 25 52 27 56 97 26 68 68 81 37 70 49 52 57 100 58 56 82 74 38 59 53 43 27 45 29 34 82 73 23 56 13 67 45 87 14 33 14 10 53 21 81
 91 42 56 60 26 53 21 59 51 89 52 47 42 95 91 40 13 3 90 41 9 89 80 45 35 98 95 49 84 80 11 90 85 85 21 64 81 62 63 13 19 16 29 68 61 53 84 33 26 10 22 49 64 45 75 58 54 66 76 76 42 64 22 31 11 5 15 7 80 11 3 48 45 70 13 29 54 58 46 20 96 100 48 73 92 33 13 45 11 37 75 51 37 63 26 40 70 92 76 64 79 74 29 47 44 76 97 91 83 62 2 81 48 5 19 63 91
 22 88 84 79 70 66 47 65 45 66 60 97 59 91 66 31 39 39 49 85 45 34 97 14 32 34 19 58 80 46 57 96 89 45 90 43 81 44 43 7 61 94 34 69 7 51 9 72 69 59 4 22 4 92 83 64 99 25 79 7 6 25 20 26 85 29 50 6 97 18 62 47 78 6 4 80 98 20 46 30 50 88 63 59 97 90 66 16 17 93 21 27 13 46 90 22 77 40 96 42 67 40 52 73 57 19 80 2 71 13 4 62 38 47 84 34 91
 48 83 76 73 27 96 53 86 48 90 6 21 76 44 84 46 83 57 89 29 43 23 13 38 85 87 12 67 10 58 65 70 11 25 68 27 45 4 79 70 18 56 46 2 36 55 34 45 27 27 42 7 81 97 10 36 27 14 21 88 59 40 95 11 16 3 93 23 87 17 8 98 19 82 32 74 19 11 13 9 73 97 75 29 44 15 70 47 15 2 72 100 79 84 9 57 13 20 79 95 56 71 8 48 78 39 71 74 73 54 95 65 46 3 88 86 26
 59 34 23 53 63 1 38 47 92 29 81 94 29 93 22 45 2 58 36 64 22 24 28 54 4 70 63 20 4 55 32 29 93 73 30 16 54 73 92 61 91 47 19 57 47 1 56 49 45 66 48 24 33 71 84 68 82 23 53 28 23 7 46 41 73 74 3 92 36 56 63 77 64 67 85 12 31 47 17 41 52 56 27 65 72 20 6 6 40 34 50 99 84 95 86 13 57 12 34 17 80 67 28 38 86 39 90 95 64 73 4 73 82 64 53 46 39
 30 34 54 76 75 4 3 79 22 6 78 19 81 83 79 47 40 85 12 27 86 43 24 99 50 90 64 85 80 99 34 48 38 88 61 94 40 85 12 52 20 86 85 41 65 16 6 70 51 63 65 72 17 74 35 77 46 45 18 24 7 98 78 6 96 49 80 30 17 73 18 32 10 23 84 47 94 22 100 68 79 79 5 80 32 90 19 63 44 44 87 19 45 1 28 62 50 20 50 44 53 81 33 71 23 43 36 17 31 70 15 83 22 31 42 9 32
 48 2 10 73 28 90 94 45 53 43 60 6 76 61 31 19 37 44 34 93 22 97 94 59 60 71 45 30 48 58 46 61 57 87 73 49 26 28 49 35 5 98 58 87 66 50 83 36 51 17 87 19 55 62 81 87 22 100 92 95 18 9 52 79 91 92 88 25 14 16 15 91 98 37 63 53 52 13 80 40 23 69 44 97 42 62 100 78 20 71 19 74 32 90 13 31 99 33 94 41 14 32 59 53 76 86 76 53 53 30 11 1 60 48 15 51 56
 99 88 18 68 36 10 58 46 89 85 24 24 86 50 29 42 73 44 23 55 20 48 46 82 50 85 34 17 62 29 29 80 52 67 12 90 26 52 5 21 42 63 86 38 94 57 67 2 49 70 23 90 69 62 69 23 34 6 75 33 1 91 65 10 72 44 97 67 34 67 88 42 91 96 96 94 3 30 77 1 31 56 2 40 14 57 91 3 91 69 53 47 53 26 3 46 74 65 69 72 78 68 67 12 63 90 4 51 81 62 58 28 31 88 17 89 23
 36 13 10 33 84 78 54 50 22 14 81 94 70 4 95 26 31 74 67 72 61 4 36 61 9 40 53 7 15 60 3 79 76 3 85 18 27 88 41 30 19 36 64 75 74 34 11 39 80 9 4 80 45 30 37 32 55 76 100 8 57 1 78 45 27 3 81 51 58 53 57 16 41 88 89 17 40 96 13 7 28 3 92 83 31 71 21 98 26 20 34 11 33 37 20 27 14 68 91 45 7 65 26 80 97 67 89 49 55 95 36 87 84 32 38 97 76
 20 56 8 77 94 8 79 83 76 78 69 98 32 47 3 24 99 17 5 73 53 90 22 4 57 31 54 28 86 48 48 20 57 97 58 76 17 74 61 68 100 52 51 82 56 35 24 13 94 54 57 92 36 44 56 1 16 97 98 61 34 98 33 73 72 81 100 65 94 9 99 32 6 44 60 54 4 91 72 24 51 63 61 27 73 99 12 52 21 9 35 16 91 57 5 78 56 63 76 7 62 56 82 36 61 11 68 100 91 30 90 41 24 53 46 31 37
 16 9 81 7 53 38 74 98 23 65 75 36 43 13 40 28 66 48 4 41 32 85 52 24 81 14 64 87 67 76 93 30 13 28 61 73 59 87 75 2 21 15 91 78 18 97 43 40 83 2 94 67 74 21 2 5 57 49 51 93 28 8 62 52 31 85 33 85 34 17 59 65 72 76 17 61 26 80 89 73 10 82 38 31 66 3 66 52 87 99 9 33 98 31 19 92 52 60 47 3 37 89 19 80 56 74 81 88 24 100 100 46 51 77 64 33 15
 88 11 74 1 80 92 81 96 29 77 67 19 6 40 94 32 21 89 37 82 66 93 97 56 42 66 60 34 57 21 34 69 85 23 57 2 90 95 27 20 25 46 4 37 88 37 15 12 13 58 72 47 57 41 87 66 11 59 88 62 70 65 4 53 42 78 70 22 9 87 49 14 3 64 54 89 50 3 58 47 47 46 87 99 24 37 50 27 33 18 71 14 43 77 3 36 41 79 88 46 51 78 11 8 1 11 29 4 15 26 55 90 84 63 57 16 1
 64 84 11 58 66 39 45 33 35 72 30 5 61 28 59 37 24 20 48 52 54 40 90 10 50 87 1 42 38 33 64 19 52 72 72 96 75 25 98 53 9 87 8 42 28 44 46 89 65 68 47 28 16 23 53 94 74 68 74 97 24 70 28 63 98 90 70 87 3 54 84 81 35 58 62 4 91 78 51 14 57 59 15 71 76 73 67 53 60 87 89 15 36 82 61 29 71 51 67 62 63 98 86 7 61 56 81 89 90 89 77 18 53 5 91 48 53
 99 81 37 35 100 71 36 9 42 77 18 97 7 4 80 62 49 1 44 22 74 99 26 27 97 38 49 17 27 37 7 51 51 45 89 99 79 30 86 83 75 22 100 16 37 14 27 62 59 71 66 24 59 44 95 26 68 63 17 99 34 43 2 62 24 44 7 89 82 67 61 67 65 49 74 91 15 55 7 4 99 49 20 39 74 24 51 71 16 94 87 86 44 85 29 56 32 66 29 40 70 35 41 88 19 47 47 62 29 75 74 91 9 83 89 37 36
 99 33 81 40 42 49 39 60 98 70 91 29 88 20 19 95 11 54 64 69 69 63 9 39 29 25 49 93 31 59 97 94 29 49 91 91 75 13 94 20 18 84 66 49 9 95 62 60 50 63 89 22 12 60 14 67 85 50 22 98 87 12 3 100 7 60 55 51 38 69 26 6 79 22 57 18 8 2 53 74 73 39 54 37 1 8 5 16 25 29 85 92 89 14 46 51 91 33 13 84 66 89 49 11 34 26 90 100 24 52 62 31 60 90 68 37 38
 68 19 69 89 48 34 44 42 42 34 20 23 2 94 6 78 40 28 77 50 7 3 99 48 7 46 45 9 28 9 35 45 44 45 69 91 60 47 16 61 58 73 31 19 9 76 68 99 61 65 95 49 57 34 97 4 10 34 81 85 56 68 13 46 49 72 48 13 26 43 5 50 78 39 9 96 68 58 51 59 10 56 56 59 39 57 16 51 43 44 85 12 29 9 9 8 85 100 23 48 95 36 36 22 68 54 21 93 48 5 25 25 90 31 32 71 69
 13 92 18 57 2 73 4 85 83 95 46 71 2 43 32 87 94 43 83 52 62 45 98 27 69 57 21 63 69 38 22 100 36 2 74 80 95 81 12 36 49 46 56 22 14 46 67 9 94 33 59 74 79 23 63 69 16 78 31 5 61 60 89 61 89 29 4 83 70 73 69 97 91 49 50 46 78 61 100 71 81 13 7 29 70 55 100 20 82 96 63 39 90 54 83 47 5 5 85 93 25 34 98 13 15 11 51 26 44 92 83 18 30 79 79 52 20
 89 13 17 35 6 10 64 84 28 27 99 53 14 29 43 23 42 91 24 58 43 88 9 62 7 55 52 94 68 52 98 29 38 55 28 93 70 93 76 96 21 60 39 75 57 51 48 99 36 1 6 51 100 53 18 75 32 9 1 93 51 73 68 62 63 29 47 76 16 27 99 35 12 67 60 31 38 47 63 68 48 36 53 76 64 35 61 96 7 80 9 41 59 29 85 66 28 43 37 2 32 24 47 56 96 86 31 58 12 38 49 44 35 74 87 67 15
 4 44 66 71 30 9 2 33 82 49 30 91 70 8 6 42 32 17 97 41 81 97 42 40 84 18 63 54 28 77 65 30 17 21 69 65 97 53 17 1 96 36 69 11 56 21 51 44 62 69 85 42 59 24 92 74 8 10 86 95 45 13 20 68 20 93 31 74 76 47 9 11 52 78 24 15 18 10 5 38 97 11 32 10 58 46 28 96 92 24 63 88 94 84 94 87 4 97 59 90 73 72 10 10 54 23 54 23 74 89 22 80 13 20 76 47 77
 17 40 26 26 33 61 51 97 70 80 85 99 94 40 59 53 19 89 4 13 32 56 80 71 91 58 4 47 93 54 48 97 52 12 12 10 42 14 76 47 85 94 78 86 15 13 56 85 1 62 25 42 77 28 60 58 51 39 75 11 2 4 27 3 32 29 66 42 37 31 42 12 96 64 68 33 74 19 72 60 28 12 23 24 53 45 74 14 66 82 100 20 24 96 18 96 94 35 4 80 18 19 68 59 90 4 22 88 35 76 5 71 5 58 69 68 69
 25 65 14 29 4 55 61 39 10 64 63 44 56 46 61 83 18 77 40 48 87 42 95 51 95 2 19 20 57 45 59 39 42 40 96 6 23 6 96 7 69 56 100 69 45 64 27 10 53 86 5 82 26 33 70 51 6 48 74 24 37 35 65 31 89 93 55 29 37 7 3 61 25 42 10 58 66 67 52 53 20 6 52 97 47 65 42 66 54 99 55 19 58 11 57 4 36 57 7 91 40 29 89 80 46 27 68 31 13 24 67 40 55 32 81 43 9
 49 2 89 50 38 18 57 57 31 66 41 56 29 71 65 88 15 4 54 52 11 20 24 93 24 92 49 47 37 96 32 71 88 53 24 68 20 46 83 24 41 23 75 43 45 71 91 7 18 10 22 26 7 70 61 31 17 77 23 37 64 46 64 100 66 76 98 29 25 70 89 51 86 14 98 24 68 45 31 27 60 67 1 9 64 68 98 53 22 51 89 59 35 2 66 93 48 8 79 61 79 38 81 6 69 36 90 70 2 93 87 71 94 11 84 64 69
 27 83 93 77 97 53 61 27 42 77 54 5 70 56 74 86 60 37 49 33 43 85 73 27 16 5 96 99 40 4 97 93 51 4 33 94 91 94 83 46 3 49 66 61 72 91 35 91 86 93 5 77 100 92 52 27 79 61 78 14 56 42 56 80 37 49 100 37 21 98 62 76 70 83 32 96 46 29 30 89 5 23 90 58 85 59 84 35 37 6 11 58 68 69 94 15 17 39 13 20 8 73 80 61 80 63 51 19 21 65 76 32 64 9 98 64 54
 40 31 53 68 18 60 58 53 14 91 83 99 33 20 23 10 80 82 64 64 47 75 22 18 47 65 30 83 84 68 7 64 12 98 8 42 39 58 68 73 12 14 84 62 30 44 12 72 26 15 22 60 13 30 46 15 20 61 22 69 23 99 33 88 71 51 84 48 83 30 91 93 39 83 62 57 3 37 57 98 67 99 37 42 77 43 35 21 44 84 93 84 13 79 68 26 41 66 9 100 5 61 1 52 7 40 33 71 74 16 37 35 80 3 46 27 17
 10 85 3 10 27 75 20 88 62 72 6 80 35 55 7 76 72 69 22 42 29 26 55 18 13 80 80 84 78 40 8 84 26 75 31 35 73 45 21 33 41 2 43 39 86 100 81 45 77 16 88 86 16 46 49 79 73 26 12 9 86 82 65 42 6 62 95 33 71 73 3 80 26 41 9 63 47 10 93 66 59 35 30 9 34 70 42 61 56 17 36 11 44 17 53 37 79 43 100 22 52 59 60 53 80 47 92 100 23 55 30 35 42 81 40 50 38
 15 39 75 83 14 28 25 25 51 38 74 87 7 46 8 69 99 96 33 37 58 57 36 53 86 81 75 97 53 86 5 78 19 78 47 59 48 96 87 39 81 33 9 33 6 71 46 58 2 77 84 66 22 84 79 87 88 39 17 18 21 4 35 28 92 94 92 28 43 98 40 2 48 32 87 33 26 43 13 4 76 89 2 14 89 50 28 4 12 96 22 23 13 46 88 24 42 54 3 94 94 85 93 66 55 77 27 89 55 91 25 32 29 45 15 23 58
 6 61 53 34 93 55 85 14 22 89 33 12 98 76 21 61 43 5 82 68 83 100 59 24 73 28 35 28 32 41 87 93 43 49 52 69 92 48 20 3 70 23 75 78 5 39 39 11 31 67 96 83 90 2 94 56 7 46 6 43 7 83 6 50 90 40 97 82 11 49 32 10 83 90 26 96 57 90 81 49 36 17 7 44 96 5 70 95 56 15 62 23 92 47 26 64 67 15 46 25 6 4 13 36 81 7 80 50 40 39 25 13 26 14 69 73 25
 41 78 98 32 60 7 90 89 79 20 33 94 35 17 77 25 91 55 16 66 17 74 45 88 2 12 36 37 75 30 8 35 78 39 44 92 76 9 88 64 27 46 86 87 82 30 62 35 7 22 54 18 37 6 22 23 35 6 10 63 31 42 47 21 83 47 45 22 72 97 10 26 87 37 75 91 82 16 51 30 24 1 12 63 27 36 72 84 55 59 65 90 59 93 15 58 96 25 24 12 100 87 4 2 10 75 81 80 85 56 64 62 36 74 77 30 70
 63 11 56 86 27 41 22 43 66 10 34 60 47 46 4 70 32 78 91 62 8 87 97 13 18 85 25 56 67 42 92 69 91 71 49 73 36 62 54 98 36 2 13 19 77 16 84 66 87 92 43 79 44 24 55 99 70 44 7 10 63 74 19 40 56 2 36 94 28 98 7 62 86 44 39 8 24 11 57 39 75 52 33 15 57 12 68 14 9 21 81 41 60 94 7 26 75 14 29 40 16 53 13 49 33 62 31 67 94 78 51 80 4 74 47 48 25
 80 22 2 4 34 76 87 96 65 95 44 4 69 52 17 94 33 31 86 52 25 48 29 43 20 65 36 58 98 71 68 30 56 36 89 81 53 34 76 71 93 15 46 82 33 17 43 51 74 60 50 83 79 75 97 55 51 33 30 90 72 95 37 14 54 77 37 17 93 92 37 84 100 32 49 51 96 9 22 26 59 38 92 66 64 7 24 18 69 10 1 100 17 99 57 99 72 97 30 75 52 25 62 96 80 77 23 63 75 14 88 85 67 8 40 27 89
 64 9 96 72 1 44 9 20 81 53 61 22 71 6 42 20 34 79 74 58 1 68 84 44 5 80 68 80 80 72 26 70 14 99 53 65 96 98 69 2 9 62 91 16 95 63 4 74 33 88 99 96 60 97 91 43 84 47 33 39 65 28 51 75 12 97 71 92 27 67 77 11 63 89 19 70 74 46 42 100 86 28 37 85 97 95 30 14 88 39 62 71 49 49 31 38 23 68 42 65 54 24 7 88 32 77 29 1 23 99 42 81 77 95 70 58 12
 12 21 12 20 73 39 81 75 69 75 59 78 54 45 58 85 40 76 100 24 76 11 23 64 78 53 39 61 20 74 4 18 43 83 16 49 65 74 26 70 64 88 82 66 51 24 56 72 8 11 25 48 55 59 24 42 58 73 32 3 10 70 53 37 29 37 69 74 52 73 59 63 71 11 73 10 52 14 19 25 96 33 55 2 6 74 8 39 46 10 15 56 42 20 47 61 66 36 21 60 87 51 52 54 14 73 26 37 35 88 93 67 83 2 44 78 100
 42 12 10 63 63 54 85 67 90 65 83 45 13 98 80 18 85 29 45 6 10 27 4 9 46 52 50 50 74 14 30 38 26 17 75 93 2 90 23 36 81 95 21 21 3 42 81 94 93 12 18 27 65 37 24 99 56 88 84 19 35 97 16 49 3 62 74 99 15 23 34 35 74 97 41 26 11 95 99 50 92 40 11 38 97 14 73 24 4 62 49 15 78 75 19 67 56 93 78 85 82 98 70 9 86 76 32 4 58 69 7 95 98 33 78 66 55
 9 13 51 19 24 83 23 40 98 48 70 23 85 87 76 27 75 2 69 50 61 11 33 66 61 65 1 69 22 82 81 32 74 87 57 60 38 99 48 57 73 84 63 28 60 56 79 99 91 18 78 53 92 89 38 50 45 93 56 69 53 46 9 66 42 18 71 52 72 75 85 74 21 71 23 41 83 43 40 49 25 78 71 62 66 40 36 61 70 57 29 18 75 13 82 18 1 56 99 25 53 41 63 100 74 97 63 49 26 22 24 53 79 92 61 65 30
 92 19 54 69 75 87 39 76 58 5 56 71 29 95 72 5 69 8 93 40 19 31 80 58 45 79 7 22 11 91 9 57 5 3 84 8 12 78 64 80 3 25 59 10 99 50 53 73 86 59 57 23 67 46 7 82 44 89 91 51 21 18 71 7 28 30 43 34 22 23 74 57 59 79 5 97 9 65 26 81 49 72 78 80 85 82 47 52 59 1 15 67 19 96 84 64 96 26 71 83 86 64 87 76 91 8 79 78 67 16 57 2 46 36 73 64 28
 71 29 24 17 38 80 35 65 79 13 25 100 11 51 93 4 37 44 55 72 11 44 17 4 54 25 45 51 52 3 75 7 39 54 28 56 80 4 51 87 49 36 5 34 1 83 32 33 23 17 92 50 35 4 42 90 83 88 86 97 77 60 59 10 47 86 37 47 57 12 81 54 32 53 9 33 81 4 44 16 16 86 45 66 70 3 95 14 56 87 19 27 51 86 14 2 76 59 56 25 98 52 30 83 83 35 68 80 61 75 44 18 41 37 98 38 34
 69 71 40 92 86 90 50 18 33 20 26 22 73 5 11 65 14 91 22 56 96 99 43 61 69 88 46 70 5 23 80 14 11 72 99 69 94 84 36 71 93 75 46 89 25 72 27 60 63 100 97 44 38 94 72 42 95 57 39 92 35 87 80 43 64 90 48 51 78 82 35 16 81 63 23 79 48 67 68 94 92 29 97 91 37 10 51 24 35 48 76 78 38 56 18 3 1 82 81 22 81 77 25 17 80 27 5 37 17 59 3 24 30 73 78 61 73
 6 84 49 11 94 79 90 89 88 62 57 94 40 17 98 14 50 62 59 16 91 88 68 82 80 11 95 53 20 33 87 53 71 5 64 4 14 29 5 17 38 39 59 31 1 47 61 83 64 90 31 90 67 3 15 41 59 6 8 74 13 52 14 32 14 47 52 18 89 37 27 90 6 52 31 99 6 53 21 49 25 58 62 92 96 46 99 50 48 89 62 12 22 21 60 72 48 97 97 47 15 69 10 39 67 46 2 96 10 48 43 1 74 57 23 2 91
 77 21 73 74 19 66 46 90 2 44 96 53 98 10 89 15 9 78 17 23 79 32 43 41 59 85 98 58 25 87 80 55 24 27 39 36 78 8 40 14 63 90 85 77 74 37 80 46 87 77 54 8 35 22 76 37 20 35 19 56 65 43 57 92 8 25 93 70 81 6 42 71 40 58 8 65 82 15 30 48 11 83 49 51 26 34 47 22 71 87 36 2 93 66 32 86 8 26 25 67 64 65 1 58 3 62 28 100 24 1 82 29 73 52 51 4 62
 80 18 24 67 33 36 5 96 100 71 84 3 20 43 64 75 42 17 41 28 87 60 34 8 11 49 7 63 63 92 34 43 23 21 19 22 57 21 6 26 16 26 80 75 25 67 35 21 63 89 57 85 43 16 17 30 85 51 87 97 100 61 96 43 47 32 68 27 44 82 56 100 96 33 55 88 72 54 36 28 29 29 64 55 37 9 27 88 15 73 36 77 17 26 53 20 80 95 84 27 96 25 72 69 76 51 40 50 98 36 15 10 32 19 78 23 61
 82 89 47 27 27 95 27 51 26 53 28 30 99 84 98 84 44 100 27 92 39 17 61 48 23 67 14 8 1 61 32 6 15 50 52 30 82 4 28 82 88 91 82 21 28 94 79 5 30 34 83 40 56 77 32 56 90 10 98 46 71 32 6 73 54 42 89 57 17 35 6 28 75 62 37 61 39 18 61 6 77 95 98 46 41 40 25 47 24 68 40 59 81 35 95 48 73 27 65 41 15 93 47 15 95 56 35 56 1 15 90 79 54 36 6 47 91
 8 85 93 64 33 80 28 37 82 89 96 46 74 33 20 91 5 79 31 43 15 83 20 65 15 45 36 44 50 47 38 48 87 99 73 72 31 94 27 96 35 92 64 29 12 57 23 2 48 62 47 20 76 65 80 69 41 42 12 12 32 42 37 20 83 29 51 55 24 25 69 19 61 18 5 53 24 98 8 34 49 90 15 95 67 97 91 29 90 22 78 28 44 47 50 58 51 65 35 61 56 53 59 19 70 86 12 35 50 71 4 23 3 27 58 62 2
 88 24 26 19 9 69 14 21 42 17 49 22 15 46 33 100 14 73 60 16 21 89 92 83 37 74 53 46 92 98 83 58 18 63 14 56 19 44 42 24 32 43 25 37 99 78 40 19 89 27 33 48 50 50 17 83 75 88 76 98 15 43 94 16 56 43 46 98 41 1 32 78 11 88 40 84 30 5 89 10 81 21 67 14 79 31 14 66 74 1 75 76 34 1 13 13 43 23 64 75 16 64 72 91 89 40 38 70 65 100 64 24 56 32 76 96 16
 71 31 43 33 70 52 10 63 37 15 93 12 19 16 65 80 75 27 49 97 27 76 82 4 22 4 60 37 4 72 27 2 32 74 17 52 75 1 45 64 50 32 23 34 51 49 84 29 100 25 100 74 84 27 63 66 51 41 44 15 7 52 81 38 31 66 37 26 70 93 28 25 48 39 83 12 84 74 87 84 47 7 88 4 67 34 13 5 91 76 69 80 48 87 49 86 37 41 3 84 2 54 17 77 27 99 70 96 16 15 79 50 8 85 22 92 89
 15 25 53 46 4 52 94 71 26 49 40 52 7 78 81 19 44 74 2 59 3 24 58 72 83 25 30 56 32 44 47 16 62 74 82 93 45 28 91 63 50 35 67 56 10 37 2 63 50 81 79 59 11 71 91 47 88 60 70 27 99 41 88 50 64 84 74 100 41 93 41 76 31 3 13 74 26 90 99 81 53 84 42 3 86 46 33 84 66 25 95 21 88 10 69 37 53 15 17 1 38 81 5 67 18 23 58 21 56 64 77 73 37 24 14 10 18
 29 46 75 34 38 25 87 30 19 59 40 60 52 9 26 15 79 17 30 18 12 74 20 61 94 33 48 82 80 71 38 77 42 66 3 13 42 78 33 100 99 36 86 93 34 37 15 23 16 61 10 1 14 99 79 64 81 36 83 8 84 61 51 31 44 39 55 51 29 35 39 16 59 27 10 58 54 54 55 76 15 12 58 48 37 71 72 86 90 57 44 41 80 93 16 66 93 35 48 91 50 66 9 36 30 86 31 43 34 40 15 16 23 59 91 16 51
 42 65 61 86 64 48 46 85 23 88 87 28 47 36 28 3 56 41 13 87 72 66 28 6 52 82 50 97 21 32 66 93 78 29 41 49 14 58 32 69 66 55 35 63 6 53 2 73 35 64 91 100 7 65 35 9 56 87 81 41 45 60 67 47 73 3 49 44 84 66 33 72 65 81 62 83 36 2 71 8 67 11 35 36 99 27 42 76 27 97 97 16 96 100 31 55 12 42 72 26 3 18 18 90 52 90 87 35 28 29 98 62 40 79 43 14 21
 25 27 32 46 32 99 91 24 74 75 95 15 58 88 62 87 31 23 34 88 73 10 15 57 35 10 98 71 10 8 53 100 67 76 22 53 42 6 32 84 95 17 47 11 53 26 97 76 41 49 51 5 44 67 55 30 53 59 9 88 94 20 5 3 41 71 32 34 96 47 56 4 67 38 70 41 19 93 96 87 40 45 21 96 23 87 21 100 51 99 28 77 16 58 70 74 75 96 50 59 7 15 53 52 23 81 100 97 100 77 35 72 51 95 8 14 70
 60 36 32 24 64 65 65 62 12 18 83 42 39 31 73 7 30 56 32 76 13 47 23 97 63 10 47 40 91 12 14 3 26 86 91 2 64 56 50 52 84 72 7 51 86 85 49 50 57 51 33 97 46 37 51 23 11 80 81 40 60 42 66 99 80 20 97 24 47 74 21 9 47 76 63 36 63 39 53 42 29 57 70 26 11 78 18 75 46 70 40 50 29 31 52 55 26 12 68 13 39 96 62 41 13 83 3 97 45 30 25 77 45 57 16 57 77
 79 1 46 44 45 68 51 52 1 99 37 59 75 87 5 45 18 20 55 16 21 68 20 37 19 16 70 28 95 24 84 31 25 23 48 5 7 18 91 19 28 75 37 17 12 24 25 79 5 4 78 26 80 89 51 85 41 78 21 46 25 48 56 21 29 45 71 5 44 9 21 58 38 66 2 65 13 76 97 37 67 86 14 45 18 3 69 53 68 12 65 7 85 57 9 86 43 54 60 47 1 47 22 1 72 18 16 11 2 10 14 37 45 75 78 28 62
 60 55 69 99 13 24 100 57 67 25 3 38 42 30 63 63 68 8 30 26 49 55 72 97 40 71 100 23 71 43 8 97 67 90 81 44 8 39 9 36 73 41 69 71 33 41 41 83 23 9 30 54 39 51 12 55 21 98 53 77 41 51 97 11 4 68 67 15 3 50 88 69 82 55 85 3 36 44 19 86 99 60 56 54 62 91 24 80 86 47 46 59 52 100 4 78 90 25 37 29 74 9 59 85 42 16 98 64 46 55 52 49 23 55 37 75 77
 100 89 50 5 45 13 67 35 52 85 22 52 88 28 19 66 76 59 47 20 78 99 11 14 61 37 47 65 15 83 11 67 37 63 27 52 46 74 11 90 96 74 59 42 52 86 46 29 33 63 70 22 56 94 60 87 38 24 85 88 59 31 15 11 15 59 66 18 15 57 95 11 82 7 99 73 4 100 18 82 84 91 81 90 43 7 19 44 24 59 4 77 72 9 60 7 100 95 88 40 70 23 70 83 45 91 71 4 87 44 93 75 64 14 61 84 97
 57 41 41 47 67 47 20 50 7 93 70 30 63 61 22 48 44 28 43 54 28 54 85 47 66 26 30 14 18 2 77 40 65 60 67 25 93 96 23 100 28 18 67 91 47 24 72 65 20 99 18 69 93 53 2 81 33 32 33 36 72 51 42 8 1 13 17 49 21 63 56 98 95 56 79 82 9 94 9 33 39 13 61 94 20 63 26 15 12 74 64 49 52 53 23 31 100 93 81 15 36 98 40 77 87 27 53 59 59 94 32 86 87 40 34 37 94
 76 63 91 45 28 70 13 88 30 94 22 7 5 55 45 75 80 71 98 84 39 99 62 26 86 1 64 82 16 76 62 40 33 29 8 90 26 85 95 9 86 35 16 27 20 37 29 88 34 87 33 19 75 51 5 24 10 83 92 96 18 64 43 58 73 13 73 84 45 22 77 74 49 86 29 81 77 86 25 1 30 2 33 51 41 61 61 3 77 77 11 93 56 89 87 66 72 56 30 59 97 15 21 100 32 96 95 13 19 88 60 49 97 12 39 98 4
 61 73 27 70 1 56 83 24 44 26 10 56 87 27 21 13 50 29 84 24 95 9 92 27 32 59 47 89 39 20 54 66 19 14 80 19 31 36 5 9 27 92 26 74 100 59 24 7 21 30 99 93 71 40 32 68 35 40 96 93 24 92 54 94 63 9 35 68 24 46 81 40 45 54 31 47 73 39 85 3 26 83 79 27 54 55 80 22 28 70 74 38 46 88 71 87 20 30 47 100 84 36 84 23 42 29 23 8 26 9 50 52 29 86 38 16 94
 79 62 96 25 62 18 89 86 62 46 92 28 68 90 50 3 29 46 37 51 6 43 93 13 83 31 93 73 42 12 10 6 74 89 66 40 89 80 43 94 53 42 96 88 2 50 84 50 7 71 66 46 74 86 37 80 49 53 67 16 97 36 66 46 78 39 82 40 55 96 63 79 34 10 63 29 44 28 52 9 74 40 3 64 64 89 30 89 92 18 92 19 45 79 98 4 62 50 91 71 78 24 80 54 13 5 28 24 53 15 72 10 86 23 80 53 61
 94 16 24 96 82 67 21 82 90 89 55 27 5 67 52 52 14 3 73 26 77 87 22 74 88 32 75 58 89 88 37 90 92 53 74 67 49 61 84 73 59 87 1 65 92 77 11 18 55 83 21 91 12 27 72 34 86 18 95 96 33 37 58 97 64 55 28 96 44 90 22 32 40 59 58 94 8 84 81 54 69 28 81 86 63 10 56 38 33 73 52 5 65 33 40 93 68 91 1 100 21 36 51 76 59 32 16 5 44 52 41 26 46 82 99 29 63
 38 15 93 8 38 4 8 2 55 25 72 2 67 92 60 15 100 86 20 45 55 98 53 99 92 78 34 48 96 89 96 19 90 43 4 73 25 33 57 23 29 97 11 72 71 90 58 91 20 76 13 71 55 16 78 38 61 10 71 98 28 47 5 37 19 58 74 45 38 38 42 52 41 49 41 60 38 93 95 40 59 10 11 36 100 26 57 67 54 47 29 4 93 96 54 99 31 48 43 87 33 11 93 73 19 7 90 60 15 7 89 16 3 63 14 21 33
 79 38 95 75 100 58 74 2 50 56 4 50 78 81 72 97 78 99 29 35 79 30 36 94 17 96 87 28 62 10 99 52 97 30 47 48 38 70 58 96 24 63 63 72 75 54 82 37 20 32 100 11 41 89 23 79 53 48 76 21 89 38 15 88 10 42 45 31 90 30 34 17 99 98 43 65 25 52 5 54 53 13 54 18 3 61 79 88 2 60 19 27 99 82 20 65 6 47 93 15 76 83 53 13 99 91 79 86 59 10 28 33 8 60 17 61 41
 100 6 40 55 2 44 52 50 66 45 59 89 6 34 52 6 35 1 13 27 52 70 18 16 72 22 72 28 46 71 83 40 43 19 95 46 72 60 9 71 38 87 22 11 71 35 13 35 1 51 5 96 46 38 17 18 30 25 82 73 53 14 100 9 6 75 1 17 42 36 50 71 58 54 34 35 53 46 64 44 92 70 22 63 98 92 77 25 70 78 76 33 86 69 78 34 43 93 55 16 97 58 10 98 77 36 72 85 37 72 51 95 11 81 53 86 82
 95 76 84 32 6 82 45 98 15 55 12 10 100 18 84 12 45 49 74 36 4 53 48 21 53 14 9 51 46 73 55 32 45 31 100 73 61 82 82 65 44 97 8 100 44 23 37 49 94 84 7 84 67 18 99 20 80 29 80 36 41 56 18 52 10 19 20 31 42 19 85 84 57 93 26 66 42 9 45 41 44 30 6 40 44 75 89 6 30 11 65 81 92 87 50 31 6 88 48 41 49 86 56 87 35 10 65 79 51 49 41 27 1 92 68 89 92
 93 71 60 43 19 16 31 26 77 93 78 4 14 23 80 8 78 94 10 59 57 44 75 80 80 48 54 30 30 70 24 27 15 85 59 79 19 38 28 93 46 58 78 24 72 84 19 20 87 34 47 43 16 7 81 100 30 9 100 29 46 49 25 15 90 13 1 47 2 15 35 69 18 8 45 76 59 87 91 9 59 30 27 52 9 52 43 23 87 39 55 93 16 68 100 39 85 20 53 2 35 27 17 30 42 41 59 68 9 45 91 54 79 11 31 96 67
 83 1 50 70 76 57 89 26 100 75 84 44 22 18 66 62 59 3 9 91 60 33 64 95 16 6 72 13 50 93 7 76 46 75 51 54 23 21 44 21 63 67 97 45 65 8 6 40 93 95 55 93 36 50 52 67 67 21 48 7 27 15 69 98 77 13 17 32 95 56 56 54 18 73 49 19 67 71 35 56 68 28 74 78 23 10 82 95 26 5 89 7 84 84 94 100 50 45 1 50 61 83 39 39 24 11 62 98 10 47 5 69 100 37 99 37 4
 96 26 89 84 55 50 14 51 8 21 86 33 24 41 58 97 10 84 86 66 56 84 15 58 84 64 78 62 46 34 29 78 37 80 10 34 31 2 90 20 46 49 25 29 10 15 71 72 19 25 48 24 11 59 46 50 49 97 15 68 8 95 7 38 63 79 15 100 17 66 4 5 77 14 21 76 71 78 41 78 15 23 85 93 6 8 3 8 90 26 85 1 96 98 98 68 29 85 19 84 85 45 8 45 24 93 50 77 21 5 88 71 69 3 20 68 44
 32 28 28 97 65 47 73 41 51 6 17 80 71 79 25 10 3 82 83 87 8 73 3 2 71 40 6 13 22 29 4 90 49 83 46 37 8 95 34 10 94 64 54 89 70 37 11 91 68 94 74 17 30 25 65 56 29 11 13 85 41 92 90 43 96 87 26 79 72 75 10 16 23 83 26 88 18 98 42 79 98 82 36 39 72 33 18 77 25 31 30 51 63 44 39 98 64 1 44 21 74 4 43 65 21 53 28 91 49 34 14 31 70 34 27 52 2
 74 27 83 31 43 50 85 92 24 14 6 23 66 89 68 93 49 38 51 75 42 58 75 57 48 88 20 70 21 64 16 39 44 99 9 100 100 25 44 67 66 29 32 70 92 79 66 89 19 61 53 73 66 9 3 79 78 35 22 59 30 6 13 34 54 71 78 3 93 7 66 18 96 75 28 97 20 37 44 2 82 38 55 76 3 15 24 20 18 15 61 31 6 65 100 69 76 71 100 13 54 42 77 36 21 18 5 93 77 88 61 64 84 26 26 43 77
 53 87 95 24 12 94 3 35 91 42 58 34 30 93 64 2 94 66 69 12 18 16 34 85 81 97 13 41 38 13 3 55 16 92 55 75 13 21 39 52 54 6 55 39 78 5 49 40 85 58 68 92 88 97 50 75 4 7 35 26 45 23 1 63 7 39 83 94 11 81 36 6 73 11 92 71 71 86 59 22 60 52 87 50 75 70 90 15 18 72 99 47 97 73 41 83 55 37 43 78 9 74 14 77 92 90 93 8 48 18 38 18 18 15 10 26 38
 44 30 98 82 23 56 78 93 95 52 22 99 30 64 71 51 93 22 11 7 97 76 97 62 22 42 67 87 5 38 13 41 4 1 23 1 50 16 90 68 60 44 45 7 100 29 20 7 71 69 49 91 28 16 37 97 14 24 98 65 80 97 35 63 19 6 53 50 10 14 12 74 3 46 28 61 62 90 30 70 49 35 35 50 52 63 96 66 79 57 51 10 30 84 66 56 20 40 10 65 65 21 60 16 23 28 97 93 76 29 74 29 18 81 57 57 10
 43 7 60 2 16 79 48 34 89 6 3 56 91 99 9 25 38 14 62 47 75 16 22 72 19 97 86 4 33 44 29 71 44 40 75 52 50 6 66 4 74 96 36 85 38 88 3 66 13 77 2 96 14 75 37 17 46 100 66 44 31 93 20 46 28 15 55 13 41 64 76 83 23 91 25 4 20 41 71 28 26 93 70 52 81 3 53 51 22 14 68 42 16 48 43 15 52 43 25 42 100 96 72 93 33 37 29 30 31 20 93 70 32 43 83 50 18
 80 35 27 32 65 90 55 67 36 45 80 60 51 19 80 52 9 44 91 49 16 68 57 70 41 65 23 100 47 70 19 40 19 45 14 26 81 75 34 35 57 56 33 62 18 6 12 48 40 80 23 68 46 81 98 66 42 28 4 97 81 83 32 77 39 95 24 54 7 52 16 82 85 54 9 11 55 16 79 75 90 54 99 93 27 30 25 84 71 12 94 45 9 15 13 37 96 77 27 61 51 70 35 79 14 73 90 42 26 94 70 31 46 22 54 51 39
 78 20 88 44 37 67 29 81 52 65 82 85 56 100 80 63 7 48 36 7 55 82 53 94 43 39 74 6 59 82 11 81 41 97 26 74 46 19 16 26 40 81 3 11 42 19 45 22 68 10 32 80 23 27 54 57 13 38 43 42 90 50 48 26 68 60 87 54 47 72 82 74 45 24 24 33 26 91 72 95 11 93 51 89 11 74 55 82 40 42 7 59 100 84 85 49 40 34 15 95 91 27 7 91 48 24 38 7 85 62 95 80 28 11 88 9 18
 96 26 50 78 10 40 42 84 57 25 1 15 18 68 45 31 87 10 27 8 14 2 95 94 1 18 75 93 63 49 29 33 88 5 90 20 96 93 62 19 57 66 75 16 62 30 55 13 20 57 98 60 8 67 84 9 90 11 38 94 32 54 42 5 12 7 63 62 90 18 44 83 22 2 92 23 28 7 12 93 81 99 7 20 39 5 22 89 83 11 74 68 59 48 74 51 29 14 33 37 74 18 48 17 27 77 58 60 100 13 1 97 22 52 97 11 18
 91 77 8 71 48 23 49 42 19 42 47 52 6 48 76 21 87 10 47 3 10 13 78 61 35 48 87 97 41 77 57 17 53 34 94 7 60 54 70 24 36 18 72 53 62 7 68 32 56 28 6 32 62 41 73 89 27 28 98 85 42 73 83 10 73 79 98 11 88 52 99 48 68 41 19 24 53 94 53 47 20 17 12 61 70 70 95 97 20 55 64 56 98 30 74 4 57 42 76 98 24 70 65 63 24 77 38 62 62 27 17 65 100 44 62 100 59
 1 75 76 51 67 67 20 65 18 64 3 90 55 21 34 96 6 81 41 68 11 52 100 65 55 56 87 28 49 21 60 51 87 76 26 87 33 46 97 88 6 90 67 12 37 68 43 19 27 16 85 69 42 52 38 21 59 45 65 95 67 20 34 15 51 61 100 49 87 35 15 37 49 55 2 88 66 13 90 80 29 65 69 63 78 79 81 77 23 74 31 47 99 62 84 7 4 38 76 62 20 33 88 42 84 22 70 35 73 55 4 3 34 3 87 15 56
 86 56 80 43 99 87 1 46 28 39 66 7 68 85 77 19 26 88 9 67 88 92 52 17 28 88 60 94 82 36 25 80 26 8 31 71 92 47 80 13 95 33 18 22 74 87 78 77 68 96 26 32 4 77 21 41 76 83 37 13 97 54 36 38 43 46 30 51 42 12 88 68 37 11 85 26 78 11 33 43 74 85 60 84 89 73 19 71 63 46 17 10 9 96 6 82 82 54 24 88 15 42 25 25 15 55 44 59 10 89 31 44 98 57 87 70 82
 14 37 13 83 50 29 24 83 16 53 17 19 92 20 28 31 77 80 52 17 40 69 97 47 41 39 12 80 75 43 67 86 100 38 68 81 73 96 61 17 53 28 63 91 45 66 17 91 68 69 15 48 52 89 25 16 37 86 52 84 90 8 44 47 45 19 15 55 98 44 88 49 26 3 23 34 100 92 5 46 72 12 33 34 78 17 29 83 8 16 61 59 13 91 71 77 50 37 89 64 18 6 38 50 68 71 92 24 79 97 96 10 83 8 30 84 66
 12 84 62 73 86 80 37 29 43 47 63 14 54 73 44 45 78 96 51 28 9 35 59 95 48 48 62 28 34 21 13 25 68 29 6 16 73 98 28 33 35 63 22 70 98 67 82 83 93 38 18 66 30 38 10 22 84 89 47 81 18 67 73 97 23 81 30 20 13 95 26 2 97 90 46 10 52 15 3 97 94 28 85 24 4 26 10 48 98 77 66 90 42 94 58 89 41 18 53 28 1 98 7 84 60 99 8 69 61 43 58 53 19 26 30 31 29
 62 66 98 28 38 92 48 70 67 24 12 83 87 18 20 66 43 4 11 9 83 30 16 43 71 78 7 35 35 100 12 79 95 57 88 37 21 23 85 73 40 61 61 8 3 43 35 76 46 37 56 51 53 88 86 38 41 8 38 58 23 90 43 24 53 51 33 76 28 98 45 79 36 55 12 23 40 74 87 5 97 93 57 62 15 67 69 20 45 23 58 31 5 46 57 16 22 21 61 42 83 33 83 85 82 58 54 61 11 60 83 43 51 30 92 34 81
 69 51 75 95 17 53 89 86 17 29 69 94 3 51 15 82 97 28 16 24 18 37 22 83 3 19 9 57 51 55 32 30 11 56 32 23 91 2 72 56 21 7 86 74 21 42 43 69 79 92 9 7 11 7 35 6 63 39 45 69 42 28 5 8 65 27 84 79 47 69 27 80 26 86 29 52 42 27 63 21 38 84 95 32 93 50 98 95 9 1 86 27 6 27 90 20 87 45 47 74 69 66 42 50 21 50 80 90 87 20 33 55 87 99 59 54 76
 80 62 64 41 24 27 21 15 82 35 22 5 37 61 11 53 49 81 64 1 79 68 29 89 51 80 16 35 38 62 97 95 51 66 34 79 9 78 1 67 90 86 91 24 38 93 31 51 59 98 32 91 78 92 65 58 8 52 82 52 12 30 64 76 91 80 17 68 100 48 20 43 3 95 42 65 26 51 65 46 34 31 16 54 14 34 90 81 62 44 61 84 8 81 66 54 96 80 89 50 39 52 60 46 2 68 36 75 5 47 49 62 23 26 88 91 51
 87 37 60 52 52 66 41 100 35 95 5 17 48 96 92 65 95 85 89 28 49 23 78 45 83 74 95 83 75 3 13 60 20 21 48 91 89 45 58 100 54 26 52 16 50 53 25 71 90 100 78 1 71 52 52 30 31 14 49 45 27 100 84 14 75 61 8 33 72 62 21 21 36 85 33 5 63 32 8 88 21 90 57 90 69 100 91 37 7 15 37 60 41 73 15 1 15 22 23 29 12 54 67 96 69 38 26 62 100 94 53 73 50 57 87 84 19
 76 97 70 46 20 34 73 41 13 86 17 59 2 62 22 67 77 86 5 99 5 53 43 29 87 48 3 17 74 9 16 66 19 14 5 91 36 82 94 46 29 89 35 94 76 69 56 60 33 86 9 67 9 87 31 92 74 33 2 28 35 6 76 55 78 70 35 6 43 4 88 34 92 64 12 15 60 3 53 99 35 43 61 79 51 7 40 72 1 30 95 37 16 7 68 18 77 6 88 25 86 72 33 90 25 23 91 10 1 90 66 96 97 60 6 62 61
 14 81 18 54 46 70 79 53 100 71 13 43 14 79 37 88 25 88 44 17 89 61 63 75 2 27 25 76 9 87 85 23 26 34 39 37 45 64 84 68 37 41 74 48 59 49 7 25 88 97 56 49 49 58 29 80 14 18 83 13 84 49 43 96 90 49 35 46 37 94 79 48 43 72 31 63 25 49 66 25 48 97 5 12 11 25 17 10 71 4 33 31 37 63 78 33 61 14 46 12 82 31 3 5 27 26 20 67 71 60 64 83 62 30 60 4 83
 21 19 15 51 92 66 52 61 22 27 94 28 75 66 72 89 9 6 26 30 26 49 1 63 39 45 31 84 68 65 41 55 28 18 99 63 52 26 19 80 52 63 14 91 62 59 31 69 99 39 49 79 47 42 33 36 25 2 23 71 91 37 13 87 70 74 74 94 60 91 81 88 72 87 25 72 16 34 36 3 62 78 81 42 67 58 81 65 3 65 65 11 77 54 73 30 85 7 49 6 31 61 42 36 24 46 21 49 99 20 11 20 39 17 30 52 96
 84 72 79 41 96 83 14 24 65 15 63 41 37 8 69 51 75 51 56 41 71 91 59 4 34 81 33 21 21 50 39 91 83 19 67 83 30 24 44 95 46 72 82 76 83 74 77 92 82 75 56 4 32 2 30 77 37 8 54 3 13 88 57 63 80 81 26 85 28 44 33 69 33 47 16 80 87 93 13 46 15 1 79 23 47 18 97 41 15 20 34 43 88 51 94 72 97 31 80 78 39 27 12 7 62 97 6 44 15 83 16 83 2 3 79 65 60
 30 34 33 92 56 77 84 72 89 17 85 51 95 88 24 51 45 91 62 76 65 99 97 65 72 22 10 7 70 78 35 76 46 38 9 22 75 89 37 26 14 93 27 58 32 17 83 85 29 82 89 1 24 23 42 25 79 44 90 72 94 45 52 65 27 49 39 13 37 73 49 22 6 30 5 85 89 57 70 39 42 51 34 42 9 85 51 82 61 58 92 9 12 91 65 36 85 24 32 24 46 31 93 85 19 51 35 16 27 39 37 24 89 80 52 93 7
 68 29 8 29 46 40 27 60 31 30 28 72 90 64 5 82 81 33 7 56 50 45 90 74 30 77 16 29 97 73 85 55 23 12 83 52 87 93 42 29 71 22 68 99 59 3 50 85 55 43 33 78 63 80 91 38 14 98 82 60 13 20 51 75 61 91 41 68 24 16 56 88 10 24 9 69 49 90 49 57 44 72 73 68 34 52 72 52 61 37 1 74 67 9 85 98 31 76 76 70 83 39 47 87 5 93 16 59 29 34 4 22 34 72 6 39 46
 96 81 5 78 7 39 92 68 98 29 7 20 79 62 86 73 27 18 16 75 22 1 74 14 96 95 95 32 1 8 25 17 58 24 57 59 70 53 13 57 69 91 34 42 6 36 25 72 83 58 3 88 21 17 70 95 12 13 31 69 35 60 21 39 43 20 18 30 6 41 63 23 45 56 90 64 54 63 72 80 49 75 69 69 62 87 91 35 77 66 75 97 43 26 84 85 74 95 90 79 76 4 71 88 77 40 35 24 36 89 69 23 51 18 94 57 24
 79 4 7 88 79 8 62 61 49 24 55 42 79 21 29 73 24 38 59 76 36 72 33 46 97 70 89 72 24 27 89 44 36 82 67 11 65 86 97 76 38 76 97 48 73 81 9 83 32 97 34 26 92 61 14 67 53 34 8 29 77 85 88 93 56 77 45 63 5 65 14 41 56 55 59 40 34 58 36 81 97 39 75 34 69 24 2 42 38 51 1 77 1 8 54 6 67 41 16 18 66 94 66 63 25 67 71 18 66 28 16 96 50 79 1 23 73
 14 11 43 55 44 18 4 43 81 31 86 76 39 42 77 73 34 50 5 40 83 40 58 37 34 77 67 4 20 45 74 19 13 89 23 42 71 45 13 54 46 98 18 47 60 68 98 67 87 91 36 16 95 65 19 85 2 42 80 37 36 89 74 75 44 63 96 91 3 25 97 70 59 3 44 60 62 39 77 22 4 20 48 82 28 60 21 22 89 98 33 96 3 93 52 72 48 96 48 26 70 16 52 71 23 77 84 23 71 32 60 91 88 9 99 2 98
 75 20 94 92 65 2 49 4 49 69 79 95 3 78 55 13 98 76 17 44 31 69 4 58 56 56 16 98 74 10 76 57 27 99 49 56 14 73 64 96 77 33 86 3 54 59 30 90 50 100 17 72 77 63 13 69 76 17 40 32 77 72 36 46 84 73 78 76 90 64 30 88 32 20 75 30 40 26 26 82 90 99 70 42 44 57 37 32 23 99 34 93 91 91 28 65 43 20 77 12 79 21 33 54 18 35 48 76 72 72 85 28 51 97 76 50 78
 56 13 24 90 37 91 18 38 78 60 81 6 59 80 74 34 97 92 27 47 43 79 1 6 44 10 95 98 92 39 42 88 59 62 43 32 20 5 93 46 80 60 18 74 75 6 75 92 10 54 76 40 34 78 90 54 37 85 77 75 65 3 6 8 91 50 4 80 52 14 27 3 8 18 67 13 77 92 38 67 32 67 98 49 2 77 34 67 36 26 3 35 4 99 10 6 4 70 4 24 62 46 42 16 97 66 11 65 81 57 78 53 78 74 38 11 4
 65 70 42 94 49 7 53 74 74 20 100 28 5 76 16 58 54 41 91 45 31 74 97 32 86 72 30 5 33 18 70 51 48 94 80 22 23 37 21 61 13 90 85 45 1 34 17 95 27 47 56 13 7 18 36 34 9 29 51 92 84 48 98 60 32 51 85 71 76 96 41 67 41 7 92 75 59 20 38 90 76 72 21 73 77 42 8 95 85 4 35 24 8 37 3 88 48 71 43 12 62 73 1 99 95 24 31 44 37 46 90 60 24 26 77 95 19
 94 46 86 58 90 84 14 86 1 9 47 63 100 63 13 74 51 73 88 32 97 95 32 3 58 66 80 41 41 14 57 75 68 9 34 47 7 71 61 29 47 37 84 84 52 75 73 69 89 11 54 21 34 70 26 99 40 72 44 96 64 58 76 17 74 37 9 32 9 87 3 81 3 72 7 6 33 95 26 42 85 23 41 26 48 30 76 76 13 28 13 77 61 68 43 18 35 90 47 68 3 35 13 9 51 14 85 7 4 15 20 11 35 66 57 42 41
 43 34 12 35 52 30 99 94 4 74 25 35 62 45 84 25 89 51 14 67 65 92 68 78 83 44 11 41 18 29 84 26 23 6 48 46 88 34 34 52 19 15 27 98 93 27 29 20 64 47 57 96 69 88 12 61 37 73 16 90 43 4 91 13 9 40 52 56 7 58 74 3 64 57 89 18 59 4 44 13 96 72 57 69 65 80 98 24 47 83 56 45 67 12 98 45 91 20 1 54 38 91 92 75 4 40 68 83 5 81 27 3 94 28 66 52 77
 41 92 50 22 45 38 54 4 50 38 46 69 85 20 38 66 53 48 98 64 14 19 86 49 19 20 100 91 69 37 97 15 61 88 90 73 72 40 45 95 48 24 40 26 73 19 75 71 32 8 18 59 96 81 47 23 100 9 6 61 59 93 13 82 13 14 63 35 43 37 76 79 23 88 46 16 48 56 54 3 40 57 20 16 73 19 72 77 81 37 82 92 61 27 87 55 74 96 34 82 1 72 28 79 96 70 75 1 81 12 46 5 70 39 21 56 34
 69 76 85 71 13 91 4 46 19 8 54 10 16 38 4 77 93 16 99 52 70 62 8 66 77 56 19 90 25 67 89 2 10 21 80 1 34 40 2 10 85 71 100 15 52 100 29 3 44 88 51 51 19 43 8 5 100 67 12 56 64 66 17 20 74 96 20 98 1 28 30 75 82 27 8 52 93 14 9 69 61 89 37 19 25 63 63 72 81 75 46 89 21 27 100 58 20 29 24 12 80 60 85 49 7 90 1 47 32 47 66 59 50 15 81 83 63
 40 85 70 51 2 24 9 64 54 78 12 12 86 47 13 1 36 89 92 93 54 10 4 48 98 14 84 78 8 23 82 53 96 39 18 7 94 63 44 40 35 28 49 77 9 6 40 19 25 21 92 71 96 96 63 23 90 78 68 91 81 96 99 65 40 55 55 17 98 26 98 76 6 14 58 45 12 15 61 53 85 9 81 10 12 10 27 32 96 41 40 57 64 50 20 34 72 14 76 52 78 12 37 13 35 77 32 37 97 73 92 84 34 54 78 44 31
 55 75 41 38 2 79 94 4 39 73 64 50 40 50 16 67 58 66 51 100 68 32 76 87 1 47 66 9 75 1 77 64 80 51 60 78 74 59 88 10 53 45 40 33 28 24 44 67 39 15 87 5 39 2 32 84 96 81 38 29 96 19 40 7 46 34 3 78 3 97 11 53 44 18 23 97 51 47 69 47 45 3 15 44 10 43 34 36 14 52 52 4 32 15 97 94 25 85 69 19 23 51 83 36 90 41 64 94 50 75 96 41 38 27 50 53 60
 30 34 8 24 56 23 91 56 42 51 36 65 28 44 51 18 30 60 75 15 43 29 45 83 33 31 60 90 81 75 51 27 92 6 41 30 95 58 60 2 22 77 100 60 25 3 18 55 81 66 43 31 72 24 59 30 34 54 34 59 8 87 74 4 88 61 42 13 16 100 59 36 59 88 90 100 99 41 90 53 95 62 93 91 9 85 84 50 28 57 51 86 42 28 86 64 69 25 38 45 37 72 21 65 44 60 45 2 7 43 84 22 80 2 30 22 26
 84 30 41 86 15 87 69 91 19 76 67 60 45 13 59 37 9 40 98 77 92 61 71 86 63 70 86 17 71 50 26 79 89 83 24 83 90 49 24 6 80 6 80 74 20 61 97 83 74 41 23 98 20 72 45 83 63 44 88 70 93 84 86 24 39 73 91 51 67 54 16 5 44 63 97 86 66 90 54 91 46 98 15 53 79 3 59 80 78 12 88 49 56 95 68 29 81 11 72 85 44 42 91 46 21 35 28 7 57 83 20 12 12 72 88 77 25
 2 36 58 41 3 74 13 53 13 50 37 55 71 50 41 30 95 87 32 12 21 40 84 29 76 29 98 32 29 65 47 34 56 39 3 29 10 39 31 16 23 64 64 68 1 75 61 71 27 38 82 84 61 45 85 92 28 66 98 86 65 97 43 67 12 62 95 99 83 81 16 80 4 62 7 37 92 6 86 6 61 80 65 73 12 100 79 29 76 60 76 49 66 40 97 37 58 65 70 60 64 82 71 87 68 66 86 39 7 61 11 41 12 44 28 94 25
 90 20 29 95 8 4 31 69 63 87 94 87 16 81 73 31 70 38 60 60 31 59 73 63 46 60 17 8 60 13 74 88 99 2 34 93 68 78 53 5 30 88 64 10 55 81 39 94 24 29 9 13 100 71 10 63 23 70 13 37 40 2 89 98 30 20 83 79 17 72 70 54 24 71 70 7 85 87 81 53 79 22 95 43 38 70 42 88 9 1 62 6 34 3 66 60 68 64 62 60 50 44 42 92 41 16 58 58 10 1 28 54 25 79 76 88 68
 55 74 2 88 56 32 32 25 23 45 73 70 3 48 54 67 21 43 84 12 100 77 12 93 2 66 24 53 97 78 84 88 22 21 90 2 72 61 33 4 75 45 52 69 26 91 74 19 49 86 27 100 74 19 95 85 60 14 75 23 28 92 69 54 6 78 25 93 60 60 48 32 81 62 83 87 94 60 31 48 49 47 42 53 41 99 35 62 97 40 47 92 45 66 18 32 23 75 11 13 2 68 32 32 11 2 90 85 43 22 25 74 52 87 55 57 8
 68 55 91 28 50 29 14 100 85 23 70 91 64 33 60 87 46 59 99 100 87 75 19 44 86 80 23 75 32 72 46 56 90 72 26 67 42 87 43 7 41 67 83 33 67 4 19 47 77 42 20 5 77 57 27 34 54 76 1 5 67 54 60 87 27 95 47 30 66 11 52 15 25 68 29 39 44 88 61 51 54 13 45 30 75 25 95 32 15 58 72 32 35 70 29 57 79 2 51 89 84 46 6 62 65 94 28 52 44 72 5 60 70 38 34 96 91
 99 90 95 98 96 16 76 69 83 53 89 16 71 72 87 89 44 66 30 2 99 49 36 33 98 99 15 86 90 46 93 65 76 57 20 55 92 77 47 8 28 95 55 64 89 92 24 45 57 92 90 94 42 21 11 97 99 6 33 97 15 53 87 70 51 40 48 92 15 2 1 76 98 88 86 2 37 59 21 98 59 26 80 38 52 60 73 26 53 17 47 57 95 12 23 80 25 4 72 49 60 21 7 83 22 35 6 12 72 68 20 99 37 18 49 27 92
 88 22 72 94 50 51 65 60 12 89 57 3 87 98 42 35 56 82 31 58 94 18 57 74 86 87 53 21 60 77 57 93 8 55 51 64 62 32 54 49 41 19 13 60 90 4 46 86 53 36 89 63 59 88 77 70 97 64 53 72 80 9 68 35 46 85 62 93 79 45 92 98 47 45 20 15 34 41 25 10 3 26 6 55 23 62 5 74 87 85 7 93 19 31 42 6 51 89 1 68 92 41 30 40 49 51 27 79 85 81 8 55 51 22 37 23 67
 69 100 19 25 68 87 68 31 19 95 97 37 95 9 54 61 49 53 97 12 60 18 93 27 97 61 92 32 3 69 72 78 68 99 25 40 8 74 42 17 10 62 81 55 70 29 44 20 41 83 9 1 14 72 51 12 27 55 53 45 8 27 46 14 57 30 92 38 71 18 19 33 72 49 13 40 56 11 91 13 86 70 8 94 75 60 14 29 66 8 81 1 22 75 27 92 55 80 50 2 25 9 52 80 87 26 23 86 72 86 16 22 99 66 49 55 90
 4976 9713 512 1212 3849 8995 3961 1081 2852 10289 6963 6743 724 4573 3394 2180 6771 10195 3522 7397 2943 148 6132 3140 11315 11543 4330 7760 6487 10571 8060 1931 11226 7468 10903 6017 4474 7697 3890 4101 8078 11273 10969 939 3373 5114 10467 300 6841 3641 4316 10596 2440 9898 4910 4357 8039 8103 699 7397 150 1938 5282 2475 3066 2986 2049 6878 8947 10026 6493 11289 10108 9687 7601 1266 3232 2949 9180 4101 1894 1898 5454 3483 2663 11293 6064 8797 7872 10137 3902 904 1980 5138 3656 6550 2678 3506 11262 4378 10323 8401 11319 9843 394 1344 3554