99 77
 73 20 25 48 99 14 76 67 1 19 72 90 68 39 96 44 41 42 17 91 72 59 29 12 62 41 97 61 25 5 9 46 86 66 94 51 73 50 6 10 47 55 2 53 16 20 77 61 32 15 51 24 79 96 54 87 8 2 26 69 86 90 69 66 78 22 82 40 30 100 72 26 90 45 50 6 35 84 78 49 62 47 9 38 60 60 68 24 19 96 14 83 56 73 56 37 55 25 34
 84 77 70 98 26 28 97 96 1 17 62 46 42 24 60 1 71 12 88 88 70 76 61 57 71 71 57 96 45 26 80 40 96 61 71 70 81 19 69 63 53 46 79 88 93 46 59 54 24 1 67 97 76 56 41 85 61 3 28 61 81 50 47 82 58 28 52 94 21 22 35 28 92 12 77 30 38 47 99 86 37 29 84 100 73 72 14 65 16 23 48 10 6 87 5 25 37 72 24
 19 64 62 59 34 70 75 98 66 6 37 95 99 53 48 50 76 67 68 85 72 2 61 50 56 24 73 97 27 76 21 37 16 43 32 44 51 23 2 62 87 25 1 38 56 33 9 86 12 50 15 87 12 48 62 12 23 22 75 61 24 96 43 98 17 46 4 97 3 16 2 74 71 5 89 16 34 20 42 81 25 12 88 7 86 5 2 86 59 22 60 85 30 95 66 79 76 88 2
 97 92 25 22 100 16 36 98 69 86 51 95 70 30 25 72 80 69 85 76 61 65 78 10 30 83 61 87 84 96 100 20 85 10 24 98 23 90 21 61 84 24 62 87 67 76 45 64 95 71 42 62 88 65 29 54 49 8 70 18 98 23 42 44 29 18 45 13 16 61 52 95 50 83 60 7 56 90 93 57 15 54 10 37 51 26 99 4 19 49 65 29 53 8 63 94 27 17 42
 37 94 63 66 23 22 92 20 57 82 39 98 3 9 64 13 38 47 54 12 49 88 92 33 48 3 88 23 21 63 75 79 46 81 36 38 90 66 21 93 83 91 92 10 70 70 63 73 69 25 1 79 50 36 49 42 50 38 50 29 89 17 39 36 71 20 36 16 28 12 88 75 81 9 46 6 83 39 66 86 51 48 60 21 55 22 31 64 39 91 7 100 43 5 3 24 81 75 28
 74 14 20 75 89 75 4 74 47 84 59 86 52 82 25 57 16 11 2 87 58 63 62 50 11 3 19 13 47 50 37 57 93 46 17 13 77 77 4 41 12 74 37 87 21 81 97 20 81 90 61 73 88 68 40 1 48 81 41 27 69 40 54 64 23 8 6 56 80 21 17 15 68 29 43 1 39 64 53 17 92 65 49 60 46 62 88 95 70 36 15 82 94 88 42 42 93 94 86
 5 85 12 28 29 24 60 39 100 27 41 25 72 49 67 40 56 21 94 72 18 79 85 8 5 59 69 33 75 49 38 96 94 33 81 25 10 83 80 19 53 41 98 92 87 82 35 98 31 23 20 42 33 25 4 69 25 43 8 50 22 32 59 26 42 99 62 87 21 52 41 46 86 46 48 38 73 75 60 89 7 9 3 60 12 27 41 63 76 92 18 75 55 80 69 57 2 18 50
 25 83 44 85 82 17 86 60 85 75 67 65 10 41 14 98 11 14 63 57 41 96 77 19 42 36 46 24 56 42 93 60 8 97 60 17 13 74 67 37 55 67 21 88 24 8 91 29 55 70 14 24 76 54 62 50 85 42 71 24 63 64 30 53 83 10 86 26 31 33 52 56 48 70 11 26 1 44 98 9 77 64 93 100 12 45 18 26 95 64 99 20 24 40 44 93 11 30 23
 95 7 12 10 62 81 42 53 54 98 7 38 54 82 36 43 71 80 24 34 24 28 96 73 65 28 89 55 94 68 20 2 85 82 27 18 88 53 6 6 38 23 97 54 38 34 19 37 19 26 94 81 20 88 100 8 66 80 58 54 82 43 7 100 74 93 75 45 5 86 54 56 64 23 43 32 36 69 30 11 50 74 83 75 24 96 19 44 8 7 17 54 15 60 70 38 56 57 1
 63 18 9 41 45 63 92 24 62 43 37 20 32 44 98 71 93 68 62 84 35 88 96 63 33 7 84 18 70 54 23 21 53 44 88 45 93 25 46 71 23 52 46 90 33 12 3 82 22 32 97 47 50 8 23 18 53 21 85 58 29 62 6 43 2 88 13 9 9 35 100 2 11 96 18 78 40 79 16 21 14 69 25 40 82 90 24 90 30 80 66 1 48 56 30 84 90 14 71
 3 42 96 6 40 61 77 31 64 100 79 63 10 32 2 22 13 13 96 42 10 80 82 89 44 96 82 85 86 72 29 22 53 38 1 28 77 34 11 3 38 94 82 35 68 15 72 57 57 43 19 28 33 42 86 71 34 27 94 21 16 94 91 8 35 73 48 20 53 95 11 4 53 82 49 44 21 49 52 44 64 43 56 44 21 78 47 80 90 25 88 56 25 18 60 24 89 37 47
 93 74 91 7 48 28 20 4 8 37 31 78 84 47 90 83 94 74 89 46 7 46 55 81 81 57 90 83 77 59 37 6 33 51 57 14 37 20 46 34 39 24 94 60 3 100 22 1 69 57 78 1 88 12 23 79 32 67 1 45 25 53 24 70 78 51 5 15 16 100 46 44 91 62 80 44 77 30 57 37 71 39 5 67 65 99 5 37 90 43 89 72 70 43 34 69 54 81 29
 36 1 93 68 70 96 90 9 93 64 90 20 52 20 17 64 84 79 66 46 96 53 57 49 36 28 34 94 77 69 29 8 14 36 49 57 66 54 36 99 25 43 23 8 28 57 79 96 33 44 16 6 38 99 73 91 31 94 90 59 82 10 21 37 97 39 54 86 89 72 6 79 81 6 64 65 84 27 10 49 14 42 51 58 89 33 35 30 34 78 8 30 48 17 97 83 100 51 23
 34 65 23 55 77 46 81 92 76 7 67 26 74 6 90 72 78 38 22 43 69 34 96 66 88 49 95 71 68 59 70 44 38 59 12 88 34 56 63 17 15 69 46 95 6 19 54 41 44 18 12 50 61 85 24 2 36 65 33 52 17 13 62 71 40 22 67 47 83 6 41 47 74 47 66 16 69 9 10 66 78 59 78 6 75 65 85 18 79 88 90 31 95 98 75 67 22 59 38
 87 75 86 61 56 76 97 43 88 48 83 52 47 44 15 10 73 23 30 1 12 88 38 93 9 17 92 68 71 76 65 47 93 36 36 55 54 82 82 54 70 17 17 63 48 43 3 26 65 32 40 15 30 30 92 98 55 7 65 37 3 30 41 83 56 8 2 77 35 42 99 81 4 30 24 75 66 84 61 40 13 18 83 10 65 29 79 51 64 44 25 28 29 17 40 27 60 35 6
 94 80 22 89 15 8 39 2 81 80 92 79 40 65 78 65 91 12 9 55 39 5 60 11 46 33 58 73 76 48 44 36 19 47 14 27 14 2 12 93 41 59 7 68 64 32 76 56 44 37 14 9 2 96 1 90 91 32 32 27 74 78 71 70 40 28 65 84 29 37 75 74 48 3 59 69 75 55 47 70 36 63 39 79 47 66 2 59 10 97 22 53 63 80 58 41 33 72 64
 62 47 31 89 92 6 38 77 10 39 88 73 87 90 73 22 34 97 86 16 41 60 99 50 62 32 51 9 4 95 75 77 69 78 54 81 82 49 78 15 78 84 74 21 99 53 52 27 50 54 19 16 100 35 57 100 3 36 45 53 11 5 58 39 52 4 30 7 46 56 39 45 42 59 26 36 20 63 29 3 17 58 89 63 19 35 83 63 79 25 10 80 11 3 22 6 11 54 93
 37 77 81 74 37 87 7 93 10 30 40 76 37 1 44 90 94 56 77 88 15 34 29 18 45 27 68 76 12 40 47 91 56 22 17 19 78 44 62 24 50 71 32 12 90 45 88 2 73 16 10 79 42 19 75 36 82 5 21 35 17 85 47 12 25 73 59 69 82 91 65 87 86 61 61 31 83 32 44 59 43 53 20 45 70 19 80 26 85 58 32 14 83 48 20 99 11 92 59
 13 100 87 51 21 55 40 78 65 100 28 43 31 100 1 68 43 100 32 73 16 79 33 79 59 5 40 18 54 81 81 77 67 27 61 79 59 8 80 80 32 86 40 46 32 83 86 96 26 20 33 85 94 30 72 60 34 23 23 15 45 82 70 10 78 47 10 46 97 11 95 80 10 66 64 7 70 56 29 5 88 62 22 43 63 72 14 37 23 1 8 6 26 11 8 86 66 99 95
 39 49 76 3 18 42 50 21 29 38 33 84 75 56 31 45 66 29 53 32 92 15 18 59 4 17 3 60 8 60 83 37 95 86 100 20 51 27 44 37 92 20 32 74 32 22 21 49 26 18 86 36 2 5 26 54 37 10 69 44 61 10 54 77 39 100 41 89 99 64 46 73 64 11 12 30 60 9 22 67 61 69 23 34 99 17 51 84 20 16 1 2 90 27 27 36 68 84 27
 28 10 40 98 41 93 15 28 92 95 65 63 36 26 35 52 21 36 64 4 66 60 31 21 73 39 72 88 99 24 89 13 86 19 27 68 82 99 75 26 46 48 76 29 33 86 76 27 36 75 25 52 65 81 76 74 43 71 39 26 54 52 58 5 27 96 49 24 22 49 56 93 100 5 75 10 76 40 91 61 88 25 33 89 37 45 82 8 89 70 42 59 59 33 48 28 1 84 87
 71 64 98 88 87 49 91 93 34 69 46 6 83 85 11 84 94 50 72 91 63 63 87 44 5 1 69 38 67 75 41 2 32 55 62 26 33 26 46 35 15 100 64 82 21 74 98 22 30 60 20 10 1 82 8 11 51 17 31 46 9 16 1 26 31 100 90 65 58 93 71 92 41 5 100 26 95 44 79 67 15 39 54 59 69 93 19 41 66 37 59 95 4 35 17 34 59 3 79
 30 46 92 83 96 15 74 86 12 58 27 69 34 22 31 7 7 68 15 53 24 5 97 34 9 69 3 38 85 77 29 20 9 10 86 49 62 35 41 41 63 1 4 48 77 1 90 78 17 100 59 20 39 98 7 7 91 79 88 47 54 89 3 4 26 85 56 94 63 79 89 87 33 16 51 71 63 43 14 64 67 54 79 54 97 29 56 70 15 37 24 42 59 33 79 9 3 45 45
 78 42 30 85 63 94 52 7 23 42 45 59 87 100 12 34 29 59 89 30 67 44 66 64 68 7 82 42 63 58 49 40 87 74 83 81 97 51 60 26 11 95 33 93 98 48 42 24 6 84 54 16 97 46 75 18 52 79 15 95 22 73 27 92 32 65 81 56 89 76 36 50 48 41 22 27 77 43 42 40 93 10 29 23 87 7 32 36 92 90 38 70 87 92 52 78 92 100 39
 80 40 44 97 95 19 26 1 2 64 17 82 67 43 34 72 84 86 60 76 16 88 69 74 44 13 13 57 22 31 58 33 8 4 17 38 43 84 63 100 81 12 54 7 15 41 77 90 12 71 18 22 91 65 19 7 74 4 12 21 81 3 66 92 82 34 3 96 25 64 2 44 1 75 42 25 24 94 35 29 52 30 76 78 19 85 4 88 81 5 94 13 82 40 57 20 61 79 25
 78 77 77 88 77 70 82 70 25 6 49 12 85 77 23 100 57 3 92 21 31 47 22 89 95 73 13 55 2 89 40 35 62 13 16 39 17 24 18 8 28 100 29 2 92 68 75 24 78 55 27 14 33 76 45 49 28 23 82 12 54 4 10 89 18 50 43 53 64 81 48 88 25 58 63 70 7 30 24 43 31 62 57 3 81 63 100 69 6 74 24 88 31 22 2 51 19 71 48
 53 81 36 4 29 44 64 19 68 32 4 46 42 86 41 73 27 20 44 29 29 61 67 22 83 46 44 84 2 23 53 85 28 52 47 9 10 12 76 3 88 78 53 40 20 72 50 85 53 67 52 66 24 19 50 32 7 54 94 1 63 58 26 49 38 54 89 24 24 95 53 46 24 34 45 29 87 99 83 9 40 41 34 44 82 9 6 4 29 58 85 74 67 90 58 21 10 95 53
 73 8 89 42 47 2 95 68 63 79 52 77 40 69 31 65 52 59 44 82 25 95 50 91 56 13 72 88 57 60 26 97 35 1 19 62 32 23 69 84 39 25 95 17 99 39 96 95 68 59 23 64 23 24 17 29 63 20 78 3 47 50 98 89 65 5 55 66 22 30 77 30 57 44 57 1 51 11 83 69 62 64 72 29 3 48 47 63 89 60 55 22 97 18 95 52 79 19 77
 42 79 77 30 87 8 95 28 71 93 43 95 76 49 18 40 98 26 100 23 6 20 52 55 98 98 99 21 94 46 3 64 8 28 52 42 93 65 100 25 82 18 63 26 92 26 88 61 5 71 96 40 29 82 2 9 10 99 21 92 90 85 36 96 12 72 34 7 49 24 1 59 11 78 72 93 61 2 13 6 86 80 91 88 8 5 90 71 62 49 63 59 3 68 98 61 50 44 62
 21 54 29 96 22 75 5 3 32 12 91 29 6 14 31 29 62 84 65 41 92 16 6 90 88 55 15 1 34 58 49 43 10 54 69 77 97 57 45 74 34 87 65 27 40 20 36 27 31 47 89 28 67 27 55 28 3 15 74 58 71 12 8 48 31 44 12 24 78 8 88 65 1 70 61 67 17 43 58 10 72 95 75 28 37 30 7 16 50 83 35 81 79 11 84 45 85 29 47
 63 23 86 15 92 81 24 45 41 25 90 100 84 93 48 96 77 44 30 77 83 82 78 83 16 60 46 33 79 5 72 44 73 7 56 84 59 53 84 94 63 69 21 91 30 47 97 79 1 65 100 44 19 61 60 38 23 17 83 20 64 75 67 88 97 28 76 3 7 39 84 3 75 76 43 14 98 12 92 54 11 64 74 25 95 65 79 8 71 11 73 99 18 100 80 89 31 30 35
 26 86 54 15 80 86 65 5 69 15 1 88 6 62 12 61 97 66 52 35 100 42 3 24 43 72 5 7 40 19 86 96 17 78 35 41 40 52 71 25 99 17 44 30 30 34 95 40 69 56 16 48 61 38 32 64 60 10 4 69 81 10 95 51 60 100 5 33 30 39 9 68 100 36 10 15 56 65 87 94 92 89 61 19 76 76 65 60 66 10 53 39 26 64 44 7 11 53 42
 18 88 25 23 30 52 100 79 80 98 9 67 86 95 38 77 46 97 93 27 32 94 82 40 63 48 2 43 88 97 47 100 24 67 71 40 96 49 20 12 7 43 71 59 33 1 83 85 81 15 71 93 36 67 34 27 48 28 27 18 68 74 41 25 90 100 55 50 88 54 7 40 1 87 98 46 7 33 25 42 55 15 17 82 76 2 80 70 90 37 11 8 12 40 78 91 72 57 80
 96 60 95 22 70 75 62 44 26 57 1 72 84 90 72 22 13 27 100 29 55 61 68 98 39 84 25 44 41 72 12 65 12 96 86 64 2 1 67 52 63 47 22 98 58 76 34 14 34 91 11 35 40 40 90 95 94 56 32 85 92 40 80 81 14 83 83 34 76 41 9 52 18 1 28 60 88 5 67 37 22 96 5 78 86 81 25 37 67 72 56 25 33 28 99 87 57 36 74
 11 24 63 26 71 27 75 52 89 20 40 52 45 75 96 19 94 31 53 84 55 83 68 5 4 67 74 25 19 72 97 17 91 26 77 35 97 51 8 28 14 53 31 31 3 37 8 27 54 85 87 10 77 24 30 4 90 48 94 96 80 24 72 87 24 4 87 34 71 95 8 100 65 26 100 96 20 89 21 83 95 67 74 59 15 20 13 26 16 33 4 78 61 45 95 45 97 26 91
 24 72 76 27 58 60 41 23 30 47 31 4 53 92 24 75 36 85 98 59 19 80 59 2 66 7 59 47 22 97 97 42 18 33 48 57 61 39 20 34 65 62 12 50 25 79 66 28 11 5 7 28 78 17 16 100 24 49 32 28 10 9 11 87 8 29 8 47 57 28 9 78 70 2 77 25 50 35 19 82 19 13 68 48 38 81 56 25 100 78 53 7 41 2 30 4 62 35 14
 51 67 26 26 83 26 30 9 25 77 22 51 92 77 15 47 26 4 86 5 56 27 32 28 21 60 2 19 51 40 36 46 15 95 52 80 61 36 2 41 6 95 49 11 51 65 15 19 77 44 62 38 69 47 90 50 64 50 31 14 14 85 38 95 13 81 3 6 3 26 71 61 85 48 2 80 20 93 16 75 46 37 36 64 91 86 51 24 66 86 8 35 44 59 82 68 17 93 55
 5 37 3 14 99 70 17 66 57 46 31 88 39 100 58 44 99 89 80 41 4 2 48 43 40 62 29 76 64 26 90 36 9 38 59 38 50 49 51 76 1 97 12 57 62 64 61 91 89 66 48 49 45 87 30 91 35 58 45 80 31 15 66 71 64 92 3 90 15 90 71 8 36 8 46 75 76 46 30 10 68 28 39 76 97 51 56 71 41 74 7 50 24 24 61 5 19 76 89
 4 34 78 4 56 11 67 37 60 7 15 71 80 76 70 3 52 35 49 49 44 11 32 84 99 87 10 88 14 11 86 2 7 22 33 54 44 3 10 21 29 74 75 27 37 41 73 38 53 72 22 86 40 48 7 71 35 77 12 67 87 13 77 68 43 62 57 16 59 66 41 22 59 51 81 63 97 33 40 28 98 80 56 14 84 14 51 52 32 3 89 73 86 26 38 37 3 7 76
 16 42 83 38 9 20 27 79 16 85 22 64 50 77 3 65 62 95 64 61 81 64 52 55 8 2 84 62 47 2 12 22 89 64 98 82 98 97 90 4 14 8 82 76 99 25 47 11 100 49 42 78 35 55 79 59 36 76 2 43 47 62 32 65 67 86 1 49 86 80 57 39 11 29 80 58 54 73 48 17 74 29 67 18 18 45 99 50 81 61 64 5 69 34 83 85 98 40 38
 46 66 48 26 48 29 91 91 48 11 37 27 10 97 58 14 32 6 14 100 85 77 7 73 65 69 86 84 51 48 23 51 3 55 4 72 41 81 66 42 56 84 53 67 94 25 45 70 82 36 85 91 33 67 24 8 34 65 47 44 24 59 100 45 42 66 59 57 26 71 46 70 45 56 87 23 95 26 2 85 17 7 23 68 22 61 79 96 79 40 92 62 69 23 41 100 56 68 11
 22 16 12 45 87 7 43 30 86 38 80 85 78 60 85 9 26 66 35 22 2 93 18 75 35 76 46 64 24 10 30 12 66 59 4 98 80 7 75 46 69 90 15 91 37 69 84 1 37 30 33 10 9 38 11 44 10 18 59 23 21 22 22 69 14 96 62 51 89 94 89 10 32 74 34 85 93 32 56 8 20 84 21 77 74 14 12 88 63 16 41 47 42 37 79 99 48 64 77
 16 2 35 43 38 100 7 82 44 7 85 90 59 11 92 37 21 63 82 13 89 51 55 13 99 64 54 7 26 33 5 80 59 18 12 31 53 42 1 12 49 84 68 61 38 88 69 36 3 75 64 83 37 29 49 94 66 58 15 98 13 38 28 97 85 5 52 10 50 78 41 40 12 79 71 35 82 97 14 83 45 13 19 37 67 51 4 57 91 65 50 63 25 87 71 37 2 6 85
 93 61 32 19 32 97 59 28 44 100 76 86 36 99 77 57 91 92 13 14 43 35 47 31 53 1 65 95 49 55 66 13 66 37 40 62 99 98 59 67 60 70 10 85 34 34 32 36 77 35 97 47 71 63 31 92 28 31 57 70 56 10 40 70 56 81 48 77 44 21 63 42 100 74 84 56 82 65 42 91 1 87 4 20 32 3 91 45 83 22 75 19 30 51 56 96 47 97 1
 63 7 53 4 91 23 14 95 28 75 95 67 61 67 91 67 62 40 14 72 48 79 5 80 21 77 12 13 80 68 46 73 2 29 90 55 37 1 66 84 57 38 22 29 35 79 96 67 37 36 97 81 54 16 6 10 39 46 31 14 87 73 11 30 100 43 57 3 46 31 46 68 97 29 44 29 36 25 93 56 30 21 84 55 52 87 73 77 74 41 36 95 53 25 96 56 33 39 60
 98 29 24 36 95 73 26 46 27 53 63 54 10 8 6 52 62 61 6 77 18 75 66 79 99 59 41 13 16 15 66 71 41 52 25 44 18 97 88 48 61 82 73 70 38 10 85 64 58 52 30 94 68 91 45 73 41 66 27 81 67 18 27 63 63 81 71 14 97 88 76 73 49 71 16 46 99 67 31 48 5 56 43 83 25 35 34 70 14 49 61 11 90 53 8 46 24 41 57
 43 74 77 37 88 34 90 87 1 13 10 77 48 29 96 54 32 79 65 59 100 18 63 14 36 50 16 4 73 12 93 92 98 97 66 40 62 35 3 30 2 77 51 73 78 42 19 79 66 65 60 89 13 59 78 72 90 42 41 36 76 64 82 78 69 18 52 68 47 47 23 90 25 30 79 91 4 13 39 30 19 95 85 16 97 26 95 59 83 96 31 50 65 10 12 49 5 62 54
 21 89 98 5 25 95 33 24 52 45 67 38 16 77 78 67 12 83 1 22 43 55 81 98 29 85 31 79 64 31 64 57 7 41 26 91 22 71 16 38 84 77 78 33 68 93 90 38 86 92 29 2 15 98 99 52 96 77 98 84 15 91 15 75 49 49 78 68 38 18 79 47 10 2 6 61 39 74 45 86 35 13 50 91 5 97 97 94 34 61 64 53 87 3 3 3 46 18 12
 20 67 24 6 69 60 8 74 92 63 22 35 68 36 84 46 78 26 71 25 8 83 62 58 78 50 33 97 50 31 87 5 38 54 49 56 37 86 20 55 18 8 92 90 35 27 76 37 63 92 16 18 87 76 74 92 55 4 9 6 91 89 31 46 60 39 53 44 66 83 72 18 81 37 72 61 44 55 69 12 89 95 83 70 39 26 76 41 47 60 54 46 73 70 73 72 80 68 81
 50 58 56 17 50 73 5 75 40 73 67 66 19 96 30 69 24 25 31 74 30 21 53 89 76 8 35 12 23 9 98 23 83 89 3 73 9 47 10 40 13 84 89 29 1 68 65 79 51 19 97 3 18 12 74 9 11 25 99 81 74 5 23 43 20 73 68 97 98 89 39 55 18 97 14 39 100 70 37 30 5 46 98 62 96 25 43 24 72 18 90 98 54 12 2 51 6 31 82
 99 57 98 30 99 100 38 43 34 30 75 72 53 55 81 43 38 11 62 56 5 93 36 96 57 32 45 95 20 15 79 91 16 15 12 66 97 31 17 53 59 60 46 88 80 37 55 2 24 39 91 51 99 46 54 12 83 19 46 66 3 78 71 10 57 57 35 14 89 27 24 51 59 42 91 30 43 26 53 91 55 5 22 83 77 37 17 55 55 25 15 18 35 73 23 6 22 1 11
 42 83 10 19 16 60 76 21 93 14 91 35 19 15 58 19 19 27 40 72 44 9 98 47 20 35 58 30 11 52 3 35 84 76 92 89 47 78 13 30 85 77 76 62 53 32 77 42 58 36 77 30 44 64 66 93 96 54 7 48 85 10 39 67 37 70 1 73 97 26 59 43 36 30 71 32 17 94 32 10 97 77 75 44 7 36 81 62 95 48 69 36 80 79 80 50 33 2 70
 17 97 34 15 13 100 99 73 12 86 52 10 5 86 24 73 25 55 10 93 28 2 82 84 13 58 74 44 7 44 67 97 91 4 98 45 50 80 28 62 21 70 7 84 58 2 55 17 18 62 53 38 77 1 29 24 57 33 28 20 45 16 53 74 47 70 25 40 25 85 87 59 11 57 29 89 50 24 13 22 86 1 13 60 90 28 6 92 98 31 94 21 5 20 12 9 54 2 86
 13 35 10 64 38 50 63 18 60 75 82 46 62 75 1 38 17 39 84 46 63 68 65 47 93 71 88 97 53 51 24 53 42 12 60 25 67 61 97 51 95 58 8 6 4 53 46 55 66 96 76 87 12 29 43 100 77 31 64 16 2 71 7 79 77 87 75 45 58 1 90 51 79 98 8 30 92 53 22 73 76 36 94 3 61 75 54 73 31 21 72 79 86 47 16 89 22 56 66
 60 52 70 98 21 65 21 35 49 59 70 48 64 43 57 63 20 51 22 50 77 65 8 24 77 80 62 56 48 3 32 57 78 94 37 90 79 9 15 45 39 38 31 99 74 50 56 53 7 66 90 20 100 63 86 76 87 48 88 97 24 22 56 12 60 57 83 93 40 54 28 73 76 54 25 72 26 38 15 18 53 17 61 76 87 96 65 76 27 51 23 7 39 46 44 27 46 98 40
 52 67 3 53 74 98 33 97 74 13 93 44 47 41 47 23 61 36 85 82 78 39 100 2 3 9 21 78 97 20 9 84 81 64 16 56 3 51 80 90 30 31 99 22 94 23 81 14 68 4 60 23 43 82 27 1 43 25 50 63 28 29 95 8 98 31 29 99 10 16 37 15 65 72 45 71 30 99 8 93 23 24 70 48 43 3 73 63 33 1 92 14 30 93 14 56 33 47 71
 89 53 56 25 45 92 28 55 43 50 13 28 59 66 50 23 41 39 70 40 88 11 15 94 34 27 57 70 19 36 38 25 85 61 5 25 22 84 89 56 31 36 59 42 12 57 51 51 91 95 63 1 68 77 2 14 76 93 70 53 39 83 61 74 69 79 70 50 29 80 15 56 43 94 83 36 22 52 58 23 100 42 2 27 80 33 77 34 99 10 96 47 3 47 38 74 77 43 88
 67 54 21 13 57 50 42 16 42 16 99 42 44 12 89 93 60 75 50 37 27 62 24 83 39 52 93 35 71 61 66 14 75 44 6 76 84 44 99 42 58 90 76 28 10 44 44 6 51 35 3 36 45 8 40 25 5 22 76 3 5 2 32 38 43 14 15 100 60 94 15 51 82 12 58 73 28 53 46 90 36 37 43 48 57 29 67 70 66 77 30 19 62 55 63 15 81 23 66
 40 3 48 92 63 79 25 22 72 30 47 28 97 12 31 28 6 4 35 93 8 34 45 97 8 34 49 60 41 48 44 15 78 75 21 52 95 40 61 93 56 92 60 97 99 76 37 94 51 4 69 50 3 60 73 47 35 79 41 22 8 98 35 73 81 54 40 79 95 16 98 48 49 10 38 7 69 25 98 65 86 61 77 66 8 59 41 13 22 48 45 40 86 57 97 30 70 99 57
 100 87 22 21 44 13 22 65 13 51 28 73 65 23 97 83 17 35 66 69 30 25 3 63 31 88 82 20 48 24 47 75 39 34 8 79 87 91 6 9 93 66 40 55 52 55 60 18 43 98 100 68 29 63 19 94 84 68 39 56 97 78 92 24 48 70 19 45 36 74 39 31 53 44 1 43 96 34 59 74 25 71 100 10 50 22 85 92 30 63 21 61 37 98 65 49 28 62 51
 48 79 63 78 26 77 41 39 84 36 30 3 64 5 76 10 21 3 48 79 63 84 66 2 68 96 23 49 12 58 88 58 83 28 87 78 26 23 67 37 43 4 86 51 22 7 33 45 10 89 82 43 27 53 34 59 87 54 38 4 69 95 8 78 98 52 46 75 100 72 46 24 64 16 54 93 23 19 69 42 1 35 79 98 29 61 68 8 88 100 39 62 24 48 46 78 76 98 62
 71 57 7 70 69 29 99 36 34 85 39 49 48 89 77 51 100 58 43 14 85 15 91 26 22 61 74 46 56 32 78 49 20 92 3 16 71 62 25 94 7 52 71 79 88 7 95 14 47 92 54 94 23 75 13 28 34 31 64 28 12 77 23 87 10 18 95 13 2 14 74 59 34 28 54 73 73 14 84 87 53 42 90 49 77 24 87 65 55 92 8 43 35 53 30 67 67 91 60
 54 1 25 91 75 31 39 88 41 60 70 82 29 53 87 15 23 84 36 20 69 15 61 63 52 55 98 69 10 9 72 40 100 97 3 34 82 2 19 12 71 46 20 56 38 59 43 91 51 64 98 2 12 80 85 62 28 20 98 80 11 52 92 91 18 22 77 35 13 84 38 24 38 3 92 99 21 66 99 27 35 64 59 80 22 48 100 74 77 76 24 73 52 58 30 39 98 57 57
 43 75 87 88 21 67 17 35 27 56 71 8 4 10 80 9 13 55 26 37 26 66 68 91 93 90 3 99 95 61 84 97 95 74 63 42 91 91 60 36 85 84 52 2 72 65 41 52 98 87 88 91 32 48 76 100 5 96 60 79 31 80 71 30 30 58 3 10 45 9 64 54 34 17 31 10 82 85 96 80 34 55 38 66 2 68 35 40 82 30 67 74 61 5 32 94 9 48 81
 92 83 39 53 60 100 60 32 95 83 77 54 25 14 85 79 50 4 11 62 78 65 86 2 96 55 3 65 38 82 71 40 38 50 3 91 32 32 8 72 55 65 18 82 52 85 24 14 31 22 96 12 3 80 56 62 60 44 56 40 81 10 36 92 62 26 87 20 35 43 69 40 97 45 17 83 1 20 24 45 87 74 35 29 58 18 85 53 54 32 1 22 94 97 16 11 34 24 57
 100 16 33 70 72 42 53 79 36 60 88 67 22 82 81 65 70 67 19 64 80 19 14 37 15 19 8 43 83 10 72 73 29 8 1 67 72 85 21 42 68 19 36 94 58 1 82 27 49 28 76 87 43 33 79 46 20 32 89 97 9 98 78 83 18 72 69 42 79 7 29 43 23 84 42 10 92 38 60 19 46 69 45 98 87 65 41 11 23 52 88 62 82 54 13 56 1 10 85
 68 96 50 98 94 9 23 12 85 33 37 7 81 26 60 24 26 67 35 19 3 26 60 52 96 74 97 1 69 98 86 64 27 6 8 92 31 22 12 34 66 20 17 13 29 77 29 58 13 85 47 7 80 4 97 75 71 19 47 31 57 97 77 47 17 22 58 18 67 51 66 37 22 80 64 5 25 70 7 13 89 60 80 62 47 96 51 43 7 58 25 27 40 89 25 78 45 60 38
 33 55 26 94 95 54 67 90 35 73 20 78 76 10 76 10 47 51 21 47 60 28 64 13 94 99 33 51 61 68 48 73 76 79 40 2 13 52 1 66 1 57 95 54 78 42 31 17 71 22 65 9 47 81 73 92 56 83 33 46 73 69 10 8 55 61 31 13 15 100 84 28 33 59 61 8 99 38 24 19 6 35 37 52 51 81 71 8 63 58 26 67 3 40 3 38 39 40 99
 30 79 42 83 87 78 85 21 69 32 89 15 31 21 78 58 50 23 10 98 75 25 17 82 47 22 84 14 95 29 100 69 18 96 22 70 89 22 78 55 33 91 9 14 83 70 74 84 79 58 50 73 23 57 24 5 31 55 66 100 84 50 63 74 3 82 13 98 42 52 64 53 11 50 60 52 18 84 84 71 84 2 82 32 88 39 45 43 47 26 48 8 65 4 15 85 29 97 41
 59 69 15 92 45 2 53 9 42 19 83 20 66 70 58 27 88 57 64 72 89 7 96 16 53 31 79 52 7 87 57 8 24 86 53 27 97 23 78 56 95 81 14 9 30 72 56 16 14 6 22 81 22 5 36 93 69 93 83 59 85 60 75 24 39 64 99 99 55 74 90 29 47 19 40 30 2 37 87 92 82 96 96 49 31 10 93 57 85 32 25 1 26 86 80 78 44 56 8
 53 8 80 53 20 25 72 74 78 3 6 50 53 10 98 10 76 65 40 26 21 88 71 75 48 18 28 80 1 31 95 6 80 35 4 22 95 95 52 81 66 87 80 8 28 2 84 72 19 70 29 55 47 29 29 63 82 19 22 24 66 16 54 75 53 26 31 76 100 71 57 67 26 54 82 89 12 64 52 96 2 3 68 88 31 71 97 8 97 100 25 26 74 40 10 3 30 51 35
 59 17 26 83 67 14 41 55 52 36 99 93 30 28 98 52 79 14 100 83 74 65 43 44 28 14 90 2 77 30 56 85 52 16 40 55 78 37 40 99 43 34 8 72 35 27 10 29 88 56 45 21 26 89 48 100 91 30 54 23 81 79 40 47 78 93 28 1 12 12 35 5 70 5 37 30 42 15 98 15 49 44 76 29 39 31 61 53 50 27 79 2 57 91 78 72 89 66 5
 97 33 43 97 57 72 79 14 70 62 44 41 17 89 38 18 35 32 63 49 53 76 27 100 85 16 19 70 53 87 60 53 92 75 74 49 77 21 63 78 25 15 65 66 44 59 26 23 83 71 84 5 34 11 42 51 65 50 90 51 57 82 4 76 73 8 86 27 3 57 30 44 21 12 85 19 92 3 63 75 70 92 42 87 25 33 68 98 41 9 92 97 97 58 39 22 63 94 26
 50 39 11 93 95 2 24 5 6 9 66 10 47 92 10 70 88 63 91 60 28 40 4 86 67 22 27 30 89 13 48 38 60 95 38 36 19 7 12 34 47 18 53 31 69 75 15 59 7 11 25 24 38 63 49 39 2 32 54 9 48 83 25 73 32 65 33 50 62 67 90 13 16 75 3 54 55 94 64 99 50 23 70 25 56 26 27 56 64 89 80 45 11 43 47 86 30 22 86
 65 83 93 69 66 69 86 82 16 10 76 64 94 16 35 55 47 98 27 26 75 84 79 22 58 92 33 13 13 36 97 82 18 94 24 61 85 82 12 70 32 80 39 8 33 10 46 24 46 52 74 79 17 38 34 43 29 88 55 20 66 7 59 99 51 48 61 50 25 29 36 25 57 80 48 33 35 4 7 9 61 67 36 87 32 86 64 90 32 32 68 26 92 38 86 74 26 72 89
 92 37 73 23 96 40 76 97 8 94 1 42 45 71 42 46 39 63 23 23 79 24 51 57 66 70 62 5 21 11 72 91 42 83 24 42 40 79 51 57 44 96 1 64 35 86 95 36 47 19 80 20 10 24 22 47 75 51 55 9 83 100 5 63 61 66 35 49 55 76 97 71 86 100 61 42 70 78 2 97 60 1 30 84 35 3 68 74 49 46 7 70 80 66 58 17 100 61 70
 93 94 86 59 94 16 7 61 90 12 16 40 94 79 62 15 29 77 40 14 31 85 13 73 35 52 46 62 62 96 10 74 74 24 52 27 10 88 47 58 60 80 23 57 1 88 80 67 3 3 2 63 33 86 93 64 52 65 32 53 97 89 60 20 45 46 25 66 44 27 49 39 70 5 58 31 92 51 12 90 81 37 9 66 59 88 56 35 22 11 91 72 28 64 62 93 50 66 52
 98 23 50 26 66 46 21 27 83 85 46 97 96 88 85 96 58 80 42 22 80 46 34 18 15 8 30 10 49 44 76 41 5 18 8 8 25 56 53 53 39 76 78 48 55 8 2 22 26 11 28 78 14 64 83 62 30 76 86 10 41 2 25 59 30 3 94 60 73 82 88 64 60 74 51 44 84 61 20 62 91 70 69 1 21 67 33 65 12 50 60 39 11 78 80 42 39 98 90
 6314 3859 4957 9720 2791 9656 751 2121 1837 8105 8481 7308 103 9396 7076 7908 7010 4149 8743 842 1588 8726 6741 9313 4867 3119 3435 6174 8812 7464 6896 3589 8276 8808 9789 9366 5935 8058 5895 4082 4635 5128 4910 5700 3932 2506 261 9334 6440 5337 1856 5529 119 1680 4325 4280 8372 2727 1908 8274 884 8768 5099 9365 7696 2264 2354 653 8426 6389 2734 658 2924 7078 1750 3997 8924