118 83
 94 14 71 46 12 97 60 21 79 6 65 68 6 21 5 3 26 15 38 36 41 44 63 50 84 4 60 58 88 21 87 42 10 86 25 46 54 79 2 17 70 41 39 59 32 81 37 10 91 64 19 25 41 28 21 45 82 31 14 2 89 12 22 48 90 94 30 41 20 66 80 86 55 11 61 1 71 36 12 13 22 54 83 30 20 10 92 93 28 29 26 14 34 78 66 58 53 97 20 37 74 89 99 31 65 79 90 52 58 78 10 95 78 68 48 29 99 75
 96 20 44 87 26 15 88 19 60 79 5 79 41 47 32 44 25 40 2 40 96 88 96 29 88 78 30 45 84 10 54 64 49 75 14 5 5 65 27 92 74 60 61 29 97 82 3 45 72 45 23 81 72 69 10 99 67 22 62 44 59 88 99 13 80 52 75 56 76 95 16 49 3 18 9 3 62 48 27 87 99 88 78 48 97 26 25 95 99 9 87 30 74 90 92 94 31 19 20 62 21 12 83 6 21 40 84 49 21 23 14 45 12 45 36 85 32 10
 33 54 10 48 61 6 8 14 92 19 43 53 20 30 88 39 55 98 37 75 7 78 91 27 97 2 18 8 14 13 93 47 84 34 36 16 61 43 19 62 95 33 12 89 77 1 13 52 55 66 37 41 23 13 75 28 56 71 13 78 81 7 35 8 81 52 67 24 87 28 10 28 95 34 65 88 74 77 54 74 99 17 31 14 73 85 31 59 66 47 16 100 8 90 80 54 90 98 40 13 18 56 82 54 83 42 70 79 27 73 63 64 17 79 61 67 50 66
 38 60 77 32 48 74 3 26 5 52 17 46 43 10 66 78 51 25 13 64 41 71 15 5 39 66 66 39 3 7 70 87 89 19 53 60 54 19 41 75 67 68 55 63 10 7 13 70 61 36 10 61 31 44 17 61 17 44 51 97 82 45 29 28 35 89 88 71 95 30 98 45 41 38 60 42 90 89 79 99 93 73 51 45 24 42 93 77 62 74 32 52 28 65 68 44 92 48 88 53 65 9 11 51 70 77 79 38 34 95 25 17 73 63 4 8 39 30
 5 65 87 94 31 13 5 64 16 37 87 70 90 60 43 65 18 29 44 91 36 29 56 20 27 12 88 90 19 70 85 94 100 72 21 8 61 21 16 84 8 7 17 89 77 77 73 63 47 93 93 98 88 80 52 39 70 50 41 81 54 49 12 29 19 76 50 55 52 8 11 2 78 71 51 47 16 19 71 27 65 19 89 34 19 99 40 35 95 50 28 52 15 67 57 45 71 54 82 7 46 93 100 76 47 7 98 56 24 29 93 6 40 49 9 64 75 93
 88 92 41 12 85 58 35 53 64 13 99 65 31 45 69 93 8 42 39 81 17 100 29 24 96 6 81 63 13 72 20 88 42 75 73 16 99 72 34 11 46 98 100 91 36 32 75 65 82 56 12 84 88 62 36 20 46 32 51 58 1 49 69 93 18 63 90 7 77 79 94 49 96 59 47 89 61 49 48 93 19 14 87 21 17 35 57 38 55 49 88 15 31 85 6 42 48 87 44 63 57 29 98 62 45 37 36 69 12 83 65 98 4 6 28 88 10 13
 40 25 71 61 70 21 43 50 12 34 17 30 22 18 60 65 71 43 13 33 50 50 3 68 32 22 64 79 68 62 12 65 66 80 2 19 98 74 37 58 12 14 54 14 86 12 15 20 3 13 37 64 44 73 16 37 24 16 81 45 47 36 95 67 11 4 98 25 62 41 78 90 96 3 12 20 53 39 39 3 11 34 81 56 97 37 81 92 94 12 49 91 33 26 28 58 46 80 74 39 15 3 31 14 20 19 1 14 9 7 54 56 58 26 59 42 30 40
 3 29 34 89 36 43 59 19 3 39 54 6 22 71 16 94 71 36 35 96 49 97 77 6 17 99 5 67 93 69 73 95 65 84 20 47 56 58 48 56 12 72 72 68 100 100 86 78 47 85 36 16 90 34 26 31 8 66 94 37 20 13 34 36 88 55 93 88 2 7 78 82 6 25 96 25 3 20 12 93 51 48 80 82 24 15 77 40 48 41 99 56 94 40 57 95 9 93 99 5 38 6 90 78 6 56 47 31 46 22 26 23 98 98 33 20 5 38
 13 24 5 88 50 40 80 99 89 11 78 21 72 93 95 47 89 82 9 77 26 67 52 75 27 11 74 84 17 76 36 84 48 8 60 20 59 61 49 10 57 27 77 44 48 51 78 57 95 81 75 14 21 17 18 86 84 79 65 42 32 76 100 79 46 66 23 100 73 4 42 48 16 9 43 38 9 60 31 99 82 13 15 90 85 56 63 47 72 91 77 48 23 2 12 12 4 80 72 36 56 72 79 8 43 3 15 52 34 97 4 73 18 42 93 17 40 1
 58 36 42 97 61 92 39 12 44 4 21 25 83 87 7 57 38 20 9 63 89 4 11 57 28 96 48 2 81 81 89 62 92 94 23 50 99 92 35 25 99 15 63 67 45 49 47 74 33 64 19 69 75 13 56 79 81 45 76 100 35 96 59 48 62 2 65 99 54 41 22 26 93 30 45 88 77 30 68 81 10 67 58 27 41 87 17 47 72 83 35 17 30 30 65 37 74 88 21 80 97 65 57 45 97 65 70 83 34 34 76 50 68 19 40 96 49 98
 58 9 19 88 57 97 76 43 19 58 46 90 85 21 86 36 3 30 51 66 22 74 84 21 77 65 91 64 59 91 40 91 50 78 20 34 20 71 58 67 96 42 75 52 29 97 36 14 36 3 89 25 17 47 12 11 49 55 37 99 95 98 48 30 4 16 16 6 82 86 27 67 56 45 51 2 2 74 69 42 9 24 20 29 38 73 87 79 62 91 36 93 32 1 36 80 58 52 49 70 43 21 48 92 49 76 71 87 40 70 80 19 61 72 97 40 38 36
 1 21 47 80 60 51 9 67 20 92 43 96 15 20 69 43 44 48 62 39 67 30 97 16 12 40 46 3 77 5 80 89 13 97 41 53 89 10 10 53 90 65 57 50 14 55 9 82 53 72 10 32 6 11 40 82 29 84 17 88 90 96 27 13 6 50 41 25 76 81 99 9 50 38 61 50 69 2 33 28 90 35 68 94 51 57 20 27 74 51 40 86 58 29 22 1 14 31 70 90 66 54 98 42 59 60 54 56 14 98 4 56 57 62 71 16 84 88
 48 34 51 30 45 51 25 23 49 83 44 42 50 93 30 3 13 54 96 10 40 29 100 36 40 8 83 18 24 43 85 44 86 16 37 36 8 24 23 61 22 13 63 64 30 88 53 91 6 11 6 70 54 48 41 31 80 50 64 64 87 65 16 77 31 26 26 71 8 32 5 70 32 36 34 33 33 85 71 30 8 63 60 55 33 93 52 36 78 1 5 54 58 60 75 45 57 97 23 2 22 43 42 29 82 98 32 22 89 1 74 11 70 64 2 25 14 24
 45 27 57 97 28 17 59 52 80 38 14 55 49 90 57 7 97 67 18 1 82 98 46 50 36 12 37 24 15 25 60 89 100 16 16 50 38 26 84 22 19 47 74 6 49 2 81 42 20 1 23 12 73 76 59 50 34 38 89 4 42 51 81 99 15 34 61 78 19 78 19 56 42 54 49 44 83 29 31 34 77 97 74 67 22 3 52 89 96 34 45 17 30 100 59 22 88 47 65 8 63 12 6 44 57 81 30 73 96 88 20 26 64 60 82 53 97 8
 44 2 33 55 19 56 44 29 2 73 14 60 50 76 29 94 37 21 34 74 40 39 67 32 32 34 67 24 87 48 50 98 60 91 2 94 21 88 48 5 67 80 14 68 43 54 1 100 33 35 89 18 95 72 74 16 78 36 73 11 9 26 43 74 44 70 63 75 13 37 72 32 41 11 20 93 70 6 68 33 60 65 12 37 27 19 81 85 55 54 87 64 43 98 63 18 63 27 10 70 24 85 21 66 64 17 64 90 48 47 64 46 75 51 60 22 15 76
 90 44 6 81 90 97 46 16 71 33 20 51 63 61 97 16 31 85 90 44 83 88 98 48 100 37 35 20 66 16 22 90 10 44 100 74 64 93 49 59 86 2 95 64 85 1 37 46 10 20 52 56 20 98 43 46 38 41 53 53 70 100 80 41 78 34 46 88 16 87 38 20 29 96 28 64 10 61 8 37 50 62 14 51 67 52 29 99 56 27 70 30 82 30 43 92 18 95 78 99 81 73 98 77 22 84 46 85 9 67 11 98 38 1 9 68 44 11
 74 73 95 53 32 35 11 98 79 92 44 20 84 6 89 50 35 48 24 85 95 2 94 52 31 21 1 69 7 70 49 16 16 53 22 58 100 56 65 17 28 4 16 21 44 57 98 42 25 58 43 92 66 3 85 48 54 40 12 47 1 71 97 20 2 68 25 20 80 50 30 22 4 96 42 85 62 41 47 50 68 50 13 6 34 96 66 64 40 62 71 76 77 29 87 80 71 31 23 46 88 64 40 31 97 13 12 32 35 95 89 89 39 98 47 74 45 75
 16 54 83 51 38 12 88 1 24 89 15 18 92 88 62 54 93 17 93 87 18 34 13 34 8 28 71 48 11 86 13 81 1 73 63 90 72 24 39 51 93 75 19 48 75 52 5 47 86 34 57 62 48 86 29 67 93 36 98 22 38 36 95 34 8 16 61 84 80 24 6 84 78 28 67 20 87 47 75 99 43 98 8 26 39 9 2 81 12 22 56 96 32 94 10 31 7 4 87 87 54 44 92 2 6 97 77 5 31 99 72 94 86 27 24 8 40 22
 39 19 26 100 85 15 40 67 11 54 42 56 37 56 62 69 73 62 46 36 26 86 9 3 1 38 100 38 72 36 24 66 74 79 33 63 42 22 48 40 44 85 1 82 88 55 59 85 94 77 47 7 7 51 3 9 73 10 19 57 53 85 55 3 18 59 33 27 52 98 85 65 65 96 21 40 24 83 64 65 16 52 31 61 23 93 58 8 71 50 90 87 100 9 70 80 84 99 4 63 76 67 1 41 50 80 91 57 92 40 80 13 14 16 61 25 1 94
 34 20 26 49 10 43 79 51 67 58 9 58 4 21 78 88 2 19 87 4 52 5 56 47 6 13 29 88 4 96 89 66 13 33 36 34 80 63 50 60 30 63 79 39 73 77 74 39 99 54 47 58 59 40 93 69 83 38 63 97 38 27 55 73 76 68 40 82 45 30 91 93 4 63 10 22 80 71 5 84 44 84 55 2 31 79 39 11 52 5 49 67 7 63 12 16 47 25 92 47 21 68 70 37 2 85 20 67 31 64 16 31 37 20 60 51 86 7
 76 91 80 44 28 92 74 33 27 87 86 41 96 87 5 6 81 3 1 45 100 7 1 13 37 83 43 33 88 39 18 27 43 99 59 89 57 68 41 21 85 79 61 23 10 18 27 75 2 33 23 97 93 30 55 88 44 18 45 22 80 58 42 78 85 13 13 94 24 69 7 50 48 27 24 86 51 22 1 63 37 74 26 66 54 70 17 22 58 62 26 33 74 1 76 32 74 29 49 47 53 66 93 90 14 56 25 49 48 34 52 56 20 49 71 52 67 36
 84 42 56 25 42 36 95 60 94 39 23 77 29 73 79 41 65 98 2 85 33 12 93 61 91 93 25 45 48 24 21 12 32 3 40 13 44 28 42 19 9 96 80 61 33 18 37 69 67 83 60 27 92 94 62 9 51 100 9 84 92 39 35 54 60 45 82 29 99 62 42 61 31 100 71 89 7 63 72 52 89 76 73 34 90 31 83 34 89 34 22 12 89 38 72 90 23 21 30 69 6 44 1 94 93 41 7 26 44 100 77 97 30 55 61 50 7 2
 99 32 75 88 44 43 75 90 89 70 10 47 53 5 19 89 50 59 25 19 82 99 89 1 98 92 49 61 60 84 53 14 54 16 14 47 32 11 16 33 95 96 65 81 17 31 40 63 31 93 93 100 3 39 67 14 20 80 18 19 100 17 77 37 79 91 43 73 87 64 72 20 40 76 63 39 54 30 39 65 44 75 75 36 52 65 13 84 16 97 22 25 83 76 100 2 40 93 97 13 94 72 26 37 34 93 40 10 41 3 47 86 75 18 65 18 36 78
 8 80 65 38 54 85 11 4 6 13 40 4 94 79 36 90 48 46 46 9 59 49 28 49 100 56 68 19 73 37 57 17 3 62 3 96 50 6 77 50 50 48 66 93 70 16 58 46 98 4 93 73 84 18 51 35 2 38 24 30 94 28 28 35 93 4 73 91 84 36 3 80 74 61 79 3 29 33 62 93 46 48 69 66 86 60 49 65 17 8 41 15 80 14 18 60 77 53 85 45 57 42 59 57 93 88 72 45 58 18 66 65 5 38 81 53 75 40
 99 88 61 29 9 61 94 80 22 32 50 88 31 56 100 95 80 45 9 23 6 60 91 69 68 91 77 91 85 7 57 43 55 65 68 78 83 82 89 30 83 2 10 98 89 67 36 50 23 77 18 97 33 17 90 24 20 70 70 64 80 51 77 100 61 22 27 87 53 40 95 61 44 91 34 7 88 75 52 48 44 52 19 44 39 7 19 85 69 35 61 43 40 59 32 36 20 56 86 100 92 9 61 10 13 6 83 78 91 37 72 49 51 18 67 60 89 54
 75 22 16 40 30 25 92 86 71 75 58 81 67 79 51 62 83 66 42 31 33 76 56 65 72 57 93 100 22 59 24 63 28 65 56 35 21 71 33 37 63 91 45 26 69 39 5 90 52 65 47 13 81 13 82 43 84 21 97 96 67 86 60 38 93 58 19 86 38 30 13 58 34 19 57 87 45 86 90 67 98 63 96 55 79 94 91 58 65 40 62 20 53 1 25 58 62 100 95 14 49 43 21 58 64 66 71 75 16 52 88 84 68 22 64 52 17 76
 26 100 64 11 7 80 60 53 52 36 85 96 65 49 52 3 72 60 16 37 61 81 56 82 58 9 63 64 37 73 96 72 70 33 65 10 80 25 73 30 28 74 51 85 95 66 89 79 45 59 83 75 33 8 27 65 98 18 59 72 7 18 4 72 11 89 26 11 18 2 43 5 58 58 65 50 21 61 67 71 37 2 91 12 81 81 45 20 27 24 92 83 91 73 26 26 89 63 29 14 29 18 64 8 48 39 12 36 88 72 6 75 44 31 9 44 53 55
 82 87 50 15 57 14 97 50 32 47 3 73 58 21 27 96 81 23 71 68 79 47 74 66 10 75 91 29 79 80 32 97 43 5 86 28 59 97 3 76 3 31 38 99 43 43 30 44 12 37 74 17 2 99 23 5 78 16 9 57 38 14 67 82 61 37 18 93 37 18 70 94 23 97 34 100 75 53 93 59 45 82 90 8 28 88 96 20 70 100 93 50 66 56 67 38 58 43 36 12 17 31 2 81 62 3 37 26 93 10 85 77 47 4 80 67 47 5
 38 88 38 3 42 69 17 12 91 41 34 18 37 67 85 79 89 7 85 60 1 45 75 69 48 81 75 81 33 4 93 33 56 37 76 76 30 23 56 21 27 86 9 46 1 100 85 87 77 67 23 27 38 86 93 94 10 23 88 35 1 33 6 17 88 39 44 2 72 62 65 62 42 13 90 5 18 23 34 66 88 17 84 68 19 53 95 95 61 1 53 87 26 4 81 51 55 4 58 59 27 94 9 92 6 24 43 34 56 20 45 92 54 8 63 73 15 59
 54 35 27 38 34 92 14 31 81 26 14 42 59 21 45 5 45 14 11 6 67 16 19 100 26 93 14 37 33 22 41 30 11 43 58 98 59 60 88 95 47 46 21 99 35 99 72 43 84 42 31 17 65 16 97 51 19 53 76 7 99 15 21 13 31 33 2 58 20 27 51 66 94 31 99 86 35 10 93 68 18 68 30 25 58 46 50 2 93 95 35 59 74 20 73 53 69 79 39 23 11 67 14 83 51 31 30 63 12 52 32 90 59 97 79 94 1 84
 15 69 25 9 69 62 5 87 72 18 99 89 81 57 94 64 48 11 74 82 84 93 31 79 44 77 93 9 93 57 70 90 39 83 38 42 30 7 99 85 6 92 48 24 93 14 26 94 89 61 10 29 98 74 3 76 63 86 23 68 10 90 49 86 96 70 2 70 72 15 20 68 56 63 24 13 62 30 99 78 100 86 72 55 92 60 77 51 100 28 15 21 59 21 51 74 29 76 47 40 77 91 78 10 41 15 44 10 80 34 46 16 53 61 71 74 92 14
 32 94 39 100 85 71 10 50 71 49 42 92 40 24 1 33 1 61 79 62 38 48 19 62 38 17 16 56 35 78 76 44 39 49 28 78 83 79 27 94 33 23 31 73 53 75 60 10 79 55 97 16 41 10 87 35 72 83 93 26 100 58 17 33 22 71 30 92 90 51 29 40 34 83 71 55 34 56 36 97 70 53 61 52 82 23 44 58 88 89 73 39 6 90 5 49 42 21 9 8 90 28 67 19 43 78 61 4 25 1 77 26 94 57 82 1 96 75
 97 99 52 76 34 58 47 71 2 100 17 66 51 8 46 95 78 81 89 91 72 83 46 32 88 57 32 85 89 85 80 62 6 57 97 95 92 23 2 88 10 96 41 51 48 14 96 85 70 53 18 47 78 44 14 74 40 100 74 63 49 89 52 90 6 88 58 41 83 70 32 87 42 9 67 4 57 96 78 7 29 67 25 52 62 95 80 8 47 10 8 29 53 78 29 71 45 20 64 87 8 43 52 57 70 66 58 19 90 80 91 86 58 60 49 52 40 51
 11 40 25 53 87 61 15 11 36 54 42 47 24 6 78 4 51 59 65 71 35 82 79 88 34 27 90 73 40 24 26 14 77 79 84 16 29 23 77 13 76 16 31 90 87 30 71 41 52 71 27 46 70 69 61 74 7 46 62 55 41 26 86 9 48 26 37 46 18 48 51 2 94 14 3 7 5 27 94 7 11 99 32 42 62 62 54 97 98 65 18 88 20 54 90 100 10 20 22 21 88 7 23 68 10 87 72 26 40 41 26 23 81 80 63 47 89 69
 67 8 44 34 21 88 36 18 46 91 28 27 20 23 82 69 67 54 30 25 88 22 10 44 52 71 82 48 67 65 71 26 81 77 61 31 85 76 30 66 81 43 16 83 11 95 11 70 20 50 21 99 35 8 2 33 2 74 11 91 99 5 70 53 63 20 81 93 38 83 49 9 99 78 36 42 42 38 8 88 93 86 10 42 93 19 40 48 78 65 8 15 70 70 30 66 22 21 92 78 66 8 23 81 16 31 7 42 93 34 85 91 42 76 81 79 25 39
 7 34 10 7 87 90 57 26 19 91 62 12 8 42 95 56 70 41 51 91 48 81 67 56 41 86 7 63 8 9 94 11 81 90 49 57 62 60 68 67 7 82 43 13 22 34 60 4 36 91 74 44 95 27 64 74 34 5 53 93 21 51 53 74 42 74 32 96 23 52 34 80 55 9 26 1 23 81 22 99 19 51 46 89 71 89 31 17 87 60 21 45 64 72 88 17 100 45 56 43 81 81 69 64 36 97 9 44 76 44 65 97 43 45 30 54 74 86
 20 36 94 11 4 54 33 23 95 7 36 43 61 43 99 71 69 45 8 76 68 80 10 100 54 87 96 58 1 31 30 34 63 36 85 6 34 76 83 5 89 94 1 64 17 10 71 23 55 67 6 46 23 86 58 34 62 68 26 21 22 62 72 84 12 43 66 4 32 70 52 15 67 99 86 87 7 31 94 54 82 95 35 91 47 25 14 57 100 35 66 47 59 9 51 7 88 31 10 47 21 19 97 85 1 78 45 52 35 69 25 42 91 33 2 12 32 78
 18 53 92 30 27 75 97 56 82 73 72 85 28 85 83 99 49 74 74 14 28 45 14 65 27 4 42 22 52 39 70 64 50 21 49 93 35 48 81 56 56 48 55 41 8 14 88 36 32 87 3 14 69 98 41 76 61 89 31 29 46 95 70 38 78 84 42 15 56 93 76 54 47 69 21 59 41 55 21 61 78 72 67 70 43 100 78 34 77 94 6 96 68 15 54 32 86 85 9 21 96 22 10 9 52 76 43 35 51 37 96 4 78 32 65 76 50 97
 89 58 16 74 6 61 17 71 58 3 67 29 56 15 79 49 32 55 70 57 32 60 94 61 20 55 12 11 11 17 77 90 90 15 98 91 44 63 7 65 52 67 3 33 99 81 81 39 86 92 81 52 76 68 85 81 87 64 50 15 35 88 99 38 56 77 75 68 10 85 91 42 58 64 34 53 55 29 11 5 13 47 56 21 90 49 5 60 66 81 77 92 88 53 59 80 94 66 63 7 60 69 32 1 55 3 80 69 29 9 7 77 53 11 16 25 59 20
 77 50 17 42 59 83 51 79 79 93 6 18 75 98 72 71 84 99 33 6 73 94 82 10 93 18 44 41 72 4 99 64 30 10 45 11 8 3 39 15 53 53 26 24 73 52 98 11 73 40 73 48 63 18 61 61 80 71 50 29 100 17 28 94 55 21 35 34 4 16 19 13 56 21 65 50 82 93 68 62 83 69 14 42 93 85 1 6 96 15 35 58 98 58 53 42 84 6 59 7 55 83 99 7 100 6 58 32 39 28 73 61 34 6 17 12 5 34
 86 16 60 16 29 58 23 82 68 59 29 82 36 74 77 6 45 79 16 53 58 42 67 62 79 25 31 48 100 34 20 17 18 5 33 70 6 52 72 24 34 40 55 77 15 84 92 17 88 10 93 37 48 54 97 29 5 100 67 66 54 81 58 21 41 96 21 45 73 69 70 16 60 28 8 47 93 55 38 30 64 8 49 47 81 38 39 14 18 80 43 71 80 69 67 11 81 42 25 81 57 70 98 59 3 95 37 49 18 30 54 53 76 21 39 61 80 45
 62 19 13 8 30 89 100 91 56 93 10 54 62 63 46 93 43 58 43 29 2 78 83 25 31 22 18 32 48 22 67 63 80 28 80 67 88 87 37 12 14 6 90 52 99 92 72 69 62 61 76 30 31 26 28 14 41 20 5 67 19 53 20 95 66 39 93 14 65 79 81 51 68 73 61 39 99 62 50 100 84 31 32 14 54 59 16 4 51 71 56 35 61 15 58 50 59 7 91 37 67 4 39 16 91 56 18 54 6 9 33 13 1 50 55 80 50 99
 6 39 21 46 93 70 81 72 53 3 96 83 78 45 49 56 75 90 63 60 16 34 49 33 84 20 77 14 10 94 61 46 27 8 19 28 48 85 9 18 10 90 5 75 19 35 70 91 36 77 67 15 20 96 14 57 5 68 76 49 17 83 60 26 74 5 59 21 81 79 88 43 90 46 94 13 51 75 84 35 32 39 31 90 70 79 71 96 39 100 15 20 46 80 11 57 17 5 66 69 27 48 60 8 56 73 62 77 71 36 94 11 75 73 90 66 12 5
 84 42 44 48 70 18 72 87 35 80 30 76 100 87 30 79 13 16 46 16 36 7 8 79 33 64 69 9 83 70 62 17 83 18 9 21 19 8 82 24 43 2 3 76 53 46 14 57 72 23 19 4 41 100 50 25 65 36 53 39 70 77 14 37 61 82 26 79 85 17 44 95 60 22 76 28 22 38 53 39 83 25 6 21 13 57 67 97 88 18 87 42 54 34 95 58 24 8 14 36 79 20 61 36 24 61 93 21 14 1 10 16 10 14 64 90 70 69
 97 82 25 52 16 88 42 62 49 69 25 24 12 37 18 76 73 15 90 51 41 88 77 12 42 74 67 75 28 28 28 99 58 9 97 22 13 23 58 70 10 35 5 25 74 38 43 34 69 27 89 65 39 37 34 76 68 5 47 41 38 14 29 48 54 14 75 94 39 85 70 55 82 53 65 60 60 11 95 82 45 92 81 76 89 33 33 90 15 51 57 9 61 61 41 53 3 74 7 3 60 16 59 55 66 20 4 48 82 50 54 37 74 72 10 6 90 15
 10 24 23 48 64 30 80 88 79 18 1 15 72 14 59 74 14 43 82 91 52 78 37 89 67 15 12 46 44 42 63 57 78 72 37 10 2 100 55 32 72 30 18 77 46 3 6 9 10 63 35 49 27 96 93 84 20 61 27 61 71 67 73 44 95 61 68 89 20 8 76 70 41 92 15 43 19 3 70 56 97 60 83 77 54 37 14 67 92 60 56 57 50 48 42 93 56 2 36 93 50 48 27 79 63 31 27 89 68 75 99 43 14 50 69 31 41 13
 69 19 55 14 72 6 50 83 78 52 42 25 34 76 14 10 18 74 34 42 27 88 50 60 41 64 34 55 97 56 75 18 24 59 60 25 28 67 98 45 83 46 74 98 2 83 33 46 33 23 77 87 100 87 70 6 92 22 23 64 80 37 70 39 46 100 94 57 2 74 9 79 83 98 92 22 2 38 43 69 17 34 19 58 25 81 95 49 17 64 91 65 58 64 3 13 44 57 97 71 57 32 38 42 38 36 14 57 16 100 43 17 67 36 59 57 58 89
 71 37 14 36 74 5 82 26 14 90 25 41 34 1 46 40 75 27 10 44 77 1 40 81 91 30 22 31 54 83 81 65 61 96 72 1 96 14 68 30 42 85 90 24 16 46 65 53 55 41 33 85 3 46 79 23 50 26 17 16 25 16 81 49 70 7 35 27 84 60 70 80 62 97 30 43 27 19 71 47 42 92 54 17 20 50 60 23 81 15 74 1 70 74 34 80 34 93 60 94 94 42 21 9 40 52 26 19 60 71 77 82 3 64 71 50 50 37
 1 59 80 27 3 78 97 70 66 33 43 71 12 81 44 59 49 9 94 26 15 72 68 91 69 28 40 49 35 98 49 21 52 38 39 88 20 48 71 37 93 25 11 92 94 78 51 83 16 65 64 18 88 75 7 62 100 61 54 96 38 14 27 32 60 46 92 18 58 17 13 21 63 8 79 41 3 71 69 78 7 3 18 18 21 73 43 70 43 32 35 28 64 90 58 71 66 16 74 72 84 22 32 76 70 81 98 33 9 4 25 15 30 90 92 80 29 51
 31 47 33 89 24 25 41 74 55 12 63 77 79 70 39 46 16 49 40 62 15 81 70 57 38 18 100 45 5 1 45 91 28 52 80 23 30 20 82 83 13 21 27 67 25 14 99 94 61 54 83 73 5 28 64 15 77 3 30 80 39 11 14 10 14 19 37 44 100 42 81 83 83 33 45 52 84 34 16 81 89 71 41 26 39 67 18 52 73 54 60 73 51 69 70 56 4 86 6 89 73 80 36 89 42 52 23 99 93 34 13 33 24 29 25 95 30 92
 27 84 37 7 26 8 65 42 39 60 63 12 5 93 100 3 27 57 23 56 93 57 24 17 23 75 67 32 23 32 75 35 4 36 97 2 27 65 88 31 12 62 65 50 76 66 67 73 50 66 12 6 46 91 33 98 13 56 51 80 65 67 14 66 79 45 38 58 18 8 95 87 71 82 6 57 36 85 19 26 62 19 95 61 54 32 70 73 86 27 9 48 96 51 58 42 95 91 36 90 31 73 75 56 83 58 51 28 79 67 59 52 75 30 21 82 23 7
 65 76 56 53 96 19 31 33 84 68 24 37 15 15 15 32 79 100 68 77 66 97 7 93 11 28 74 39 48 31 9 63 71 16 31 44 13 4 71 27 58 9 34 5 72 58 29 63 89 98 9 95 27 81 70 58 12 58 33 71 51 37 44 75 53 76 31 32 69 61 43 69 60 41 64 84 55 22 29 92 37 90 66 93 16 43 68 91 82 26 57 52 7 90 95 24 45 97 66 47 97 80 64 15 39 43 97 90 65 61 85 31 42 24 43 25 91 35
 25 60 64 48 29 87 31 11 94 90 49 72 82 53 56 22 56 35 19 2 26 85 23 66 13 71 23 95 81 48 2 29 92 14 6 71 11 5 50 17 8 95 44 4 57 53 96 43 88 24 99 5 73 88 22 77 84 54 55 64 50 27 44 35 68 64 55 16 60 79 31 85 34 58 20 26 15 95 74 18 88 45 99 33 28 20 79 58 64 90 68 30 16 60 68 27 66 45 58 81 38 12 37 18 51 47 37 64 49 95 68 37 52 77 81 98 52 31
 88 46 9 1 10 52 1 52 82 4 43 8 13 23 90 6 66 20 69 50 75 100 49 92 90 96 86 2 79 15 36 63 33 28 12 30 96 34 10 61 43 73 40 13 59 24 72 57 47 18 2 48 10 44 66 22 86 70 38 99 42 7 95 88 12 88 21 96 39 7 44 81 86 23 64 29 7 45 15 87 12 41 33 47 6 93 100 80 83 64 18 77 96 83 8 45 39 67 32 34 83 31 38 78 33 35 47 59 75 9 26 71 22 42 39 89 6 46
 44 50 13 87 68 50 22 17 44 91 6 43 67 95 86 37 31 68 62 80 74 34 62 46 16 90 98 10 7 56 72 8 47 17 82 87 66 28 55 74 90 90 83 15 98 85 17 71 40 7 78 66 34 28 79 64 2 45 28 53 46 84 45 41 99 27 39 59 40 89 57 12 32 3 20 20 69 75 79 21 25 81 72 78 51 32 16 70 43 10 91 62 22 46 30 21 47 8 99 84 44 88 73 43 31 28 97 33 39 67 59 36 54 99 84 2 84 85
 6 31 36 11 17 2 36 46 89 18 12 28 27 68 78 14 83 60 35 22 61 78 2 26 38 68 52 86 78 38 79 30 32 60 62 12 33 45 68 8 55 10 26 19 58 28 60 80 4 98 83 10 93 31 9 96 79 87 53 39 60 6 35 59 37 17 31 62 58 41 54 12 99 47 42 54 43 76 62 95 91 27 68 75 57 42 83 55 77 66 12 40 37 83 34 100 38 58 52 3 94 81 25 97 23 63 20 28 54 54 46 38 29 8 78 94 56 57
 87 16 29 100 3 84 17 83 3 46 58 51 61 65 36 100 36 20 76 56 95 88 22 71 83 92 97 41 9 31 2 57 67 71 19 67 82 33 73 82 93 85 6 38 70 91 52 99 4 33 57 50 28 97 84 17 56 56 25 98 92 80 98 41 12 98 35 13 9 38 33 83 39 66 99 87 19 80 51 61 81 86 93 73 18 43 72 69 93 41 30 68 10 35 93 7 10 16 62 51 21 48 29 55 59 64 13 98 98 21 42 82 88 27 78 97 8 41
 86 32 10 65 65 99 99 75 50 83 66 58 66 3 14 80 54 90 70 61 72 77 56 11 84 55 83 79 84 14 48 15 79 44 65 74 26 20 62 56 30 33 72 59 21 43 76 71 39 7 48 23 43 52 94 87 80 62 88 93 86 63 60 42 85 24 88 44 22 44 11 83 91 53 54 35 84 69 39 81 62 89 6 97 13 20 55 43 68 62 7 31 61 45 13 1 52 46 82 51 51 11 50 83 69 64 42 48 26 34 80 3 4 39 49 60 19 74
 91 80 56 35 75 63 40 68 44 45 72 52 25 30 17 25 39 76 58 23 24 80 30 73 13 54 80 19 50 69 100 66 42 86 79 15 65 93 22 58 89 91 80 55 91 82 62 17 65 18 20 28 42 8 4 35 85 52 13 98 38 54 90 72 49 15 37 5 25 56 25 25 32 100 81 83 64 20 48 18 81 77 90 89 100 68 93 29 86 77 15 58 52 3 80 79 5 27 21 60 16 71 12 32 88 36 74 46 4 11 6 65 9 4 24 10 28 14
 49 7 50 61 66 87 37 90 92 48 33 96 44 60 7 25 59 5 70 54 92 15 26 63 11 56 45 94 73 61 75 69 67 9 22 62 83 78 14 93 18 93 10 18 62 63 59 46 87 76 87 63 100 81 2 34 63 34 97 33 17 78 53 4 18 52 24 49 69 88 37 37 87 24 54 38 48 70 14 39 63 15 86 58 16 52 52 60 10 96 42 93 94 90 4 40 80 65 21 66 36 92 53 21 71 7 67 91 63 27 79 15 86 88 66 11 45 90
 56 52 42 73 35 74 42 81 60 2 2 3 47 67 16 66 81 47 13 65 53 21 46 85 74 42 85 84 54 100 66 96 41 49 6 9 35 94 45 96 10 68 73 94 27 79 73 26 76 4 31 8 74 57 63 52 47 56 48 53 70 38 86 79 10 83 49 77 6 98 24 55 14 18 15 86 64 99 62 59 1 79 2 74 77 3 92 92 94 71 28 85 7 58 80 68 30 7 79 50 59 17 51 5 67 62 94 16 48 57 40 48 20 44 12 19 35 77
 9 6 59 49 38 95 24 12 64 59 73 66 63 34 11 73 62 8 7 83 4 38 95 8 23 97 3 67 72 55 63 95 24 96 39 77 12 90 58 85 90 65 94 81 39 71 23 65 30 81 77 88 32 67 87 12 43 32 94 99 90 32 23 49 82 36 6 19 6 39 6 87 63 100 82 61 35 52 25 78 4 7 76 79 85 74 7 3 100 69 80 95 12 20 32 90 69 9 24 44 8 48 91 18 41 8 48 34 24 47 42 55 23 99 30 52 32 15
 48 13 4 35 49 78 29 90 3 35 76 84 91 8 78 45 67 83 39 31 73 12 44 91 28 44 41 87 44 84 69 15 9 4 68 10 61 41 51 80 84 70 46 61 56 74 86 40 15 69 56 47 36 94 54 6 18 59 48 91 74 35 42 28 89 29 56 67 39 59 72 2 42 90 27 37 33 61 32 97 71 64 7 60 8 38 10 100 67 68 88 29 71 25 97 95 92 17 85 12 7 18 25 11 34 44 27 58 2 68 25 15 23 33 57 89 7 93
 82 75 75 50 91 73 16 90 95 6 33 13 28 30 33 17 38 35 57 72 7 78 28 12 14 39 8 9 67 60 84 64 48 36 98 60 76 20 81 15 39 37 89 51 90 88 41 32 7 65 50 65 3 79 31 68 88 11 34 38 6 39 18 50 65 77 55 88 98 56 42 2 67 59 53 54 6 28 36 32 22 45 76 14 86 80 10 11 17 57 55 61 50 23 59 3 81 79 85 26 12 57 93 99 33 21 96 80 49 52 82 71 2 28 48 66 21 53
 100 84 1 100 95 99 73 66 43 51 90 59 89 39 1 37 11 73 69 41 73 27 46 30 22 1 50 59 2 70 12 3 45 13 48 26 99 27 10 85 66 91 61 2 91 25 39 25 20 54 5 44 63 6 26 13 40 3 67 20 73 46 17 11 33 78 97 20 4 71 91 2 8 82 6 59 92 60 42 44 63 52 20 26 95 87 64 87 63 85 69 41 84 74 19 31 66 85 43 81 20 71 48 82 92 25 4 20 57 36 92 81 70 32 24 60 44 92
 90 45 79 26 97 72 80 90 39 11 20 27 55 77 68 19 70 36 16 99 29 28 41 83 15 45 25 8 89 32 91 89 86 10 40 60 48 47 53 72 88 61 69 88 70 7 31 14 19 5 72 42 23 100 21 63 52 72 88 91 41 64 71 10 50 18 23 45 50 61 52 91 25 54 55 29 8 2 73 25 13 74 6 73 17 19 78 2 50 57 34 65 84 75 89 42 63 47 55 4 97 32 53 100 27 85 89 12 97 69 90 37 48 100 47 34 91 74
 72 92 33 58 93 32 69 60 88 29 45 49 87 13 82 54 67 92 88 90 74 5 62 54 26 56 32 88 35 12 18 71 3 82 80 32 15 92 25 17 67 22 32 12 21 83 88 38 6 64 63 67 93 96 71 59 26 93 96 13 42 33 16 35 33 11 70 58 60 48 4 100 14 59 9 46 95 2 89 58 65 26 67 16 90 77 18 82 47 17 79 14 100 73 94 45 13 5 77 99 29 91 17 5 87 83 93 50 9 52 57 81 32 79 31 32 51 79
 78 47 39 22 74 47 3 35 51 14 8 36 89 66 80 83 89 62 20 24 78 60 75 92 79 57 74 46 33 8 100 54 53 74 86 40 61 15 14 80 97 54 14 53 87 8 61 84 36 77 91 36 86 87 39 84 71 42 9 36 43 98 46 1 23 61 64 67 92 50 68 67 31 30 88 18 35 83 23 72 100 4 22 55 100 77 56 88 7 61 4 44 34 53 6 71 84 58 59 87 96 58 90 7 71 1 22 28 96 23 13 65 98 46 81 4 35 13
 95 56 27 66 58 85 53 27 1 67 85 16 16 58 86 89 24 100 30 96 86 59 36 88 77 59 30 61 59 64 4 32 88 74 20 99 21 66 25 19 85 76 50 11 44 13 19 93 72 54 16 41 71 14 27 81 13 6 1 1 11 35 67 36 26 49 21 62 92 40 35 80 10 48 71 43 75 43 75 61 3 29 73 83 75 56 11 47 67 45 54 4 11 80 86 6 2 97 55 76 67 90 56 33 1 19 31 38 15 26 63 81 13 24 28 57 65 26
 77 36 55 17 52 88 15 36 22 72 69 30 91 98 94 87 58 30 90 45 50 42 24 68 28 4 27 21 96 45 46 4 30 55 53 30 41 82 90 59 67 95 83 48 96 16 51 43 55 97 25 91 23 74 88 71 4 57 79 84 97 59 2 87 45 64 21 97 99 70 79 46 63 26 17 13 5 4 12 75 72 67 50 90 92 62 85 54 74 78 54 52 68 10 71 100 1 4 87 29 49 23 72 32 82 42 40 93 22 1 73 3 52 67 7 15 42 8
 12 82 90 73 52 32 79 94 52 32 22 92 90 72 15 98 70 2 54 85 22 48 65 2 73 47 48 89 82 43 86 81 69 98 99 59 40 91 41 58 45 100 36 6 36 46 14 13 64 69 48 33 94 52 13 65 58 83 22 71 4 98 19 29 80 51 6 8 68 59 58 100 78 94 73 51 79 58 15 10 43 83 34 41 76 13 99 84 5 71 81 54 96 86 51 34 15 30 17 32 40 65 66 37 59 97 24 72 80 35 19 47 6 85 98 25 94 68
 27 39 38 4 80 79 83 93 15 56 100 53 92 3 67 21 51 22 2 46 90 34 84 71 90 100 11 86 71 40 76 97 27 65 98 9 83 2 81 12 75 46 81 41 71 8 88 63 43 75 64 97 16 41 5 15 89 80 36 66 44 48 10 9 41 26 44 80 21 79 75 44 72 8 36 85 59 99 43 3 65 97 55 42 41 96 98 20 64 27 84 98 80 35 93 16 41 61 52 53 27 47 30 32 62 36 25 74 11 23 70 17 88 42 86 87 76 54
 16 8 2 22 96 46 69 84 10 8 72 48 48 47 43 83 64 23 12 42 40 88 80 15 83 29 68 22 33 41 84 29 37 47 4 22 13 57 84 80 21 29 51 45 97 10 77 98 67 22 48 34 79 24 51 11 99 34 59 95 2 52 87 65 80 37 60 82 71 44 16 10 16 24 47 53 32 92 74 59 1 65 27 39 24 99 59 2 3 31 35 47 22 25 82 89 92 30 99 17 90 58 67 32 96 63 92 70 25 5 88 46 46 93 59 91 98 13
 69 84 73 98 25 43 41 58 83 73 27 79 36 17 81 40 89 66 24 87 31 16 97 16 18 39 71 21 85 18 15 9 34 32 22 40 11 51 19 36 94 64 92 58 24 50 29 3 41 63 81 97 51 73 81 39 96 78 49 64 54 8 16 71 16 63 30 83 40 3 90 70 27 51 62 15 88 10 35 18 36 9 49 65 9 93 63 38 13 44 35 75 30 100 24 74 49 42 78 37 72 87 34 22 35 55 93 25 54 52 41 97 85 49 2 92 49 29
 57 54 75 4 42 35 70 26 78 40 70 52 51 22 50 97 77 20 66 93 68 21 98 85 40 16 35 86 31 76 56 90 55 42 47 53 46 91 2 60 1 13 58 24 7 37 99 60 65 2 5 23 59 38 26 6 53 15 66 79 16 9 74 67 90 17 23 20 81 93 76 100 40 63 73 58 5 51 73 37 47 88 58 88 13 51 9 16 35 74 58 76 40 46 13 81 71 89 93 57 46 2 93 8 66 77 68 60 63 17 43 63 58 37 5 54 25 36
 29 49 43 61 20 76 59 34 16 69 58 4 74 16 21 10 2 73 49 33 3 56 76 89 78 76 39 2 91 2 66 33 43 97 53 65 3 33 47 18 4 67 76 50 79 71 57 26 58 31 75 64 6 13 92 22 93 3 51 98 39 37 42 50 17 90 70 90 82 83 19 92 77 52 48 54 61 94 10 88 33 10 92 56 96 53 82 71 13 49 39 92 56 3 20 4 87 62 82 97 12 13 5 18 61 80 16 99 44 43 4 79 87 75 43 99 52 80
 87 35 46 56 61 88 47 92 46 3 78 51 90 94 4 38 5 61 70 87 81 58 22 22 91 47 32 18 54 46 89 96 80 89 40 7 4 39 86 66 84 84 93 87 42 95 77 33 8 21 99 63 21 77 11 73 90 24 46 93 37 69 47 82 46 89 32 44 41 41 59 56 37 7 71 79 5 38 94 13 9 24 83 68 37 67 44 74 38 95 98 68 42 85 47 87 35 78 90 55 51 41 41 74 52 43 9 9 61 94 95 58 39 27 55 67 9 33
 34 87 80 75 27 52 49 81 48 25 1 58 27 86 86 11 86 26 70 90 7 55 78 83 40 44 36 22 2 38 58 95 99 86 13 45 80 38 32 5 77 82 24 42 36 43 86 1 27 91 83 85 5 33 1 51 100 7 15 7 92 6 66 66 53 12 34 16 93 29 86 42 4 19 49 22 3 72 43 57 47 11 25 5 13 13 17 96 22 48 15 22 75 89 96 24 42 24 44 72 26 86 28 61 96 30 79 49 19 54 13 38 40 19 93 68 77 90
 52 1 73 41 56 70 3 18 70 17 25 95 46 32 19 13 93 96 91 73 82 57 75 57 33 41 69 59 79 80 53 60 34 95 1 71 61 54 49 58 90 21 31 16 76 27 88 10 71 8 69 25 93 65 34 56 100 17 62 41 52 4 11 80 59 47 49 97 3 7 43 19 36 26 8 23 100 29 10 80 69 97 72 41 13 51 3 36 55 48 1 2 5 71 48 30 77 5 32 55 7 98 62 80 96 92 31 87 33 12 28 18 100 75 92 96 50 33
 36 61 45 23 59 13 47 86 45 3 48 81 73 3 42 48 54 35 39 30 49 44 19 80 50 5 37 63 83 29 67 87 36 84 33 47 96 81 67 74 60 67 95 86 23 56 88 91 92 32 78 34 22 35 15 8 15 47 17 43 53 29 84 67 49 81 41 11 66 22 81 63 46 41 77 48 70 80 31 82 62 42 17 35 100 79 56 19 12 3 75 83 96 14 1 57 42 31 71 52 95 53 13 58 76 37 84 72 30 68 32 17 16 61 98 85 56 55
 28 74 90 17 82 20 46 82 9 44 64 31 25 96 78 47 72 43 37 80 7 50 63 13 21 82 48 95 9 41 9 62 47 54 29 47 69 9 96 49 66 32 83 21 72 19 14 16 44 11 65 86 1 3 89 28 60 57 66 26 89 37 83 48 60 12 44 69 3 97 75 28 16 44 3 85 76 83 27 12 75 97 76 81 29 65 28 87 47 8 53 2 88 15 78 78 43 24 2 59 9 6 73 58 69 68 72 84 26 92 33 73 28 2 62 1 90 94
 99 25 52 94 94 29 52 56 20 4 56 13 42 56 31 84 72 38 62 16 43 86 29 91 18 7 60 16 51 50 41 89 88 4 87 85 73 85 50 42 99 31 33 5 89 14 19 82 96 63 25 7 24 65 64 33 100 27 43 14 3 85 36 79 35 84 43 29 91 79 53 76 53 45 54 89 70 31 81 64 51 99 72 54 2 36 97 99 42 73 38 96 85 2 37 76 38 22 36 85 86 92 83 53 62 93 72 77 7 29 61 64 73 49 8 52 25 22
 20 29 25 21 77 19 19 77 36 95 75 28 42 94 6 33 66 8 11 83 86 24 74 99 8 8 14 73 30 26 99 49 72 4 57 83 51 47 82 47 86 60 35 5 62 48 14 27 5 74 17 44 33 69 79 15 61 92 53 12 6 13 69 83 38 27 15 3 42 74 97 64 79 3 74 22 21 77 58 14 1 4 22 66 56 26 62 65 13 8 73 84 61 12 25 94 18 63 6 81 56 49 72 53 26 61 63 40 6 57 17 49 28 61 20 56 65 90
 1 5 89 16 50 3 41 39 28 33 63 61 86 38 46 26 84 93 36 78 98 92 20 66 90 91 16 42 62 54 51 22 17 41 74 71 91 85 8 54 15 83 84 33 97 18 53 60 22 45 72 95 49 40 2 52 53 64 8 67 66 47 31 37 54 30 92 88 99 49 12 64 36 82 6 42 53 43 7 31 72 63 97 46 4 9 73 23 71 56 6 10 43 23 89 100 76 43 1 70 10 58 23 30 20 27 55 17 80 14 63 67 71 60 47 59 50 67
 8627 372 8202 6558 11752 10536 2497 5886 1637 8849 6676 4169 5489 10667 238 2257 10603 458 299 9914 6330 4640 7431 8415 10839 1183 9837 1929 8137 6412 7678 4561 10942 5294 6512 11010 6774 3046 1897 4760 10774 10498 5313 11261 3780 240 771 1730 4654 7602 7530 9606 8167 9589 4741 2077 37 4055 8637 4492 10442 3532 4824 10612 5308 10444 4466 9300 2312 7326 10112 10754 6168 2383 9386 11573 2184 9501 5758 7419 2718 11318 6998