106 98
 31 17 24 34 31 95 1 41 5 3 50 10 34 30 12 45 94 94 8 50 22 58 91 62 45 56 62 34 44 61 54 56 93 24 39 3 87 24 55 85 96 26 65 24 46 88 9 78 51 27 63 54 92 95 27 84 72 42 20 24 40 12 77 47 82 59 67 44 61 8 69 67 12 13 67 82 55 35 53 99 72 38 43 50 96 8 20 89 36 14 23 90 36 22 52 71 17 76 66 38 97 29 21 87 27 64
 20 14 52 60 72 42 1 42 23 70 75 34 73 76 85 42 77 82 59 5 88 49 84 31 10 98 33 4 47 2 15 65 24 40 75 35 89 24 8 6 4 26 54 70 38 45 4 24 84 34 37 80 83 35 78 80 11 18 10 68 76 64 82 56 45 97 53 11 67 14 36 14 10 36 63 48 9 60 64 97 10 7 10 49 22 50 69 100 21 89 67 40 28 57 65 24 6 54 16 79 11 76 69 80 25 16
 19 19 43 97 72 56 5 31 66 13 82 63 14 21 77 27 53 24 45 77 76 96 63 34 33 50 81 68 69 39 12 4 80 37 2 68 22 100 43 25 63 13 17 92 45 21 22 9 84 27 19 48 57 3 33 19 34 56 67 24 56 90 64 5 82 81 48 61 13 71 42 54 81 95 99 2 56 77 90 97 90 10 83 48 97 55 86 20 24 18 95 37 37 65 53 66 16 27 68 93 54 24 59 36 17 26
 16 52 56 94 27 49 66 77 12 4 28 42 81 69 14 19 13 90 86 52 19 15 88 71 26 2 94 57 74 95 86 26 53 72 51 82 72 77 8 10 22 58 61 33 88 37 55 49 70 14 91 53 70 86 30 87 90 90 67 62 68 9 64 98 11 28 29 41 84 73 46 65 32 17 77 15 69 80 63 32 76 44 78 90 26 38 58 43 24 93 99 83 12 5 49 100 89 75 55 43 59 51 50 70 24 87
 74 63 30 91 29 4 15 27 66 96 81 27 95 72 65 86 37 14 34 17 65 46 48 82 11 70 35 45 46 66 79 5 25 92 26 27 99 100 14 83 59 36 52 86 51 8 26 68 39 56 39 51 14 62 60 4 27 21 23 18 75 10 43 53 88 94 84 86 59 59 70 63 26 84 8 40 61 96 23 85 78 54 27 38 83 1 4 22 97 47 7 47 16 83 71 20 32 6 60 27 22 82 92 44 91 21
 94 17 50 85 63 74 75 8 15 41 75 82 29 92 88 69 42 42 12 41 72 40 11 94 96 35 15 77 98 33 10 86 9 96 16 88 61 41 57 35 74 84 86 59 100 33 84 64 67 68 7 2 5 3 10 23 51 60 32 49 52 55 64 90 30 9 34 57 36 66 4 94 45 30 55 26 8 4 13 98 48 12 49 35 33 82 54 39 12 13 11 87 74 28 74 29 42 98 71 19 41 79 19 8 4 97
 96 60 61 1 71 39 90 73 74 16 32 49 21 83 23 3 40 76 68 76 33 34 66 55 99 72 44 59 79 38 88 18 21 42 89 89 70 26 33 58 85 98 75 10 18 80 6 34 21 3 30 62 82 49 55 85 9 32 52 5 47 88 31 95 35 94 57 32 42 43 44 74 19 19 39 12 44 9 13 43 18 88 69 49 50 79 8 96 90 36 67 21 34 77 94 77 60 60 4 7 47 46 72 9 62 89
 9 25 100 63 82 73 54 82 28 12 16 13 34 66 7 82 22 3 66 81 53 70 49 18 83 26 81 66 96 60 76 86 81 40 13 35 3 1 63 46 35 38 77 77 76 54 91 19 51 62 69 83 21 91 68 82 67 8 65 10 31 31 2 60 62 88 1 88 80 13 25 59 5 1 8 23 35 11 31 8 96 29 54 82 15 38 86 7 78 3 94 28 51 28 13 90 9 34 63 87 41 92 89 42 32 62
 58 25 94 41 94 46 15 4 6 51 4 22 18 19 84 52 58 94 16 30 4 25 42 44 48 49 24 90 43 48 25 20 48 17 8 57 83 18 42 74 37 39 8 34 37 86 43 43 12 52 32 59 45 14 25 38 81 63 37 85 84 50 23 74 92 53 15 15 83 70 28 21 83 79 75 29 80 39 23 52 82 43 79 90 87 1 24 55 63 7 93 50 77 42 70 30 34 68 81 55 81 57 46 40 44 35
 21 85 23 80 33 51 98 22 19 29 97 73 63 11 45 60 46 77 71 99 53 86 96 46 14 89 34 62 89 19 80 21 50 55 70 34 22 73 56 15 62 2 40 7 98 62 8 53 53 6 59 31 51 20 31 64 38 8 32 98 19 76 45 92 27 33 42 14 100 70 3 91 78 37 51 6 13 100 28 28 16 4 76 8 67 67 19 51 23 81 62 45 86 92 88 69 42 46 55 24 47 89 12 62 40 95
 52 46 85 26 17 42 46 20 70 70 25 61 98 7 67 23 44 55 79 64 58 29 56 45 11 11 73 53 79 99 87 52 90 30 37 91 80 22 13 88 56 100 20 95 87 18 91 32 96 73 53 85 59 90 78 62 12 100 2 9 31 93 85 80 49 92 96 90 87 60 62 8 77 36 34 27 42 80 55 40 80 91 11 42 21 87 54 81 76 48 27 97 94 68 43 9 39 49 58 4 6 3 55 92 98 4
 16 26 51 63 16 93 87 8 73 8 38 67 40 99 11 98 60 61 28 76 13 86 35 26 21 12 20 60 13 29 17 94 11 41 16 25 64 37 22 65 54 22 3 54 27 50 53 40 58 53 5 14 3 62 64 9 35 4 33 20 55 7 80 10 45 89 55 73 4 2 75 88 80 24 98 8 66 62 44 12 67 63 98 99 90 26 1 38 15 34 92 46 88 34 7 13 14 14 21 5 39 54 21 60 51 69
 34 59 53 20 63 26 95 69 24 46 6 88 95 40 79 59 82 35 10 14 46 14 79 11 63 33 84 2 39 17 41 18 76 87 6 15 76 93 18 66 90 59 80 16 83 50 83 57 58 40 16 88 28 79 37 6 37 97 52 25 24 37 29 77 39 39 53 36 94 6 26 82 19 2 10 34 15 29 19 10 79 35 74 29 78 58 33 84 67 8 53 72 23 54 6 28 48 52 21 39 69 38 42 97 50 65
 76 7 37 62 85 67 72 59 95 62 22 56 63 11 29 10 18 93 45 16 37 22 15 89 86 81 14 1 49 74 10 65 70 27 9 6 8 92 62 68 81 29 89 11 13 62 59 61 45 66 9 27 81 50 74 5 76 31 83 64 35 63 59 100 18 54 39 87 19 84 2 34 67 50 77 91 86 62 67 11 74 71 18 23 73 82 68 85 5 57 9 54 45 69 84 10 59 82 9 41 6 11 59 60 44 74
 51 82 28 52 17 24 80 29 63 88 85 30 26 34 22 15 10 38 31 62 90 80 16 52 61 48 27 26 77 81 38 94 66 12 13 15 100 65 62 31 40 79 8 75 74 45 7 94 20 35 18 13 55 89 11 49 43 72 90 5 4 62 47 55 36 75 38 68 50 85 82 100 72 82 86 93 65 40 42 33 40 65 39 40 36 52 99 55 54 94 45 73 36 3 62 22 42 63 64 16 60 89 1 92 39 19
 20 83 54 26 72 85 9 39 18 49 1 21 36 19 96 69 48 82 85 66 23 71 50 2 62 6 87 32 36 89 79 26 6 19 13 16 79 47 57 40 31 62 24 40 57 72 71 81 67 42 80 20 8 18 38 56 44 94 10 67 12 46 67 42 72 69 26 62 89 19 85 65 19 53 10 51 44 20 47 43 96 64 77 52 3 92 16 60 88 50 28 71 78 91 34 18 74 96 31 90 43 16 63 73 70 61
 54 61 60 88 47 32 60 8 39 26 80 81 92 48 13 87 75 10 67 35 41 74 14 21 21 58 87 29 60 28 5 68 1 81 76 87 58 13 56 56 82 50 11 59 22 69 16 17 98 41 33 57 54 57 54 53 14 86 15 9 15 50 68 51 36 88 70 28 46 42 35 94 98 100 38 11 26 89 25 50 41 72 69 47 49 67 29 76 11 40 19 7 42 34 57 22 25 22 41 23 26 89 27 71 48 27
 70 68 32 13 14 71 77 87 12 29 15 80 10 47 39 49 19 11 20 67 31 5 69 26 31 56 6 100 93 50 20 8 28 16 70 3 27 47 38 8 72 80 80 37 76 13 41 36 77 64 19 73 91 8 86 83 48 72 53 48 41 72 93 81 21 65 75 25 26 24 83 3 7 26 15 6 93 49 52 4 45 25 92 41 14 27 6 3 71 84 53 95 54 92 14 34 5 87 28 5 44 85 54 81 40 58
 29 43 84 29 42 2 17 84 49 69 49 98 54 29 12 16 4 99 50 72 95 90 98 63 2 37 83 96 95 93 76 6 9 16 17 62 82 12 83 80 63 18 31 53 9 65 39 58 35 39 90 19 77 98 16 7 52 12 74 6 23 57 95 87 53 63 42 23 5 69 93 42 58 75 57 24 64 52 53 16 32 94 88 22 24 58 57 93 6 39 33 50 29 83 83 15 26 81 39 99 19 28 17 40 67 31
 8 79 89 47 25 41 1 67 76 11 84 66 45 79 54 66 72 4 96 90 58 4 65 59 89 21 20 51 91 79 11 100 87 69 61 94 82 91 6 77 44 35 28 99 30 9 96 80 23 58 91 51 36 11 71 81 32 74 82 30 75 71 97 95 71 4 90 63 52 100 56 87 57 18 72 54 96 51 16 8 33 56 35 86 44 12 58 10 9 43 75 10 51 72 60 36 59 1 68 71 37 8 12 88 13 36
 61 51 64 58 80 27 7 26 67 75 15 65 17 34 95 83 80 37 5 99 37 84 7 28 86 79 3 14 69 20 86 47 89 17 31 49 16 43 92 80 39 96 95 76 43 13 60 35 89 14 11 100 33 35 72 76 81 26 60 38 93 3 81 88 68 16 36 84 60 48 22 90 92 46 55 6 45 5 40 78 21 28 51 47 91 24 11 26 79 5 45 38 1 16 90 77 44 39 50 93 62 48 36 53 75 95
 88 100 4 59 1 6 67 79 29 5 52 98 97 42 65 23 24 14 2 75 74 44 29 80 61 35 7 51 80 68 86 23 61 49 54 58 34 99 93 82 43 61 94 83 35 2 22 76 76 3 65 97 1 88 26 92 91 71 56 51 87 58 64 58 37 85 2 60 43 79 2 59 63 28 62 83 80 34 33 15 16 47 58 3 18 77 36 49 82 53 21 5 7 22 2 26 89 2 4 98 23 66 78 94 87 93
 55 59 26 44 93 86 10 32 37 25 51 84 89 79 22 44 68 56 85 42 13 53 98 4 62 68 8 55 80 47 6 13 34 9 5 56 10 84 59 77 37 21 55 65 38 96 76 61 18 88 61 9 12 67 50 46 97 55 42 52 81 66 39 43 57 5 8 66 49 31 49 4 6 60 2 12 65 44 40 2 82 80 31 95 65 48 7 89 38 35 42 25 47 82 4 20 56 11 77 52 79 89 67 23 93 95
 63 89 45 19 83 10 74 88 51 12 10 96 58 35 55 41 31 64 49 4 77 57 84 1 23 2 67 53 7 47 75 9 29 24 66 96 98 3 24 41 2 30 87 12 75 11 32 95 86 49 10 16 38 36 58 63 20 58 99 45 76 7 86 95 55 47 13 28 23 6 14 6 29 8 54 40 42 76 43 5 72 98 66 84 50 86 6 23 96 95 19 33 46 90 36 98 98 88 28 42 53 61 49 57 3 80
 85 41 1 38 1 5 22 56 92 89 41 9 23 97 33 54 72 67 67 78 79 63 80 37 2 79 25 89 28 14 93 71 60 26 32 57 11 72 83 85 89 14 39 46 33 28 27 4 10 56 64 79 91 86 32 84 15 80 11 99 70 24 88 25 84 60 23 31 40 78 13 55 22 57 61 97 57 20 9 98 64 6 28 74 81 93 73 35 95 69 47 86 44 28 40 68 58 95 86 81 75 5 39 60 53 33
 1 58 90 42 55 38 84 77 91 65 4 70 91 76 72 70 40 19 50 22 89 86 38 44 20 89 94 87 58 33 25 51 5 48 59 9 24 18 84 66 21 100 41 88 11 34 43 100 55 32 64 38 19 49 53 74 64 44 78 96 87 83 29 86 30 49 10 26 22 98 96 44 2 56 87 12 4 8 80 30 73 25 23 71 68 31 29 50 70 91 40 68 3 67 19 42 12 50 81 87 73 39 29 47 62 30
 19 41 89 39 97 30 85 54 36 78 84 78 12 18 89 18 89 62 30 15 39 28 45 66 92 39 74 28 57 79 79 13 8 91 43 31 80 42 19 72 84 54 6 5 63 77 58 62 74 21 7 75 27 27 76 22 78 43 59 4 2 68 4 36 66 7 92 32 19 12 48 52 91 48 69 16 25 50 67 83 52 1 62 2 94 6 92 83 39 4 48 83 95 47 6 41 16 67 52 9 11 32 85 78 1 9
 98 4 17 78 71 60 30 26 20 38 92 47 27 43 55 78 90 59 35 14 16 8 99 74 94 9 25 31 37 76 87 46 23 42 7 63 56 80 53 84 14 40 73 82 79 21 74 57 12 76 35 56 38 95 76 75 19 23 80 37 60 17 44 23 68 19 27 42 28 24 85 85 39 74 83 65 39 74 62 13 76 71 39 99 13 1 65 68 82 67 58 80 81 44 47 37 80 36 56 44 47 72 28 72 44 1
 28 87 79 21 9 76 90 12 55 61 96 29 19 46 47 99 42 34 49 85 7 47 60 16 8 70 9 71 26 90 59 32 68 44 4 39 69 34 6 32 75 86 85 23 56 61 33 38 60 2 18 2 42 89 4 44 34 79 78 78 32 81 36 86 36 30 21 72 73 79 10 24 36 39 45 61 86 23 92 69 10 61 6 64 27 87 95 82 100 37 61 4 33 42 49 71 39 25 60 48 12 21 49 56 1 97
 22 73 68 64 84 84 84 97 84 17 86 11 60 84 96 78 80 90 21 100 33 78 95 20 31 44 78 54 33 80 20 63 57 79 70 58 52 77 21 88 61 79 19 95 92 15 91 49 62 65 44 24 46 21 14 93 58 82 42 40 98 3 73 35 83 94 30 90 36 96 61 98 22 35 5 16 75 48 70 15 87 65 52 73 93 44 20 12 73 42 38 13 63 19 67 33 47 55 52 38 65 35 15 11 24 42
 55 13 90 55 33 3 83 22 65 98 72 87 2 25 39 26 80 25 66 20 52 86 60 27 64 63 5 82 56 15 56 67 31 41 93 11 8 65 57 6 76 4 53 55 84 58 35 52 81 29 21 51 6 50 80 78 16 42 4 54 57 92 14 73 23 76 70 20 70 97 44 81 57 88 61 44 23 72 42 87 15 30 80 90 51 74 24 55 17 44 65 81 100 77 9 68 87 15 6 53 37 49 66 19 59 41
 37 45 60 73 22 6 47 20 22 86 86 29 57 17 45 8 66 17 89 98 43 16 10 31 52 53 59 46 31 97 50 58 37 58 94 89 1 53 81 99 52 83 55 34 12 39 93 81 86 68 64 92 61 65 8 7 15 56 35 100 25 45 14 3 12 30 12 89 26 28 72 6 52 79 91 92 83 69 55 36 99 23 67 85 77 14 58 38 6 11 48 95 57 4 82 2 61 48 65 66 54 85 93 82 42 29
 70 59 73 19 21 53 46 73 52 50 13 92 65 3 35 94 11 31 61 31 67 98 43 63 60 21 88 5 34 63 33 9 64 92 56 34 6 71 44 48 82 64 90 38 5 24 51 2 30 40 89 17 97 22 46 12 96 38 65 95 61 25 92 11 32 14 6 3 17 80 59 73 10 13 81 81 47 55 44 86 44 68 45 77 1 11 92 24 28 61 83 95 16 7 9 73 93 34 40 27 49 39 52 36 93 73
 38 40 75 48 99 50 81 7 56 9 12 1 34 5 26 85 26 45 99 92 68 31 15 82 58 2 84 14 72 87 14 75 49 73 70 57 3 77 49 85 7 64 27 96 98 29 25 81 80 67 93 85 93 58 37 14 48 49 21 96 67 36 30 31 91 10 32 3 49 69 34 41 52 48 6 48 39 28 44 11 74 83 31 93 75 77 61 11 90 54 48 88 2 81 91 81 63 74 32 51 90 62 96 52 71 8
 56 31 36 63 87 89 82 78 26 83 51 45 88 39 96 25 31 58 32 80 55 61 40 90 99 12 65 94 45 71 35 100 94 97 37 50 69 1 89 76 54 36 94 32 90 41 80 33 17 44 58 23 58 41 85 56 42 58 36 82 13 38 16 66 8 47 55 11 49 82 49 90 32 4 72 4 92 29 76 19 55 95 31 78 55 11 75 36 27 6 81 96 58 27 44 36 8 20 25 97 14 14 98 25 47 65
 42 81 88 21 27 19 46 22 23 51 9 81 28 10 87 91 49 5 35 8 52 60 89 26 3 33 21 68 28 8 26 9 41 76 65 77 15 23 74 79 44 86 76 92 30 47 46 72 65 59 17 97 96 70 20 86 29 49 20 50 83 95 80 90 63 44 97 23 53 11 28 15 33 98 79 63 92 71 79 49 36 8 72 46 24 49 41 24 1 63 9 95 10 49 42 69 10 90 55 30 82 69 31 83 79 78
 74 2 10 85 5 42 77 21 100 73 79 6 63 78 81 73 85 73 10 17 54 35 69 80 74 81 11 35 38 68 25 59 55 97 67 51 94 20 13 36 96 14 27 86 56 94 55 50 79 44 49 61 89 50 15 74 85 12 82 35 55 11 9 20 100 10 95 83 24 7 44 5 21 1 17 10 29 42 26 40 20 11 16 50 1 8 10 98 14 76 6 25 65 37 23 76 13 48 13 12 29 40 36 1 86 62
 34 15 94 7 97 94 83 22 16 83 62 2 79 79 99 79 44 100 68 33 71 70 60 72 67 25 36 55 10 48 93 58 67 7 41 81 48 92 40 7 30 43 29 52 82 54 72 24 55 98 94 38 83 2 79 76 46 72 12 46 9 79 5 31 31 7 5 30 53 78 58 84 16 37 33 100 80 57 72 43 40 31 84 25 56 48 4 22 29 18 92 26 98 95 62 40 35 53 12 2 61 1 69 17 89 44
 20 19 61 65 73 28 86 54 35 54 92 84 24 7 57 98 74 98 30 52 15 40 51 66 81 72 11 100 72 12 51 91 22 93 59 12 34 26 61 33 79 14 83 19 6 31 62 93 38 51 95 19 96 48 94 54 32 43 75 23 60 31 10 74 25 42 46 95 40 75 7 10 91 73 81 10 76 35 24 71 81 14 80 39 47 85 12 30 68 7 56 88 63 68 59 55 26 1 50 15 92 27 74 13 21 41
 25 23 9 94 6 62 74 88 48 58 84 39 11 35 26 18 4 82 67 98 23 89 73 56 55 38 34 73 71 45 11 47 50 42 14 6 26 43 13 44 92 56 5 88 31 18 56 58 2 86 22 30 39 51 92 42 31 8 87 72 1 72 62 99 71 42 39 93 13 74 63 23 64 89 5 92 38 68 35 100 73 89 3 87 67 69 70 71 94 65 27 17 83 53 15 54 96 53 24 71 59 95 36 76 57 97
 3 79 51 49 18 7 25 100 47 9 67 35 30 26 80 15 68 10 20 66 96 45 66 44 95 48 30 39 22 19 43 79 52 91 78 3 16 49 18 8 19 11 28 77 27 51 70 82 82 44 3 65 19 78 83 21 42 42 33 74 2 95 55 75 12 85 7 92 87 86 24 55 14 23 2 92 7 19 79 1 95 26 6 37 79 84 1 28 65 7 89 33 30 8 44 51 17 42 91 24 25 83 42 64 4 88
 38 62 23 21 41 54 57 14 42 29 47 99 70 49 18 14 7 28 97 52 49 43 51 77 84 6 19 12 46 62 91 64 67 1 43 31 59 67 52 98 63 87 54 18 66 55 54 94 81 43 76 36 9 4 88 63 82 68 25 54 29 21 51 38 59 11 54 16 27 37 54 1 62 61 52 76 53 68 88 82 38 71 54 55 32 22 20 90 40 62 13 69 7 31 86 79 51 1 24 17 69 69 82 35 2 2
 27 28 74 77 11 93 76 19 35 19 55 7 91 82 15 86 36 6 80 40 30 50 5 39 91 62 18 25 10 9 47 37 82 66 50 41 95 28 67 57 62 55 79 95 76 2 99 49 32 42 21 70 59 6 46 5 36 19 20 30 90 71 56 4 14 20 2 54 99 15 44 83 96 17 100 77 30 29 62 30 67 13 63 5 60 30 98 79 29 100 16 83 36 81 40 66 13 23 67 96 12 87 82 31 4 8
 17 85 90 24 70 10 26 29 90 10 94 77 22 12 83 25 57 49 10 16 31 39 92 25 22 81 98 40 56 36 27 34 9 17 86 4 90 49 57 13 65 77 77 79 94 28 87 33 42 14 80 33 40 50 95 83 75 10 27 16 39 51 69 16 10 48 60 27 18 46 95 29 92 86 43 92 91 100 60 47 54 20 86 81 36 98 57 85 20 99 72 71 52 7 92 13 1 8 24 22 37 58 28 24 40 87
 49 24 48 83 96 9 53 12 74 23 89 92 9 37 16 5 100 54 80 30 96 43 98 75 3 16 47 64 37 11 83 36 66 40 18 33 16 18 22 63 91 84 43 52 73 37 77 15 18 44 50 95 90 27 4 6 55 40 62 2 36 59 58 97 100 5 10 76 83 47 100 74 49 72 100 28 59 75 46 61 29 8 34 28 20 92 70 53 47 39 12 30 4 57 96 59 31 46 37 7 56 71 73 8 59 38
 73 99 97 77 41 32 63 37 89 71 78 68 38 83 75 94 61 27 72 89 80 44 19 19 79 30 15 77 78 60 82 61 83 16 60 6 51 77 72 52 84 87 19 89 2 45 26 99 57 11 64 38 84 62 89 76 91 4 64 57 77 77 37 77 64 96 75 9 30 24 54 20 2 90 2 51 76 52 8 79 98 36 59 63 42 21 14 72 59 33 99 38 62 7 41 7 66 42 77 57 35 79 26 35 42 55
 44 100 94 37 43 82 71 12 78 18 34 57 20 70 59 43 24 31 90 100 91 22 41 11 70 29 19 11 51 96 45 60 46 87 34 24 38 97 72 76 37 66 91 30 28 96 58 29 35 75 15 14 98 46 31 18 72 17 52 55 51 88 48 66 31 97 17 78 90 70 33 93 82 10 13 79 5 92 27 6 46 68 78 48 83 72 12 57 90 36 67 62 82 2 21 42 16 99 89 77 18 88 37 100 74 19
 86 35 33 40 72 23 73 30 44 4 65 46 91 74 30 25 66 45 10 99 97 37 17 90 80 69 25 45 62 66 80 1 18 49 15 63 22 47 92 96 91 17 19 39 60 31 93 64 55 51 62 56 9 70 91 31 89 67 86 64 95 49 99 67 52 91 3 22 45 73 5 72 26 40 68 69 17 46 71 88 94 57 25 59 100 45 8 91 29 48 92 45 54 95 82 100 21 23 67 70 85 6 61 28 18 86
 50 89 43 59 22 48 77 80 48 65 87 25 50 40 15 72 14 2 11 38 58 80 50 9 68 63 92 84 49 44 73 9 45 98 40 51 93 26 17 70 80 24 30 6 50 82 1 69 99 32 39 77 47 28 78 40 7 63 98 72 64 51 31 10 7 65 23 61 92 51 96 14 80 77 50 73 95 48 71 73 82 94 97 12 60 28 22 70 21 47 90 15 8 38 47 36 95 67 85 59 33 10 55 47 9 86
 98 45 93 65 80 47 31 91 74 16 77 94 10 86 11 29 85 29 98 94 46 49 86 61 22 26 37 68 72 1 22 8 4 3 44 29 68 48 82 80 98 37 37 78 39 64 100 55 82 5 52 62 69 78 74 56 76 4 74 27 23 62 79 47 4 79 49 51 88 3 50 4 69 39 83 45 4 68 84 82 74 7 12 58 32 67 37 17 63 59 48 57 55 30 54 51 65 32 36 27 64 39 52 32 100 73
 20 44 89 87 89 16 64 26 69 86 5 16 40 18 9 16 35 20 81 68 44 71 45 20 14 66 3 55 5 46 36 27 83 23 20 29 21 16 62 39 52 33 13 99 82 70 38 61 76 73 63 3 91 2 98 36 91 34 51 73 76 61 12 59 53 4 46 85 8 83 5 44 44 1 77 72 21 66 87 100 82 58 57 38 43 38 84 19 77 90 46 72 19 69 64 75 76 85 50 89 25 29 35 47 81 35
 75 83 43 28 99 34 49 59 84 13 83 45 42 26 9 51 74 71 26 51 33 29 2 88 33 67 65 13 10 69 42 26 31 20 43 1 72 1 75 9 77 42 17 15 33 11 38 40 61 50 11 20 5 80 44 29 42 71 25 74 96 6 88 12 3 89 22 15 40 100 54 91 71 16 70 1 31 25 51 32 27 62 6 54 99 63 63 70 89 51 43 91 64 10 21 29 68 1 72 36 95 56 60 15 75 30
 19 52 69 48 100 19 56 38 86 83 17 85 88 10 39 68 26 24 21 58 49 74 74 62 46 30 66 2 47 86 86 6 9 47 61 23 8 8 22 89 41 1 100 86 25 34 17 64 38 34 1 59 36 79 52 72 83 97 88 91 63 78 29 93 4 65 87 86 22 15 83 91 24 82 92 15 93 5 49 80 2 45 21 88 52 80 35 38 4 52 45 2 64 91 57 74 36 55 83 69 8 94 31 50 76 75
 33 32 85 32 18 17 36 79 78 65 71 20 17 33 66 79 98 83 74 96 8 84 28 77 61 40 86 42 9 23 72 63 61 7 1 20 1 1 77 22 76 34 29 91 40 27 55 89 3 42 92 35 81 49 49 75 99 61 38 24 24 90 69 23 53 12 63 20 72 74 70 37 60 5 68 5 10 75 41 97 14 9 33 21 31 53 32 27 46 77 86 52 84 78 70 51 52 80 11 24 36 15 75 4 63 51
 22 21 29 41 25 98 8 33 66 9 82 91 21 9 49 20 66 86 77 65 10 27 36 84 78 92 63 81 27 43 38 57 83 41 100 42 66 45 89 66 50 36 53 98 33 60 29 88 15 89 65 6 60 8 40 81 51 58 40 82 62 41 51 91 95 42 64 35 10 13 20 54 28 13 34 23 54 33 78 67 54 24 10 20 35 22 24 12 16 85 79 9 49 27 33 66 31 37 90 45 69 3 12 16 9 59
 60 16 65 60 91 49 56 79 17 19 34 38 78 96 15 14 94 30 29 21 91 13 77 26 22 15 18 36 99 83 72 32 55 51 44 29 35 100 32 1 36 24 82 48 46 54 15 34 15 44 36 38 62 35 94 6 47 83 24 56 51 2 45 76 85 65 45 88 7 86 3 75 38 84 83 9 15 47 25 77 48 92 85 77 37 5 56 32 11 64 61 55 97 91 31 100 50 39 69 11 18 60 16 64 95 16
 74 27 24 5 6 84 92 20 8 6 68 47 67 58 75 39 38 91 51 42 69 13 16 61 48 26 71 9 58 2 37 86 77 55 77 43 79 86 50 84 57 64 50 59 64 34 47 22 59 8 83 71 62 70 23 15 67 73 93 60 84 25 39 91 49 14 63 51 46 80 32 78 11 54 2 82 93 89 74 3 22 19 80 4 52 100 92 80 74 48 35 3 88 11 89 8 80 67 60 20 100 2 1 94 64 37
 81 62 41 29 45 51 23 79 84 40 35 88 46 27 92 41 89 26 3 72 58 10 95 58 72 54 87 4 47 17 85 44 41 71 81 61 89 13 84 16 1 8 35 57 1 75 72 12 6 81 64 21 78 29 6 58 79 9 84 82 81 49 56 26 26 43 46 97 99 17 57 55 37 2 45 66 70 90 3 38 28 65 21 74 78 26 55 40 73 99 45 86 66 52 48 96 7 87 84 7 38 22 87 89 53 9
 56 47 59 19 66 47 60 21 14 98 54 35 53 39 17 77 68 13 56 48 84 81 43 50 23 8 26 13 45 31 43 88 33 88 76 41 58 93 10 25 1 6 14 58 52 11 71 34 51 96 48 3 49 34 57 41 1 9 78 87 28 63 84 64 93 55 58 97 30 77 48 47 17 54 89 63 79 50 77 20 93 17 73 40 6 55 83 45 26 66 23 72 82 44 91 16 43 55 25 49 6 71 18 93 67 11
 18 47 39 90 71 17 8 69 83 96 18 3 38 3 82 7 19 71 59 13 55 55 95 2 96 90 19 61 98 14 65 45 95 95 96 3 65 21 49 57 33 92 58 52 45 23 87 53 79 70 89 20 28 16 47 66 23 96 63 65 27 69 95 81 59 4 4 69 7 50 91 64 9 85 48 22 84 92 28 70 3 11 74 47 90 31 64 38 56 10 90 48 64 3 37 29 80 25 69 76 40 70 41 81 83 20
 87 1 37 4 68 28 63 31 26 41 11 86 56 2 16 39 36 49 19 71 8 81 60 78 56 3 24 50 77 18 32 45 21 94 82 7 3 40 12 18 66 43 2 46 12 100 53 73 91 17 80 76 91 98 92 29 1 30 24 100 84 65 56 23 100 85 6 34 21 78 27 73 72 20 67 11 51 20 58 87 98 1 39 88 65 92 9 34 10 43 17 87 54 96 93 17 74 66 95 63 65 57 86 95 41 94
 88 50 99 50 92 4 70 14 22 10 15 18 13 57 80 73 27 80 4 63 70 45 5 54 35 81 58 43 53 16 6 85 47 13 58 29 76 69 64 24 38 62 6 94 35 64 14 81 4 99 57 76 87 64 79 28 45 76 93 49 27 12 41 40 93 66 70 58 6 50 91 27 68 76 49 20 44 11 79 95 34 80 98 90 14 47 96 50 62 84 8 5 22 88 63 50 32 38 70 80 50 93 56 8 19 87
 5 72 26 9 98 11 34 83 75 36 97 54 12 2 2 65 74 3 86 1 66 7 76 87 93 3 86 92 28 31 29 31 55 28 20 28 96 58 50 25 84 84 89 100 26 90 63 85 75 71 14 3 12 98 99 24 91 91 7 15 80 66 92 24 91 85 76 42 50 23 82 81 91 22 70 57 34 22 52 54 86 69 2 96 88 35 8 87 23 55 77 25 17 90 4 9 67 21 94 38 8 70 30 12 44 93
 97 75 51 6 39 18 64 80 66 55 34 62 8 66 76 36 27 9 85 37 35 51 44 93 14 30 94 47 29 58 40 13 38 58 37 77 37 78 48 70 15 64 98 16 99 15 31 99 45 26 33 4 4 91 46 90 15 50 66 34 89 96 13 5 3 27 61 50 5 8 47 31 71 22 18 33 38 39 64 26 11 27 4 36 66 13 83 51 70 10 38 70 40 67 28 40 68 87 94 80 58 96 57 49 12 89
 1 85 46 4 58 54 29 58 94 18 59 91 34 9 74 70 37 54 73 46 18 78 93 46 67 9 56 77 46 13 45 61 46 87 39 28 84 43 17 53 86 90 98 80 49 87 36 9 67 62 32 15 68 42 17 46 11 96 82 84 89 21 72 37 80 43 64 84 74 91 46 9 59 49 12 3 19 33 83 80 20 23 29 28 55 1 100 96 100 32 36 28 11 97 25 86 6 58 89 50 12 82 74 31 29 93
 6 25 91 6 96 14 48 37 6 59 94 17 7 21 87 29 89 8 22 42 83 89 53 23 6 46 74 45 16 31 81 37 4 5 55 17 38 58 98 70 22 58 84 38 90 76 56 9 37 70 88 50 98 47 84 2 8 84 36 20 50 1 80 16 85 78 33 5 51 38 20 95 52 46 94 99 84 11 3 48 83 98 21 89 15 99 37 34 62 10 12 45 75 17 76 8 28 17 88 3 58 36 3 43 7 55
 100 52 55 15 98 71 31 47 63 11 34 3 38 48 12 23 49 26 14 68 77 46 55 100 24 38 76 7 77 2 84 35 29 45 61 64 4 79 95 60 63 14 32 79 99 97 65 16 55 72 13 49 91 33 5 32 34 45 76 19 69 23 51 42 20 94 73 54 81 91 88 16 66 30 18 35 97 4 61 12 24 3 8 50 40 31 68 100 34 24 78 52 19 67 33 78 13 49 34 97 67 86 55 17 92 33
 69 13 31 31 44 62 38 58 24 52 83 2 48 69 44 65 70 95 66 52 61 86 13 100 47 23 22 64 52 23 45 63 72 58 85 69 36 32 58 97 67 89 63 28 1 11 54 84 64 40 93 98 4 41 3 83 19 73 11 50 72 39 12 68 3 9 43 12 84 92 96 40 86 86 27 99 53 48 30 46 14 8 45 23 75 44 16 49 95 77 56 1 98 40 4 26 43 42 41 25 19 50 5 89 88 58
 41 83 45 8 43 37 94 53 24 28 74 56 64 55 30 34 28 100 47 80 15 26 37 62 39 23 48 51 97 90 78 84 57 78 81 89 89 19 25 61 92 17 43 97 31 78 40 71 26 100 4 79 41 97 4 74 45 52 34 35 57 76 10 84 75 23 54 1 48 13 45 12 12 19 56 99 84 50 73 9 17 82 17 40 9 72 81 12 74 35 27 58 95 67 18 7 71 56 51 55 21 22 4 23 1 100
 36 62 9 67 3 7 3 38 77 83 70 11 26 68 70 67 9 66 1 90 79 62 52 92 1 48 54 42 19 67 34 54 57 58 85 88 4 86 96 83 26 66 54 72 63 43 30 15 5 86 1 70 57 63 44 56 61 58 74 87 58 28 17 90 17 62 44 33 90 45 86 48 51 21 16 60 41 77 95 49 7 79 87 1 42 41 75 27 58 71 98 7 45 47 24 81 67 89 92 72 49 88 38 97 38 96
 83 22 95 97 72 3 8 36 99 60 67 98 1 86 51 66 20 15 84 44 77 10 60 43 97 41 51 34 82 12 51 20 81 35 20 24 64 87 66 69 34 48 74 72 43 63 79 78 11 29 51 3 74 94 11 52 38 76 84 2 14 36 91 46 87 83 12 100 1 38 83 78 62 78 7 34 40 44 22 86 67 78 13 52 68 37 59 41 40 74 80 7 46 21 14 10 63 9 8 85 90 43 66 96 11 39
 11 23 53 27 15 26 71 93 86 36 56 2 70 98 5 85 65 17 81 94 10 83 38 41 20 93 85 82 18 13 36 75 15 72 40 91 75 95 59 30 73 12 63 11 73 55 60 60 73 5 29 97 61 90 44 87 25 92 37 49 81 17 17 25 97 54 14 73 4 74 44 30 62 93 21 58 87 70 93 96 12 16 77 83 72 50 82 24 95 7 67 45 11 31 89 74 19 98 50 100 74 13 13 55 83 28
 68 61 25 52 45 41 55 88 82 34 37 86 39 97 53 39 90 1 76 90 49 5 75 38 78 47 91 69 74 8 90 49 5 70 58 57 51 87 11 71 98 52 79 81 66 74 36 74 93 55 85 88 50 96 52 50 29 53 73 82 68 75 65 68 23 81 44 11 4 64 2 74 84 79 88 64 26 48 46 32 22 37 20 1 15 40 33 97 59 85 3 20 66 66 56 28 63 58 93 37 86 61 52 41 93 9
 52 19 70 40 11 13 23 93 83 54 48 37 3 81 59 97 15 61 2 17 58 66 72 6 81 56 24 37 47 27 16 46 84 80 1 12 65 29 27 4 19 24 96 44 7 91 78 26 65 10 13 10 93 21 41 86 22 94 91 79 78 58 57 91 25 36 43 73 12 28 38 11 74 47 14 82 18 41 40 44 87 4 63 90 66 41 65 21 82 29 48 70 49 1 87 69 71 55 17 8 55 93 79 28 15 74
 3 58 53 81 91 79 43 35 94 11 72 55 2 5 66 91 97 15 67 2 47 29 37 30 16 36 34 86 50 71 82 40 38 63 74 86 42 92 12 55 92 37 34 72 82 9 32 39 25 25 53 63 56 92 90 24 66 99 95 39 39 27 32 87 99 20 76 37 33 21 71 47 27 67 16 47 87 94 61 22 29 77 81 89 34 98 67 35 24 54 57 12 91 85 81 19 71 89 22 43 13 26 70 49 85 18
 45 76 72 56 94 48 81 53 59 82 84 73 48 29 68 70 38 26 11 19 100 73 41 7 90 32 66 6 27 51 51 26 53 56 71 89 70 1 56 15 79 66 87 40 89 24 89 95 23 16 1 32 82 94 94 23 82 67 2 13 34 32 96 53 81 60 20 33 4 8 17 94 90 88 59 33 67 15 63 71 9 29 99 56 60 55 37 100 95 10 83 18 47 61 9 33 43 74 67 98 38 70 70 19 24 28
 40 51 51 86 41 4 31 17 22 81 14 100 46 23 44 7 59 38 90 69 100 94 41 99 6 81 2 26 32 11 26 44 94 62 45 34 9 42 30 27 25 16 94 100 55 93 49 14 6 52 11 90 51 31 88 82 100 76 45 10 37 62 73 94 70 54 42 28 91 65 58 36 68 79 72 68 50 52 44 8 78 89 14 64 10 19 37 92 69 39 51 72 4 72 44 53 20 10 67 66 54 40 12 86 100 52
 36 44 55 9 13 42 83 63 54 88 57 52 28 56 33 91 36 66 91 6 48 43 35 45 67 71 99 31 6 84 13 90 62 8 92 4 93 37 72 57 83 32 40 58 93 30 71 5 23 88 61 65 24 18 48 19 72 30 29 81 16 67 76 89 6 11 21 6 43 5 90 21 93 69 43 65 90 25 34 33 65 62 57 7 94 18 60 96 39 16 11 92 76 57 85 9 8 28 29 6 56 94 23 91 39 49
 2 70 91 19 38 3 93 75 74 70 45 41 95 61 46 46 3 23 71 87 53 72 8 94 25 15 23 83 39 74 69 25 87 24 18 47 19 9 86 37 91 25 78 41 46 33 91 72 63 85 14 82 79 15 26 10 86 4 88 28 14 84 60 32 42 15 97 68 31 87 11 41 51 54 72 24 47 41 65 5 21 50 55 9 1 45 93 61 67 26 35 92 19 46 53 76 68 34 81 90 23 53 58 23 57 92
 74 74 66 42 24 38 21 41 45 55 63 91 7 29 47 48 96 59 29 7 48 13 76 11 4 54 13 24 59 19 42 84 19 15 22 63 35 2 17 24 99 39 15 76 13 93 73 24 67 23 83 27 51 82 79 50 47 31 36 25 9 38 4 63 98 73 51 80 98 43 90 89 5 71 11 5 7 73 36 88 40 16 26 93 99 47 68 40 92 6 15 80 17 47 39 99 51 42 92 46 10 65 81 63 55 76
 38 68 42 97 96 87 95 22 96 34 14 77 49 42 5 95 87 26 63 15 27 99 51 44 43 93 28 65 55 2 20 51 65 94 4 67 58 36 27 13 8 62 27 34 11 1 54 32 64 90 30 14 96 29 56 28 6 48 63 45 67 79 61 48 89 95 8 54 6 43 26 68 90 54 11 22 89 28 64 98 49 37 43 45 40 88 37 16 99 96 26 33 70 79 35 76 41 85 70 53 100 93 40 90 93 45
 53 71 49 70 58 88 53 85 82 17 83 39 40 18 32 4 25 46 33 94 59 4 51 65 40 85 90 94 69 90 62 85 70 24 100 52 100 36 84 41 80 72 88 33 42 19 69 70 34 46 71 83 1 19 10 77 17 69 71 16 20 52 78 82 50 30 86 40 98 11 43 70 53 14 81 27 41 60 96 37 12 83 25 4 59 59 83 50 15 16 86 89 70 94 27 63 6 4 24 29 97 55 16 51 95 75
 86 65 49 22 7 27 1 92 76 4 2 78 45 11 62 54 51 33 61 62 42 59 37 63 65 93 40 94 9 13 48 12 17 80 90 7 81 40 13 18 79 38 69 9 6 59 1 70 99 69 87 97 55 63 83 67 41 75 12 44 12 36 100 7 35 37 71 41 17 88 90 46 1 73 75 61 17 59 76 17 79 66 30 3 40 12 1 64 82 74 11 91 96 60 19 3 98 75 37 52 24 12 46 28 21 29
 49 66 47 10 82 94 8 59 86 99 20 53 31 49 6 46 12 63 22 69 47 6 77 34 85 27 87 60 26 71 72 53 22 24 18 83 4 86 12 32 72 82 9 49 3 6 62 75 1 58 14 4 60 89 79 53 80 68 33 4 97 92 34 31 39 72 27 81 47 81 46 14 10 48 75 8 19 29 16 24 73 87 96 85 42 50 79 30 9 17 28 48 86 66 43 63 89 36 60 55 46 61 61 83 33 96
 6 79 73 52 68 93 38 80 87 88 12 88 19 1 61 10 67 48 10 63 68 39 76 73 7 78 9 78 64 73 78 62 72 68 80 3 70 29 6 55 41 34 45 18 17 22 39 76 89 65 16 92 2 91 18 66 64 38 94 48 13 91 84 78 66 25 79 38 89 41 47 60 11 90 100 91 41 31 74 7 67 72 92 92 75 81 95 60 6 56 87 13 69 30 82 37 6 22 41 1 8 82 70 100 75 45
 6 99 90 45 4 59 70 60 45 13 65 95 5 22 27 62 61 96 95 49 5 74 61 87 25 90 8 62 10 72 58 38 27 49 47 64 84 55 58 70 99 87 44 95 70 45 99 36 71 33 72 80 22 20 71 66 4 33 41 3 22 72 65 60 99 83 11 94 47 5 89 23 91 50 58 75 52 51 99 90 53 50 50 50 63 51 50 78 41 88 56 61 31 81 75 43 63 99 41 45 90 56 56 87 22 58
 99 70 73 18 63 73 19 20 49 5 90 73 78 85 24 82 28 70 22 85 73 17 13 29 80 22 88 13 60 43 37 57 37 61 40 67 66 11 19 90 12 91 61 77 99 50 30 75 78 22 32 88 1 28 67 2 84 10 88 81 56 56 2 56 37 4 44 72 35 55 30 37 95 45 62 40 12 2 65 13 70 76 100 93 97 60 79 65 53 53 88 16 41 62 69 36 92 46 35 82 96 16 92 13 51 56
 28 96 41 36 97 80 62 68 26 76 96 69 28 33 64 36 62 8 50 42 9 84 59 58 72 90 87 35 91 56 60 77 5 50 9 24 14 25 17 94 20 40 42 61 48 62 48 8 10 82 68 82 57 23 23 77 73 100 44 32 92 65 94 79 70 8 52 93 62 61 98 36 67 59 82 8 45 80 97 48 59 5 84 10 1 60 34 71 76 100 85 84 76 99 21 93 92 77 67 64 8 11 1 35 95 74
 56 6 65 5 24 54 80 45 80 75 37 62 90 43 37 6 14 37 15 8 25 16 29 79 82 34 83 94 82 12 94 82 60 54 63 31 83 86 58 90 27 2 33 65 94 92 1 51 4 36 3 59 43 45 37 23 69 28 22 28 71 54 66 82 19 14 34 8 32 68 55 51 67 66 83 35 43 34 7 17 52 36 13 62 69 31 69 94 90 76 6 87 95 94 91 75 1 31 98 88 49 10 49 98 96 5
 22 80 66 15 81 44 21 87 18 89 39 28 55 36 43 58 25 98 62 91 89 2 17 13 54 5 41 67 48 4 77 90 74 98 13 49 19 30 90 10 95 74 16 78 78 100 71 23 98 18 100 38 60 19 8 18 77 94 14 27 10 35 77 67 82 5 50 21 98 58 8 100 11 33 23 24 82 18 41 76 82 13 91 44 81 94 31 89 42 52 25 69 80 59 75 47 89 22 2 94 51 22 79 37 36 36
 52 29 82 32 90 98 80 65 28 12 44 72 44 95 17 87 87 58 70 96 93 87 40 48 85 45 87 50 63 55 47 97 31 56 79 68 97 62 1 92 59 12 73 68 49 21 48 38 90 95 50 15 72 97 92 83 29 56 84 72 75 15 6 46 100 13 13 92 82 22 88 73 30 35 92 63 19 31 4 38 70 68 79 93 54 100 41 41 43 94 53 11 9 77 64 18 2 28 9 56 99 48 38 100 24 10
 48 20 14 14 26 10 92 22 46 50 69 70 74 91 38 7 44 85 75 75 94 53 33 7 47 16 49 88 32 61 50 24 46 19 73 34 99 23 93 49 7 16 11 99 25 48 29 5 77 31 36 35 86 35 41 25 11 18 62 26 41 2 92 27 94 52 13 23 81 43 10 20 24 20 40 71 53 25 7 5 54 13 78 27 85 91 1 56 33 68 20 44 45 21 7 35 91 84 40 58 12 76 77 29 6 9
 53 95 25 74 90 34 73 24 80 10 70 66 30 22 70 78 43 14 41 95 54 8 66 95 10 92 75 75 99 74 93 75 39 27 2 46 4 100 78 54 88 41 91 40 11 94 76 84 37 41 100 65 22 1 6 89 71 76 100 77 40 3 37 74 85 32 62 84 31 41 22 22 57 22 48 38 56 9 5 88 32 57 28 65 84 52 1 98 82 58 28 50 35 21 99 26 2 32 32 38 39 28 27 33 32 7
 36 12 82 92 31 91 25 42 20 90 98 67 8 51 5 53 86 11 63 39 89 59 61 31 31 96 31 92 78 10 50 61 43 46 28 72 1 1 60 32 47 1 87 44 49 32 36 29 70 9 77 63 3 31 48 72 38 69 84 37 93 49 41 74 12 30 65 24 84 25 65 72 35 27 25 60 41 87 12 41 89 94 2 64 69 40 2 19 20 43 91 8 50 4 30 20 22 18 39 31 83 46 80 28 7 50
 18 3 16 17 38 31 66 66 65 9 63 97 64 90 53 53 74 79 23 26 25 91 6 1 49 37 66 40 90 63 34 55 1 26 59 37 91 52 47 84 86 61 91 45 19 6 23 9 70 48 71 20 13 16 87 5 26 85 14 99 8 62 56 29 72 23 99 52 81 78 55 65 48 41 54 60 74 63 48 38 50 95 34 2 10 37 80 33 12 84 98 35 9 49 80 51 27 71 17 78 60 92 96 35 80 24
 16 35 98 76 16 67 23 84 40 35 87 9 84 14 39 55 58 91 24 15 49 45 36 71 42 27 30 29 79 75 33 61 28 7 52 92 57 84 17 54 95 45 95 15 84 34 60 21 42 48 96 62 7 65 8 33 51 33 48 64 92 75 15 8 47 51 69 38 62 42 64 53 48 3 6 69 30 31 79 29 95 47 71 55 38 61 42 96 97 26 87 14 86 94 80 57 44 16 56 27 93 69 12 36 66 95
 75 32 94 2 70 66 36 40 100 96 44 55 84 92 92 85 88 57 35 54 66 88 82 32 5 87 87 4 61 74 89 97 52 46 15 63 52 30 78 20 14 52 99 62 5 78 73 58 57 93 22 41 81 55 40 53 98 86 12 72 67 6 84 75 67 33 74 67 87 80 53 32 45 59 68 86 66 97 88 78 86 80 44 26 85 44 16 25 90 95 8 14 33 84 53 96 99 11 82 67 40 23 50 15 55 6
 51 69 29 61 68 56 22 1 27 89 18 86 51 80 44 3 85 80 96 86 34 19 16 97 24 18 40 73 42 62 68 5 70 90 96 54 16 67 62 85 75 12 13 90 70 6 56 19 83 7 92 86 87 69 18 60 88 71 43 7 13 40 56 55 41 52 88 21 10 54 87 79 57 4 81 87 95 80 3 18 98 12 86 43 94 76 3 18 81 75 24 43 19 79 84 54 95 34 95 4 40 39 41 31 14 100
 94 57 83 90 75 33 45 79 78 13 72 70 77 61 84 76 70 7 59 82 95 100 87 27 19 64 28 81 100 25 67 30 69 25 33 20 20 8 88 87 68 3 35 79 31 67 63 9 31 84 39 12 93 86 86 91 28 23 12 49 77 77 64 4 67 19 70 98 74 75 10 15 10 25 67 98 12 82 58 96 11 43 53 94 22 88 46 17 31 61 30 47 72 89 19 80 3 26 13 85 16 6 97 15 40 62
 1592 8689 5107 9388 5064 4223 8993 5251 7007 8047 7991 4182 8091 6100 2504 4226 3340 9395 1765 6300 5514 8800 3442 8209 5332 5161 102 2081 675 8122 3820 2193 9938 123 1747 3738 10042 8500 8198 2873 4775 350 7464 2513 1988 3665 4782 8210 3681 743 7701 10324 7669 5128 2488 10209 4989 4842 9338 1588 8096 1171 3954 7356 337 236 6510 4523 7674 7895 7615 7998 6254 2143 8818 1121 4622 10395 8197 6850 2078 682 8987 5195 780 6347 125 6086 10438 54 9899 10248 8528 5277 984 5887 4518 9027