92 121
 80 68 26 25 5 82 11 25 47 46 84 17 97 47 55 3 29 99 48 87 3 86 69 38 10 62 72 42 75 12 32 50 91 80 84 5 30 39 64 5 83 8 41 88 62 80 42 7 43 17 52 79 33 48 96 2 97 48 99 14 38 14 2 32 70 66 70 88 72 29 74 74 20 27 47 17 30 73 33 60 49 23 1 92 22 19 87 60 23 8 71 77
 4 46 81 10 85 52 9 19 78 89 56 67 95 36 81 34 68 69 6 39 81 93 69 98 64 40 84 33 73 29 50 8 64 28 59 95 13 95 36 56 65 28 88 9 76 12 81 69 10 86 10 41 54 5 45 56 66 50 2 60 5 54 13 40 42 2 51 48 3 53 70 9 38 95 4 66 1 99 45 25 4 36 89 57 27 67 32 1 73 99 37 38
 91 33 6 86 46 97 88 91 55 100 25 61 37 89 24 25 27 68 19 8 16 26 94 7 52 43 87 38 86 14 5 70 87 44 36 19 34 14 84 99 26 11 70 58 87 56 56 88 89 79 42 97 57 90 69 41 47 5 7 89 35 52 44 10 28 45 1 21 36 42 53 69 37 91 15 25 36 45 26 14 11 74 30 49 79 97 13 87 70 26 96 9
 41 71 16 34 73 14 12 17 81 89 85 13 44 2 97 59 9 68 60 78 28 9 86 72 41 83 25 55 70 100 69 87 22 89 94 42 68 18 8 88 7 78 6 65 12 69 40 13 63 9 66 92 90 32 100 51 38 38 85 93 52 93 48 62 73 41 84 31 72 71 69 34 73 45 91 63 58 52 8 7 94 68 11 37 98 90 96 56 98 51 27 53
 83 28 82 23 13 22 5 47 25 18 6 88 5 93 57 82 60 5 6 83 3 49 57 61 68 34 68 24 66 61 98 6 96 79 94 63 99 42 5 27 53 47 32 36 75 77 82 18 45 88 5 35 96 53 24 98 41 38 68 16 43 15 24 51 81 80 84 93 83 4 25 3 42 95 42 45 8 80 22 25 100 80 97 18 87 70 21 76 86 87 16 53
 90 61 92 93 79 65 54 1 31 12 53 48 74 96 37 87 86 49 18 38 49 64 17 7 57 15 35 65 66 82 88 55 11 14 87 91 78 47 23 89 94 11 85 31 93 26 17 7 9 95 4 37 21 9 18 14 12 56 66 25 73 55 45 34 93 31 29 72 94 78 65 97 51 100 58 7 83 31 77 98 47 14 70 90 36 30 59 71 18 51 90 19
 72 6 6 51 95 76 51 8 84 10 50 26 34 60 48 44 7 62 100 5 77 78 77 38 54 28 20 60 49 11 99 55 46 81 64 62 100 93 41 1 91 18 20 47 73 73 23 56 95 38 17 76 75 28 64 67 74 19 53 75 87 44 98 36 24 82 100 96 5 68 13 43 26 47 79 39 30 87 20 58 73 72 32 90 45 51 74 37 12 68 5 88
 69 49 33 58 78 34 95 89 51 96 96 83 58 23 20 11 52 97 99 86 68 89 90 90 25 100 77 36 84 99 31 38 15 46 74 24 79 44 29 75 10 16 92 26 30 80 81 17 51 66 69 21 2 23 66 81 48 99 54 75 100 71 52 52 75 86 15 83 98 20 94 79 26 44 66 3 33 68 27 53 72 57 7 62 57 3 59 35 75 9 73 8
 23 67 65 21 74 44 83 13 9 46 12 34 4 20 45 28 85 65 10 20 96 5 59 76 4 98 11 7 84 89 75 36 96 46 76 42 52 10 88 93 72 3 76 66 76 48 12 99 94 29 1 92 2 86 90 75 100 77 8 10 16 29 94 28 79 38 3 3 48 59 52 40 60 6 96 35 18 74 80 53 20 34 75 6 74 42 54 94 97 100 29 1
 21 50 10 75 85 97 63 62 85 37 15 10 13 14 58 66 11 36 30 91 74 92 47 100 53 60 59 63 96 55 7 45 95 54 100 45 98 39 53 58 78 89 12 19 77 59 45 49 5 34 100 96 94 40 40 81 23 7 26 57 64 75 61 95 60 78 20 62 80 53 64 68 86 21 15 78 29 5 30 79 47 48 5 81 9 61 57 2 75 95 50 27
 35 41 28 49 48 42 25 75 63 99 1 72 13 87 2 45 75 20 49 23 33 41 9 36 5 43 36 23 86 46 28 29 50 91 9 12 77 22 12 84 8 87 76 56 90 77 24 77 14 8 79 96 64 65 34 10 54 5 70 48 55 62 66 94 68 62 97 56 52 24 54 34 98 45 27 31 55 11 76 39 2 65 21 45 38 28 9 9 47 97 10 31
 15 50 3 59 57 36 38 65 61 90 43 69 9 58 51 33 100 63 2 30 53 67 100 14 80 14 94 1 16 44 77 80 77 21 41 13 79 81 83 30 83 22 18 72 66 15 55 35 57 99 91 36 95 15 19 26 17 80 64 2 34 54 74 70 54 78 30 58 21 91 98 80 21 46 16 14 54 93 55 80 3 43 20 30 41 28 44 45 16 6 13 68
 82 45 83 31 72 42 25 74 86 41 17 39 85 75 72 81 53 64 85 49 22 5 95 55 39 55 59 42 8 4 37 3 91 6 49 54 25 35 37 91 82 1 60 51 4 63 6 84 48 84 76 45 41 11 70 18 63 77 46 57 65 70 44 73 87 59 31 21 30 38 76 25 3 58 57 99 25 82 16 48 29 60 34 11 88 14 11 11 88 76 99 60
 4 26 70 9 89 79 76 53 57 84 15 1 34 54 79 33 19 59 54 81 71 78 41 53 93 64 26 56 63 1 17 67 95 32 6 47 11 91 50 77 61 13 30 8 26 88 99 31 16 81 47 36 90 42 74 38 92 46 65 49 68 37 54 84 92 91 59 34 51 25 92 52 97 23 100 46 11 6 87 51 44 85 97 40 94 47 50 54 21 82 21 41
 57 48 35 54 22 3 87 67 37 56 66 21 38 34 89 24 22 84 67 76 62 26 33 1 86 87 55 4 88 74 51 5 61 8 28 66 54 6 28 83 81 97 32 83 80 3 88 64 12 20 90 68 2 13 97 52 32 22 36 1 52 63 70 8 54 91 61 88 64 19 65 64 91 17 11 89 79 95 30 27 83 20 39 34 37 1 18 98 84 93 95 53
 87 40 31 59 29 40 14 20 5 35 39 54 71 14 48 94 71 39 79 96 28 76 73 15 39 15 41 60 69 89 96 9 69 72 84 69 72 67 82 80 85 96 42 48 11 25 29 87 75 90 75 14 39 99 19 70 33 86 65 39 44 59 15 81 40 70 85 10 91 77 37 8 21 68 50 5 41 61 35 46 78 93 45 22 71 2 33 48 73 6 94 99
 46 43 20 19 89 27 39 82 8 2 64 88 17 40 15 96 38 33 95 92 73 94 53 11 59 5 19 55 90 41 68 69 9 84 24 44 54 61 58 63 55 58 15 71 22 29 36 55 5 85 37 87 25 40 80 62 21 72 68 84 37 67 75 57 85 80 58 79 3 64 80 61 35 60 9 90 97 18 44 72 33 26 98 69 29 81 48 81 49 36 54 5
 85 7 16 24 98 30 84 46 23 84 40 64 84 12 99 80 43 93 59 58 66 11 73 26 73 91 20 86 42 76 51 4 16 47 65 16 42 96 41 26 26 53 68 74 88 62 91 50 1 32 38 69 46 33 47 10 31 44 100 12 62 83 76 61 16 41 53 15 50 60 70 26 67 27 29 33 79 19 62 95 89 56 96 67 82 22 78 61 37 61 30 69
 88 69 57 98 96 35 31 31 55 24 77 19 62 97 54 99 49 75 1 10 28 98 89 14 47 64 59 58 63 34 71 33 88 9 69 69 29 64 53 48 27 93 11 49 99 33 42 56 50 41 32 98 94 88 68 28 51 93 86 53 96 47 24 37 65 26 86 85 88 31 63 62 87 70 75 9 84 52 35 49 71 100 55 14 55 76 64 14 1 74 77 32
 65 38 28 48 66 100 66 68 80 82 50 86 88 15 5 48 53 38 62 96 15 70 62 6 18 89 93 93 72 50 68 94 17 22 83 28 82 8 81 29 9 93 47 81 8 44 11 67 79 59 41 49 24 32 86 9 2 73 35 33 2 33 10 39 31 56 75 100 66 95 88 23 49 70 16 58 68 56 53 43 3 94 19 21 54 17 45 61 29 88 26 40
 77 3 53 60 90 80 48 44 4 25 26 31 34 3 55 16 85 94 12 56 56 36 17 76 69 95 62 25 3 66 93 58 1 68 32 49 45 14 62 68 58 77 24 79 36 24 71 50 53 38 74 94 70 21 99 2 99 20 92 65 14 55 54 12 54 74 4 70 41 37 84 98 79 28 75 17 3 84 87 32 41 57 78 25 48 84 38 60 86 26 81 67
 22 26 72 99 38 5 18 47 41 8 70 3 37 17 69 56 66 89 85 14 11 21 71 47 25 73 2 62 44 98 44 66 87 91 22 38 9 77 25 49 65 2 83 60 83 22 35 89 3 53 35 96 23 18 83 73 11 48 38 2 70 100 67 45 79 60 69 55 16 25 37 25 15 2 15 70 20 35 35 32 24 24 82 64 55 65 79 3 47 37 68 76
 72 4 80 41 79 53 88 99 13 30 44 92 90 16 85 26 82 98 59 11 67 60 67 57 37 49 89 23 9 91 5 37 67 19 6 47 37 41 100 19 43 5 45 27 10 50 71 88 75 17 92 70 37 32 94 35 92 70 53 53 2 80 1 60 62 81 2 96 71 49 45 1 84 9 18 21 97 21 24 80 70 96 77 56 23 100 65 69 30 47 37 87
 1 92 46 19 21 35 8 76 34 76 54 32 34 61 62 26 89 32 16 86 3 1 54 36 34 15 65 35 29 58 53 75 35 6 84 13 39 65 22 88 30 71 77 37 98 21 93 100 79 35 71 69 9 78 7 40 75 53 16 22 25 75 60 33 39 89 76 19 47 47 57 85 98 12 6 41 80 59 5 95 17 95 6 71 92 32 62 73 93 20 15 19
 95 85 33 60 29 84 100 59 95 91 24 80 55 39 96 77 20 63 52 33 55 89 73 77 70 39 42 86 52 21 70 89 6 41 78 80 83 49 46 80 75 45 21 80 65 47 64 21 86 45 4 97 38 45 12 6 7 54 26 85 53 87 93 4 70 85 73 86 87 9 63 7 100 76 21 38 25 24 78 96 83 39 59 90 80 49 52 42 33 43 69 81
 4 70 63 85 61 88 57 45 19 29 55 22 15 16 6 6 96 52 62 7 52 19 67 65 6 64 23 55 63 68 63 46 28 30 85 87 25 66 78 99 46 24 24 15 57 39 80 42 68 8 46 100 44 27 35 49 45 53 75 56 31 100 62 77 42 80 54 46 16 9 54 33 31 95 82 43 56 74 95 59 6 70 53 52 46 32 31 22 68 88 63 52
 58 81 1 96 6 78 2 15 16 32 63 68 86 30 31 64 65 60 87 89 6 42 17 16 37 65 53 6 15 90 85 55 88 13 69 29 53 34 50 82 50 58 96 42 2 95 78 20 6 70 97 17 37 87 12 20 98 14 1 2 96 15 49 19 63 42 84 84 66 64 1 28 70 64 59 52 9 86 63 76 76 14 38 6 39 31 28 75 94 10 18 8
 86 91 5 59 65 57 76 9 33 34 83 78 50 34 67 70 70 65 22 70 47 63 26 67 41 73 19 64 25 27 13 12 94 84 87 96 46 76 69 28 94 37 49 45 77 3 58 72 74 62 61 28 59 48 77 83 66 59 67 77 83 11 41 90 59 97 68 6 97 97 59 38 28 83 78 41 78 33 95 7 95 50 12 56 12 74 82 28 69 99 54 58
 14 38 51 22 72 19 13 75 50 51 14 92 81 66 33 13 4 46 4 38 76 43 45 2 18 12 25 13 57 62 30 40 17 81 99 7 97 25 58 31 41 64 30 68 73 19 6 85 16 73 36 1 65 87 20 64 99 30 61 25 2 48 81 7 79 93 32 91 40 23 31 13 3 83 57 39 10 57 17 16 15 66 87 5 21 54 23 63 16 89 22 24
 94 51 18 32 99 82 77 22 47 27 23 23 8 38 49 92 55 44 27 85 16 48 95 38 82 56 54 22 75 18 92 98 55 27 93 70 8 19 67 55 85 52 71 87 83 50 16 21 69 6 38 7 95 95 66 98 25 69 19 4 70 17 59 93 72 23 4 90 67 49 34 13 71 44 26 18 73 49 30 39 96 62 41 85 53 88 64 76 24 32 4 17
 29 84 78 69 98 76 85 29 43 80 52 72 83 34 57 75 36 30 76 16 3 13 12 88 74 55 28 56 42 13 94 96 99 96 11 95 12 54 46 76 50 55 4 44 99 4 61 82 69 61 1 85 90 96 3 48 51 20 2 21 22 57 80 54 56 3 14 47 99 23 46 15 82 18 41 20 39 43 50 97 79 55 44 86 65 28 34 33 48 7 74 36
 20 81 60 84 89 5 22 73 18 47 88 40 76 88 57 8 48 73 9 2 81 30 59 7 67 87 74 13 34 88 76 65 84 24 96 93 95 98 39 83 43 1 88 43 80 61 22 44 16 64 23 35 2 13 89 7 93 50 64 31 99 35 13 94 86 80 40 68 21 17 44 82 48 69 92 57 84 87 15 27 66 75 35 16 24 24 38 68 23 95 8 33
 24 86 11 54 75 58 85 52 91 45 25 7 82 10 42 32 13 43 44 50 56 5 44 15 27 92 30 6 87 11 79 23 72 6 60 38 76 42 53 20 66 81 99 16 25 69 21 6 27 47 79 8 57 85 99 20 64 78 75 17 67 23 16 82 53 39 3 10 79 23 57 23 21 30 77 67 89 38 34 91 40 98 93 59 54 98 80 56 32 17 85 72
 2 91 88 47 26 93 29 4 61 38 23 80 82 87 80 8 29 16 2 89 57 51 93 69 50 15 95 28 44 62 73 77 9 62 90 34 38 21 54 60 90 98 96 32 90 96 39 8 73 72 15 9 90 44 40 25 49 21 5 46 43 36 99 8 78 96 52 83 85 62 62 34 9 45 96 72 46 11 46 49 63 56 82 31 36 48 96 78 8 85 69 51
 48 65 33 29 20 95 45 45 7 45 54 42 96 81 29 56 73 11 66 1 100 92 31 36 13 62 17 13 31 55 82 92 90 73 29 14 52 28 35 90 12 70 15 11 49 38 89 45 21 55 51 52 49 84 44 66 38 27 76 73 12 51 86 4 62 83 65 23 53 21 60 31 22 84 22 16 2 69 15 92 42 96 66 99 87 35 89 23 60 18 95 53
 62 28 68 49 42 67 93 24 63 10 81 18 15 84 18 49 42 84 22 19 63 9 93 63 9 23 35 85 78 39 83 13 59 74 30 99 59 1 45 53 64 33 56 33 74 1 29 60 51 5 7 75 62 43 41 72 20 82 91 8 62 95 57 57 7 91 19 57 70 45 69 86 26 90 91 85 87 13 87 7 7 18 33 22 81 91 44 11 78 66 62 41
 47 1 14 41 34 78 3 74 49 46 47 70 42 77 88 76 64 79 49 100 19 10 95 42 37 88 91 9 26 66 38 24 12 11 100 65 99 34 49 40 62 67 40 34 32 99 84 60 59 34 87 11 2 4 8 58 39 20 62 53 60 97 46 20 60 53 34 88 13 65 44 38 60 71 90 16 10 49 99 60 15 19 10 24 78 58 28 52 76 36 99 58
 93 48 16 8 25 77 84 8 93 55 79 21 48 56 60 54 64 63 1 60 70 48 17 83 47 68 41 34 40 42 44 47 69 46 80 54 64 32 88 92 1 56 30 25 23 84 4 4 98 53 4 33 48 30 57 36 44 32 18 57 73 33 78 5 95 19 63 19 57 24 24 8 93 55 42 93 3 94 59 14 10 18 71 79 37 58 4 57 57 44 39 30
 46 59 46 38 32 26 21 56 52 46 36 46 55 95 48 83 61 77 46 97 30 99 50 80 65 17 57 85 29 79 38 8 82 26 80 32 88 79 18 50 65 24 79 95 7 84 93 84 22 39 92 90 37 17 83 2 36 4 84 46 49 66 29 52 77 25 66 56 70 20 23 33 5 82 62 29 85 89 42 81 100 96 40 18 51 33 92 34 92 46 48 47
 39 92 47 41 88 45 37 91 20 98 73 28 34 46 97 87 100 22 41 51 94 20 70 21 13 30 83 36 26 1 91 26 95 5 73 84 16 33 6 9 97 61 92 27 3 21 10 12 74 89 24 26 58 68 10 53 44 15 51 33 58 74 78 63 53 53 44 100 4 11 23 3 78 52 46 8 55 1 60 23 31 60 34 7 51 81 36 72 3 57 49 80
 34 55 43 52 88 59 2 62 42 25 51 30 30 100 82 78 13 86 80 26 7 68 88 45 48 70 7 20 85 76 47 23 42 42 50 41 19 34 62 10 37 39 25 49 87 95 97 55 19 46 88 90 11 87 31 91 69 15 53 80 64 77 60 37 50 23 42 17 33 51 27 14 54 79 78 87 17 80 73 3 19 11 48 37 53 95 14 33 45 62 37 4
 90 80 61 51 33 83 15 14 3 48 17 5 26 47 87 2 43 6 80 37 74 27 55 27 70 49 43 59 54 3 51 39 16 47 46 51 5 79 84 25 61 92 91 18 70 60 99 34 13 65 52 79 97 88 65 60 3 54 83 3 88 63 95 59 37 37 26 13 54 59 57 44 4 88 90 77 65 46 66 12 8 54 16 100 71 37 39 93 95 78 95 2
 49 75 40 41 90 42 96 66 21 43 70 55 71 84 97 85 75 27 4 15 51 12 71 89 86 48 62 40 19 54 81 62 72 87 3 20 45 31 92 38 56 66 40 68 26 76 68 74 93 68 87 87 27 78 57 36 21 50 88 13 49 95 20 16 6 21 15 90 29 78 99 61 98 74 58 18 97 92 93 69 19 42 76 93 44 74 75 17 4 43 70 56
 72 94 74 61 56 15 62 87 75 60 8 24 89 49 14 54 59 97 30 95 52 2 5 74 84 91 34 59 38 45 69 92 80 50 55 72 64 29 48 40 34 52 18 45 64 98 22 32 89 86 20 83 9 74 42 77 94 7 59 46 1 82 56 62 14 26 79 55 10 19 5 89 10 91 61 84 77 6 74 40 90 57 20 57 75 23 28 62 30 55 91 48
 82 33 11 35 66 95 56 18 45 68 54 60 89 7 40 29 91 9 76 49 14 73 86 97 47 23 83 28 60 73 92 36 21 19 57 80 2 79 78 86 90 2 37 14 37 64 18 5 19 16 58 43 8 68 80 58 13 40 20 56 72 35 66 33 15 16 36 18 70 84 48 95 25 82 86 63 8 3 92 91 6 84 77 24 90 82 37 73 81 4 94 27
 90 63 24 81 86 76 23 46 21 67 2 52 82 63 69 30 80 65 5 65 27 81 10 45 63 8 56 20 14 100 89 1 67 75 53 53 97 96 85 36 26 15 94 76 95 65 1 43 39 87 15 1 2 46 22 49 37 34 25 36 57 13 36 86 14 3 26 64 65 31 47 99 4 95 100 62 74 15 19 21 15 98 96 69 53 32 19 43 100 30 82 40
 80 36 3 22 27 60 9 1 4 44 73 59 6 64 48 74 30 60 91 31 29 73 2 74 21 83 48 52 7 13 59 91 52 9 69 26 82 61 66 53 45 77 73 5 43 7 18 11 3 94 34 36 58 69 16 79 43 56 69 38 96 12 84 26 43 25 96 96 94 84 89 86 37 34 66 46 78 56 70 60 33 50 97 2 63 90 74 18 94 8 29 100
 71 87 10 50 2 66 30 61 94 73 72 75 81 95 100 13 100 59 55 24 9 72 28 30 9 16 81 91 30 80 35 3 53 48 97 92 82 12 57 65 93 13 31 93 73 86 72 10 50 79 50 96 11 51 66 69 86 17 44 32 53 53 48 57 25 86 100 85 62 48 79 18 96 72 44 25 2 88 93 81 21 6 59 69 57 66 55 4 32 30 2 11
 34 8 17 81 82 46 10 5 17 84 28 86 43 35 81 40 76 14 78 3 45 96 16 39 49 36 30 19 86 5 1 84 61 14 28 73 43 58 69 46 76 15 50 59 91 61 18 33 2 86 15 52 11 55 33 78 90 72 10 99 73 81 8 8 43 45 64 56 64 70 97 72 87 82 67 19 63 90 31 81 32 42 82 74 50 57 88 25 31 75 45 20
 80 89 47 33 93 22 65 5 74 52 68 93 6 52 7 67 56 67 82 12 55 28 37 69 61 81 85 94 83 99 30 76 20 35 65 49 18 100 28 68 24 54 31 57 66 14 22 14 40 7 64 80 79 38 43 97 35 36 19 94 85 39 71 6 74 71 95 59 81 91 41 36 67 75 38 7 77 68 21 98 54 47 75 20 24 50 2 78 20 71 92 82
 79 42 11 14 31 38 50 26 87 17 31 43 55 51 75 88 65 35 43 54 32 57 27 78 35 29 100 63 91 77 27 20 62 19 16 74 63 22 80 23 51 26 70 7 38 74 78 100 66 24 15 98 60 23 5 84 22 45 22 91 56 27 52 43 50 19 44 73 46 4 95 85 39 92 71 32 17 78 63 84 6 96 83 90 19 42 99 37 43 94 22 17
 29 40 95 37 35 59 15 7 89 29 90 91 68 61 53 27 55 5 72 10 57 74 6 15 3 71 83 52 10 13 96 51 84 37 60 18 5 14 1 19 71 44 90 60 75 51 37 27 40 18 85 18 90 75 84 98 66 4 80 17 43 94 89 15 36 5 11 98 12 15 95 24 84 17 80 17 12 88 94 47 65 68 93 69 40 77 89 4 12 73 70 100
 100 36 33 76 94 85 29 41 47 43 94 54 70 26 61 77 100 72 39 68 75 6 56 32 91 73 82 71 54 88 11 26 3 10 81 63 38 92 85 89 97 26 41 55 40 63 41 45 4 77 61 86 30 61 80 95 91 23 52 93 38 72 93 4 32 85 81 39 18 99 39 33 62 49 19 70 33 70 63 74 79 13 73 54 95 12 5 96 62 47 1 12
 66 11 86 28 72 5 65 42 70 67 45 75 22 100 33 17 40 16 60 78 84 7 17 12 43 80 13 19 96 70 39 91 2 100 25 80 51 77 94 48 61 22 24 1 35 38 95 57 76 41 51 54 72 67 80 78 25 58 67 16 29 42 18 24 30 8 9 54 2 88 82 1 94 69 73 79 48 84 87 81 57 51 81 29 18 73 83 88 81 92 8 82
 96 80 78 77 39 98 27 45 38 5 15 3 81 27 10 89 3 32 96 29 84 99 5 27 48 24 59 32 57 39 54 49 92 40 59 13 54 26 31 73 94 9 36 61 42 49 83 55 85 55 66 86 66 8 14 55 27 50 89 46 28 56 43 41 15 73 23 19 83 12 76 74 95 49 20 85 14 1 42 99 85 28 31 94 28 5 16 19 99 33 11 90
 77 20 17 85 11 46 87 85 38 64 37 26 8 3 51 27 32 66 40 80 4 80 42 34 22 100 48 50 10 69 34 21 14 43 19 96 8 8 63 37 68 6 68 97 11 55 66 40 50 65 92 95 31 87 24 4 84 13 32 18 78 54 90 61 16 100 98 24 3 53 73 26 28 8 39 71 31 19 96 76 1 17 43 87 20 3 22 39 70 34 96 99
 9 66 57 4 34 60 23 83 23 69 33 83 45 40 49 33 74 67 12 89 11 94 22 99 93 2 59 28 7 40 61 84 71 18 65 1 79 24 38 37 15 38 32 92 32 41 88 58 53 11 97 16 10 87 49 95 52 77 42 35 81 97 53 64 13 33 1 91 8 23 7 47 39 28 83 64 41 19 34 16 64 66 73 5 9 56 12 99 51 78 71 59
 60 71 26 80 64 30 60 87 48 96 26 59 21 35 17 27 16 12 30 91 79 67 67 27 94 68 12 55 82 92 35 71 65 84 58 22 29 51 29 6 44 86 86 36 38 64 60 56 29 82 70 85 32 5 85 76 70 68 71 82 33 87 25 49 36 95 51 7 61 48 47 13 13 93 45 11 64 83 81 44 94 24 72 29 99 14 12 46 27 31 2 83
 74 33 44 56 4 17 24 10 38 48 51 2 9 19 93 54 42 41 38 92 54 54 38 86 3 100 47 29 10 99 97 33 54 22 86 55 55 14 100 94 6 11 51 83 4 1 80 3 14 34 46 69 13 31 98 82 24 47 19 25 30 21 61 10 6 37 38 43 6 19 56 48 96 25 3 86 6 36 44 58 98 9 40 67 50 18 14 52 70 73 56 66
 68 57 1 82 37 19 1 90 32 7 89 26 66 38 92 10 95 97 76 72 29 88 63 21 19 22 12 69 67 21 51 11 31 9 26 100 4 10 56 67 55 8 44 87 62 10 39 78 84 65 57 68 42 65 77 46 68 9 15 90 33 21 42 95 23 58 56 26 93 95 47 13 78 9 4 89 47 41 6 99 44 95 99 3 34 18 62 57 5 89 24 67
 8 2 43 8 54 16 82 24 32 35 37 50 33 71 50 74 15 65 1 80 12 93 50 9 15 27 66 2 68 56 94 95 52 38 38 46 53 76 48 70 48 42 62 10 82 13 68 40 94 57 42 86 3 10 50 16 78 12 1 61 66 51 51 48 62 52 16 96 90 46 20 36 50 37 36 70 72 94 64 44 99 17 97 56 85 73 78 27 63 79 97 36
 45 11 75 60 54 23 5 28 47 8 68 27 55 29 75 26 52 52 69 36 99 59 1 66 63 4 28 44 63 64 42 17 100 40 42 57 15 44 21 44 44 66 90 39 13 83 69 79 33 59 29 73 89 75 35 21 42 50 23 79 100 62 36 65 82 23 9 88 81 1 37 90 12 66 23 95 21 58 28 29 21 45 22 81 74 95 50 54 77 17 86 47
 94 24 82 19 44 4 91 11 47 80 54 4 40 91 68 36 89 82 47 7 78 58 66 35 7 87 22 7 81 8 30 75 84 56 39 18 100 19 68 68 80 84 6 31 1 70 22 34 92 78 54 54 64 32 41 27 15 54 78 40 92 6 48 83 21 41 28 57 76 62 45 34 49 25 4 22 7 19 81 55 2 22 17 77 8 7 6 6 36 4 13 52
 9 5 74 2 32 94 83 14 42 89 93 8 49 5 15 79 13 88 84 27 63 80 28 74 55 12 5 50 19 56 46 51 41 39 77 89 18 90 69 91 69 80 85 80 15 36 83 91 27 64 17 4 7 57 84 45 98 44 32 30 91 39 47 70 65 74 36 28 25 96 25 47 1 43 47 98 57 66 98 92 87 9 20 9 19 15 16 78 64 67 52 7
 51 63 82 79 59 63 87 94 43 12 76 55 52 19 6 14 19 73 94 22 90 5 91 83 21 62 88 51 30 40 76 29 1 88 53 40 19 13 82 18 98 12 2 81 87 5 68 64 67 48 97 48 64 70 19 16 7 19 34 50 54 29 55 87 6 57 35 51 29 69 72 5 42 65 43 92 88 49 49 25 80 29 64 29 97 76 25 57 25 75 91 54
 95 28 59 33 32 11 64 39 46 79 27 79 67 88 34 46 61 97 44 100 26 12 77 28 47 45 16 35 28 2 22 96 93 70 18 13 77 88 54 75 67 12 70 4 14 69 93 81 100 81 88 55 94 26 86 41 75 7 96 74 71 46 63 40 19 73 91 48 6 78 100 68 57 28 90 2 10 89 64 24 4 15 12 33 85 71 27 92 14 46 72 14
 26 46 17 82 38 5 43 82 74 18 14 1 93 25 51 35 17 97 22 62 61 53 12 39 52 68 32 37 42 1 46 2 99 82 41 20 52 35 50 36 91 25 33 81 49 92 64 74 20 12 26 1 79 45 9 31 9 96 10 83 16 8 33 97 40 1 36 34 15 36 80 88 45 40 97 54 81 95 47 59 40 40 57 11 39 82 80 1 1 26 99 49
 62 40 84 12 36 81 37 83 40 53 7 76 97 94 77 25 99 100 73 63 68 81 21 90 63 84 4 29 35 24 32 93 79 54 77 51 35 7 54 26 42 29 73 19 26 43 3 32 74 59 22 28 36 100 79 83 3 24 44 76 71 9 62 69 95 46 63 56 57 64 11 4 62 60 94 48 19 94 81 73 35 38 38 25 59 69 9 16 38 50 13 16
 97 70 74 98 83 18 74 30 70 90 65 71 77 53 11 18 74 5 70 84 91 90 26 12 96 69 64 51 14 55 79 90 42 93 41 3 74 11 96 62 54 80 55 34 38 59 16 74 72 15 31 45 98 70 72 80 85 41 99 92 42 14 92 67 98 33 53 16 23 12 15 59 99 17 42 67 38 84 87 53 6 29 66 85 61 20 50 63 83 60 57 19
 63 5 22 30 87 46 19 67 79 6 36 46 22 81 56 24 46 32 9 73 6 56 49 77 15 25 62 52 50 36 92 100 98 84 45 11 87 9 51 5 69 43 14 13 65 34 100 38 54 43 90 24 17 2 42 25 44 32 61 94 92 14 97 4 56 97 26 69 88 91 19 29 45 67 97 4 69 56 98 7 25 21 74 2 68 89 52 65 55 43 30 84
 98 33 35 85 56 30 72 54 94 40 88 83 58 38 14 36 81 62 11 65 78 94 50 74 88 60 39 56 88 95 5 37 75 15 53 93 35 31 87 45 12 94 57 3 60 16 26 79 31 50 84 58 90 64 58 7 72 69 48 35 20 3 80 69 2 44 50 39 8 33 12 62 25 56 87 10 6 25 1 28 86 100 26 75 8 16 74 30 41 71 61 21
 87 12 89 88 60 38 92 18 13 54 90 61 50 84 52 1 59 35 13 84 84 39 38 47 78 96 19 92 21 46 69 45 95 2 40 65 20 21 54 10 28 22 90 49 64 68 91 59 86 83 26 97 16 88 91 47 1 82 9 98 6 70 2 66 81 17 16 61 65 68 78 82 63 2 97 28 25 28 11 50 46 11 5 20 54 83 41 93 2 95 54 88
 65 41 78 21 78 47 37 53 2 78 23 58 42 70 61 10 6 91 33 5 84 8 66 13 77 53 79 10 21 36 3 98 89 2 6 40 99 82 15 46 81 83 49 83 52 26 46 44 32 100 40 38 3 96 43 97 24 66 75 54 87 42 29 5 96 91 95 13 1 99 11 4 79 40 27 60 24 48 83 8 57 31 5 1 43 4 3 3 80 81 6 59
 94 74 96 72 53 26 12 100 22 4 13 82 5 32 50 96 76 62 95 63 39 23 71 2 58 42 4 3 42 67 50 50 25 84 80 76 38 16 31 86 26 99 6 96 50 25 7 61 15 31 93 100 41 34 63 42 70 12 45 6 70 11 65 91 16 1 6 62 46 11 56 65 39 52 35 48 36 38 34 83 18 92 86 32 20 16 65 77 18 81 53 63
 18 44 82 12 81 52 71 52 72 2 82 35 39 17 70 52 56 2 24 24 66 95 19 99 1 12 95 51 86 52 46 24 63 21 88 46 48 24 14 68 57 83 54 12 75 58 27 94 98 56 33 72 87 47 95 46 51 44 86 25 24 17 42 8 8 58 83 59 12 87 56 12 7 23 71 16 100 95 10 98 87 95 8 72 13 27 68 39 5 6 11 45
 30 79 49 53 17 88 66 14 38 5 72 93 86 53 54 50 38 80 86 31 35 33 82 33 69 22 16 11 68 83 62 35 22 2 6 21 77 100 30 21 25 64 2 15 33 87 17 84 13 21 40 35 12 82 55 96 42 70 72 67 14 3 75 68 72 69 5 47 71 30 8 13 63 15 20 59 1 49 59 25 59 37 76 37 76 43 36 76 23 93 100 25
 65 76 31 15 96 50 50 61 66 89 78 72 1 98 24 84 53 81 84 74 89 13 2 78 28 32 88 66 70 89 92 10 9 21 5 32 90 29 68 44 39 79 17 57 5 79 87 54 34 66 13 14 12 65 77 73 41 11 52 98 77 92 26 6 55 50 19 47 84 17 66 30 12 77 51 95 92 14 35 92 91 74 70 5 66 5 90 73 95 22 56 51
 4 27 57 29 10 58 39 43 4 14 42 46 94 37 44 40 8 49 58 79 16 66 65 39 9 99 51 15 50 19 82 5 63 57 12 94 19 74 71 67 28 81 4 96 38 90 24 68 95 85 69 61 24 11 47 56 75 53 88 93 74 13 76 30 14 20 50 77 58 52 82 92 47 92 48 60 76 52 76 86 2 85 6 36 75 93 26 95 31 23 10 28
 96 44 22 35 84 47 77 21 98 26 13 85 90 12 19 98 21 41 26 84 23 35 20 11 54 61 68 26 46 82 20 34 12 14 2 76 66 22 91 48 17 8 83 1 23 4 35 44 47 47 97 97 64 43 57 1 63 12 5 24 55 15 77 27 23 86 42 95 13 49 98 50 22 85 79 50 50 98 33 28 35 21 3 40 23 94 10 98 48 25 58 85
 32 39 52 83 51 92 65 51 87 16 46 58 17 3 33 13 26 84 73 58 17 72 73 82 48 79 56 82 97 21 50 83 53 45 39 64 27 76 25 84 28 20 23 23 17 75 31 48 44 14 97 95 45 60 14 32 75 20 70 80 10 92 9 41 57 32 84 75 19 94 39 40 86 32 20 74 77 99 88 71 64 100 100 50 24 99 50 52 76 9 16 12
 94 94 84 58 14 13 65 45 16 26 52 59 69 20 81 19 88 60 23 76 7 50 39 12 21 64 60 29 68 80 84 23 24 39 83 47 76 25 13 98 18 75 17 48 82 13 48 26 16 94 77 56 91 15 37 90 100 79 29 32 46 11 32 86 67 55 99 6 53 92 31 30 58 46 40 97 67 33 44 93 41 14 40 18 23 48 77 62 86 24 35 12
 36 82 91 4 57 42 44 58 72 29 48 74 32 56 53 27 4 55 94 36 38 26 63 30 100 42 8 70 96 59 43 49 17 33 18 94 50 16 71 88 18 66 26 12 88 20 97 43 69 84 27 43 45 19 84 43 69 91 43 7 77 74 85 9 80 46 87 11 56 15 82 1 27 23 45 87 66 97 3 27 88 82 42 47 50 33 67 57 75 14 79 18
 60 16 45 40 12 60 50 70 15 58 78 11 54 39 4 73 73 91 9 93 38 41 64 57 52 73 15 49 50 19 30 85 51 34 10 41 1 61 20 37 10 98 96 80 27 35 100 83 5 54 63 54 2 67 31 4 93 54 48 98 82 42 50 14 61 27 99 17 25 18 22 14 70 84 47 89 11 53 87 19 100 47 100 28 17 52 35 93 84 22 53 21
 26 57 60 14 48 95 20 3 82 52 25 29 51 54 80 53 80 80 35 49 60 75 84 95 24 38 6 41 96 17 6 47 20 85 77 96 2 98 90 90 47 32 9 6 23 33 85 88 100 73 70 77 70 41 5 15 58 54 35 13 33 36 85 15 21 95 30 89 95 23 92 70 51 51 69 57 92 52 32 14 42 91 47 49 76 79 31 30 64 75 5 73
 34 51 33 94 25 8 18 71 16 13 92 42 81 28 73 15 19 26 5 82 61 74 27 38 64 59 19 65 35 2 12 87 4 48 90 78 36 42 52 8 47 58 5 84 23 72 54 12 85 84 96 34 15 20 12 92 95 63 50 35 93 22 22 80 30 16 83 2 96 29 14 37 16 46 36 16 23 75 98 97 14 2 44 46 30 36 71 51 11 1 53 75
 30 96 21 82 43 100 39 92 50 52 64 81 95 50 18 37 16 11 99 52 32 49 76 98 37 61 23 26 2 66 29 11 100 50 100 95 97 30 41 16 28 51 85 94 95 79 96 22 19 34 43 100 29 15 77 8 80 89 13 17 85 44 28 7 10 18 16 4 53 43 46 38 82 8 22 95 63 63 49 46 52 1 30 32 34 19 83 80 55 89 50 96
 94 53 55 15 17 87 76 14 15 30 27 55 78 47 19 84 84 93 90 51 12 29 74 59 44 47 81 17 85 50 70 83 85 42 24 4 36 8 30 44 2 86 99 88 40 36 61 98 77 70 94 50 7 47 44 66 5 82 9 24 38 6 13 59 76 63 49 40 3 96 57 65 37 52 98 32 98 94 92 34 59 33 2 44 9 87 70 10 13 9 27 51
 14 63 16 43 24 86 69 94 95 32 56 41 52 45 84 89 14 73 83 58 90 67 16 28 18 14 30 2 11 58 83 92 62 20 4 54 28 64 89 47 12 11 69 77 93 76 85 29 56 19 95 96 98 94 80 80 78 82 63 42 48 18 76 30 60 99 6 80 14 98 98 53 91 1 12 16 99 37 73 47 86 30 55 78 58 96 22 30 25 62 43 63
 56 68 9 20 26 29 85 13 78 2 5 57 92 60 22 96 38 5 82 76 1 28 47 86 47 46 5 59 81 14 5 95 51 47 23 23 79 16 2 75 83 14 68 91 38 81 56 45 65 21 48 84 15 52 33 62 48 47 19 1 83 83 41 38 7 98 43 99 81 62 81 70 6 13 83 82 20 65 95 47 56 1 55 59 30 34 28 32 15 38 25 68
 48 12 64 19 77 6 71 17 95 75 10 40 3 7 78 28 74 38 19 10 54 92 36 98 79 16 83 24 31 5 81 33 21 90 87 99 39 43 97 63 63 87 20 33 91 51 25 48 20 11 39 9 49 60 70 49 7 66 33 80 30 28 98 91 90 35 96 55 27 87 46 52 53 89 26 81 37 60 89 20 62 42 65 48 25 46 88 10 29 48 41 75
 25 30 63 9 38 6 17 26 4 59 65 13 73 30 65 66 8 28 33 15 61 2 56 24 9 72 93 10 60 97 69 58 3 15 71 11 97 49 64 32 88 39 93 24 76 66 19 49 78 41 27 7 80 13 36 32 48 84 29 65 79 85 13 43 74 9 83 34 31 35 61 56 1 67 66 88 22 100 94 28 36 46 45 92 87 30 78 74 59 30 14 68
 45 32 47 85 65 31 44 35 84 8 71 2 25 46 1 2 85 52 21 8 5 100 60 10 70 95 80 19 24 5 29 89 29 1 90 96 51 76 22 57 11 83 15 84 95 80 16 93 29 71 18 7 5 3 90 69 63 31 28 42 12 42 16 70 51 55 94 93 86 51 10 62 90 38 3 27 43 38 72 99 78 68 31 20 15 24 79 99 50 88 27 39
 23 52 7 75 15 11 51 40 32 32 16 81 40 6 91 54 68 98 44 85 26 54 61 10 77 37 25 87 66 32 90 47 47 63 14 3 86 47 89 69 68 10 44 34 86 59 83 39 93 45 17 47 86 65 70 2 85 1 57 13 49 37 5 95 3 17 52 76 72 12 2 29 83 7 55 76 93 87 28 42 37 26 31 34 39 35 37 85 48 44 34 87
 90 48 80 76 84 65 4 22 56 44 17 48 33 83 45 11 80 98 64 8 79 21 96 46 21 19 17 89 4 7 61 46 54 68 28 76 72 96 93 16 57 13 19 83 46 48 9 60 82 52 70 73 79 50 63 99 27 57 37 53 35 13 22 11 75 77 53 38 49 82 86 57 90 18 72 17 21 95 82 61 50 49 17 46 3 8 6 99 79 54 94 4
 3 8 99 77 45 40 36 92 61 61 67 75 50 46 84 60 4 83 75 76 89 15 51 39 62 28 76 73 78 16 45 53 95 50 64 62 15 31 39 82 88 25 67 33 6 84 24 60 41 17 22 22 68 43 88 98 72 73 44 6 23 89 37 51 54 12 94 85 60 44 64 78 40 73 24 9 14 74 80 69 48 80 72 47 91 16 48 14 70 84 79 36
 60 18 62 75 2 81 49 52 74 55 70 64 28 88 75 55 49 65 65 30 50 38 27 24 52 88 83 78 82 94 17 40 50 50 86 18 72 56 70 44 31 18 14 91 58 77 81 18 64 31 98 9 28 28 50 5 11 51 47 34 79 7 11 10 62 17 32 48 9 87 60 52 68 52 52 21 56 13 100 97 16 76 98 58 67 34 32 4 88 7 38 88
 46 45 23 48 89 32 72 35 3 42 39 56 32 75 34 64 25 75 85 76 21 78 87 97 79 56 58 30 31 6 13 73 95 71 2 92 41 22 63 31 57 95 10 18 99 28 50 95 93 32 95 50 90 47 42 42 46 55 49 49 81 71 25 27 20 12 63 85 59 53 43 86 53 85 73 30 40 22 16 32 12 62 33 55 71 36 44 98 19 77 82 7
 80 95 11 75 84 4 85 33 66 72 92 97 75 97 44 58 5 43 81 48 91 5 69 55 82 43 20 4 30 57 42 78 3 91 10 61 79 63 32 73 80 34 74 33 25 40 75 31 89 25 94 26 25 14 69 94 52 27 89 94 73 29 11 85 72 5 65 82 93 79 79 33 7 48 56 89 99 54 35 70 36 45 48 99 94 75 58 54 85 66 34 16
 18 50 84 11 65 28 53 21 99 49 98 40 67 71 97 93 33 8 89 48 15 41 67 14 97 7 19 4 66 20 64 30 79 14 88 91 22 66 75 57 77 44 53 20 75 94 5 79 24 90 69 86 38 33 61 12 47 69 38 35 30 35 99 17 76 74 94 67 89 41 76 51 96 20 98 98 83 84 18 20 7 73 81 63 91 90 67 66 40 45 2 39
 79 69 29 24 29 62 44 29 6 58 10 37 24 31 57 60 63 94 56 67 59 81 2 90 61 13 11 96 31 82 100 16 73 20 52 43 56 94 85 56 88 79 44 28 81 58 77 29 52 33 34 19 46 72 9 88 7 86 53 98 30 44 77 14 35 78 49 24 65 32 44 91 81 60 48 41 89 60 55 97 14 60 3 60 86 14 70 39 71 79 65 45
 6 84 95 12 11 60 28 91 43 44 75 73 80 88 87 28 38 60 33 85 40 30 37 64 53 71 75 40 82 99 97 69 60 10 41 49 84 60 29 29 43 44 29 18 97 87 38 36 81 13 28 32 39 10 86 58 98 53 45 42 59 98 22 83 25 38 57 45 68 77 90 93 76 95 54 56 99 90 38 89 65 9 80 91 22 42 77 56 33 30 88 31
 87 85 99 48 44 27 45 92 31 37 68 75 5 82 75 19 93 47 68 85 18 50 12 1 8 88 98 98 53 32 25 25 30 43 61 7 10 26 93 64 89 71 19 44 42 59 66 80 84 74 58 27 13 73 48 7 97 11 38 82 89 57 52 45 99 75 77 81 80 38 80 82 73 72 26 31 80 75 55 17 77 40 17 6 58 85 57 53 59 24 84 67
 62 73 64 1 91 46 90 1 79 8 37 52 52 78 75 66 58 48 12 62 90 5 59 79 50 37 98 96 3 5 82 37 52 9 23 97 82 20 88 40 81 53 15 62 71 59 38 58 1 73 23 99 70 96 45 22 58 86 77 13 55 70 59 96 64 76 42 63 77 38 99 68 7 70 42 65 3 47 10 75 24 87 2 37 30 19 91 21 39 78 87 35
 40 74 58 80 78 13 30 30 7 35 37 45 41 90 80 35 99 31 92 83 85 95 33 50 17 26 71 39 27 60 87 47 12 68 85 1 5 88 76 17 69 96 2 8 82 82 92 59 34 17 44 3 38 65 45 82 41 16 28 91 15 36 67 98 71 47 11 3 85 35 87 15 1 74 44 31 71 21 41 93 8 67 6 12 31 5 99 23 50 73 12 99
 95 39 12 12 25 40 50 49 77 62 5 9 79 43 87 49 32 26 91 6 68 4 66 49 1 19 39 41 62 82 88 25 90 74 57 91 70 99 4 29 86 70 33 34 64 5 47 48 75 54 2 62 49 26 32 72 97 52 86 46 24 6 8 27 72 53 19 90 31 85 57 86 98 88 98 31 25 12 49 41 88 82 88 33 6 90 8 29 95 62 21 13
 58 82 40 91 74 18 7 49 68 75 24 59 91 95 89 32 44 45 49 100 31 96 45 32 52 73 6 14 39 68 80 18 87 48 98 49 44 86 85 24 22 40 94 90 60 35 68 20 23 91 92 19 77 51 81 25 59 18 2 10 100 42 93 30 20 71 44 45 26 40 85 24 13 46 78 12 42 95 12 29 54 69 83 58 30 58 2 78 19 7 31 38
 47 88 92 65 57 98 92 42 55 6 91 55 83 65 7 9 53 51 78 48 18 64 47 25 7 12 24 18 54 27 17 28 41 59 44 12 39 43 2 29 58 65 75 6 59 72 6 24 11 60 34 58 89 25 67 9 59 30 50 50 43 9 23 2 93 91 51 56 76 90 78 13 72 96 8 35 60 59 38 36 33 11 37 44 4 17 29 70 56 85 59 91
 29 7 57 1 41 36 38 27 70 55 36 18 72 45 87 13 80 30 15 88 53 96 95 42 15 41 82 5 75 49 37 43 3 85 41 70 90 39 93 77 34 86 44 100 35 43 6 74 55 21 43 60 90 7 61 60 59 100 79 16 25 13 23 74 98 50 46 75 74 51 66 21 71 32 85 90 19 99 21 35 16 95 18 27 26 78 47 76 69 80 52 42
 82 18 12 20 89 14 30 86 67 13 89 86 84 59 32 100 23 65 77 79 35 94 99 39 73 47 69 6 45 61 28 87 56 15 54 54 1 34 29 97 34 49 5 61 31 37 2 40 49 28 14 3 19 55 45 88 41 49 16 6 78 36 23 5 20 53 72 47 84 78 57 53 62 74 71 74 44 58 28 5 38 74 52 56 55 72 4 78 84 4 38 93
 59 74 63 7 45 78 45 90 58 98 61 37 37 92 51 98 44 9 7 24 91 71 7 15 58 99 94 28 49 35 57 52 9 39 47 20 55 41 83 41 36 87 78 35 11 31 79 39 23 57 70 81 85 1 50 9 78 38 18 15 32 51 52 35 10 34 76 100 47 61 39 28 40 27 78 69 58 37 18 59 3 27 91 39 52 26 18 62 12 24 65 73
 65 83 20 95 68 18 1 53 5 73 97 72 95 77 89 94 89 27 91 74 87 56 81 90 55 57 36 6 60 98 23 84 20 78 71 56 54 81 81 55 2 54 83 49 36 88 29 77 65 56 90 28 88 100 73 37 91 97 74 93 77 6 15 28 46 10 51 87 38 94 55 90 48 49 74 77 37 6 85 18 84 99 49 85 27 64 58 45 79 4 59 74
 71 97 83 56 86 8 35 17 88 52 30 82 15 41 92 97 97 22 34 78 50 51 71 93 80 75 37 48 56 63 89 57 50 16 19 92 98 28 83 5 48 83 1 17 38 43 77 28 31 13 57 74 33 95 4 2 9 27 59 48 35 60 70 81 10 47 30 33 66 18 74 50 91 69 3 33 67 20 67 10 36 85 60 99 42 73 25 100 3 24 70 80
 68 85 13 68 40 43 64 68 57 60 70 56 97 10 33 37 95 32 33 63 68 53 31 54 68 9 24 13 61 3 55 68 47 43 4 99 16 56 34 85 64 95 58 30 16 28 5 84 83 11 54 50 7 96 18 93 73 91 7 29 92 96 24 34 65 32 21 8 40 48 88 69 69 73 82 9 6 95 84 9 58 50 33 70 34 91 11 13 56 16 39 95
 56 10 65 5 76 56 69 41 27 52 20 50 11 12 25 88 96 19 36 32 27 52 13 10 19 16 94 40 36 84 32 83 98 37 70 60 67 68 23 99 42 45 76 82 66 24 38 15 60 16 41 27 70 80 47 95 4 58 58 70 30 66 76 38 99 89 66 7 31 24 38 13 96 55 8 99 11 43 84 12 76 15 1 56 57 86 65 7 45 41 8 89
 30 59 54 60 15 98 16 62 59 39 22 91 56 79 87 97 93 80 40 77 67 31 23 26 64 55 83 71 35 58 17 30 38 47 58 5 51 8 76 77 10 4 74 40 77 87 87 9 89 89 81 60 100 52 25 87 88 32 88 57 70 21 21 37 61 77 38 67 64 69 1 31 70 11 76 26 1 77 65 22 67 89 37 17 90 69 98 45 5 82 2 94
 84 3 62 60 81 99 65 59 17 78 28 94 10 49 65 86 73 88 50 71 7 19 50 57 80 1 75 29 20 29 41 97 99 41 39 35 50 83 44 55 6 44 2 92 32 89 2 59 43 5 58 98 95 53 75 86 24 99 59 20 94 12 30 51 4 46 50 9 30 9 64 1 1 69 44 2 66 41 60 76 17 94 55 22 93 34 23 5 79 4 8 36
 22 43 50 71 1 66 30 67 11 53 30 50 61 51 53 15 53 23 36 30 5 28 74 92 26 89 26 97 33 94 98 10 3 62 37 88 61 88 12 14 53 51 45 32 59 46 90 30 39 53 16 34 73 43 13 65 58 57 96 37 43 77 95 84 8 89 77 92 71 18 89 88 28 33 81 9 75 93 93 4 63 90 68 1 94 19 82 71 18 75 26 14
 25 97 25 89 36 63 29 72 94 72 40 28 99 20 43 91 59 15 60 28 7 35 83 64 67 88 32 96 72 70 51 91 28 34 19 12 61 48 34 78 80 80 21 10 32 59 77 83 6 54 1 20 42 64 90 19 82 36 63 77 93 66 3 7 49 31 34 15 23 36 14 26 10 24 1 99 58 18 40 61 67 49 97 98 73 59 84 99 39 73 85 3
 96 71 4 68 10 52 41 39 10 27 26 99 18 21 59 16 30 92 33 63 76 85 68 95 83 25 92 17 29 67 25 81 49 78 29 13 41 31 49 63 34 87 10 8 41 57 16 4 46 88 46 17 91 40 92 59 11 74 14 60 65 45 83 33 15 7 3 12 43 91 12 54 50 12 38 47 19 63 26 9 48 77 70 72 4 84 36 3 93 43 97 65
 11 19 41 59 41 29 79 29 73 45 32 34 60 57 57 4 50 58 73 83 72 36 88 64 8 3 24 72 78 34 77 90 69 99 57 66 57 55 21 54 21 59 91 60 63 87 79 72 76 64 33 33 14 61 61 29 38 87 58 8 42 84 32 5 93 35 72 17 33 58 37 99 67 87 36 92 28 41 34 89 71 7 73 58 63 27 59 29 21 54 25 21
 35 43 32 56 60 4 95 62 79 32 66 42 21 31 12 86 57 67 88 91 53 50 86 54 66 74 89 43 55 55 100 44 33 11 48 48 28 52 91 62 63 90 56 27 82 64 85 56 3 62 17 91 50 6 66 43 100 92 60 62 92 59 41 67 58 90 61 61 78 93 58 43 72 7 56 71 74 38 89 57 27 23 12 47 85 19 78 36 90 11 43 83
 1 5 20 58 74 12 58 34 60 11 26 55 79 86 30 24 70 26 10 63 2 63 11 84 73 32 25 57 16 60 96 32 6 48 12 14 17 48 68 64 94 64 54 41 28 50 29 47 33 78 74 60 79 52 85 15 42 89 45 40 30 23 49 64 80 72 100 82 19 67 100 38 83 81 76 8 39 40 15 77 9 36 54 5 75 36 16 75 92 99 8 72
 7089 6216 5565 4900 3886 190 1434 7189 7030 5731 9033 7257 4892 3883 8530 356 4012 6740 4912 4836 5859 1975 5147 4387 8050 6519 581 2917 2192 5683 4080 347 7932 6111 3087 7169 445 1179 2542 6001 4440 1404 5637 345 336 1745 2833 1740 7072 4379 2234 7539 1952 709 7352 7411 3691 6966 7830 5325 6645 1197 625 428 1583 7367 3118 3197 4856 3990 8644 787 8957 2338 6109 7230 8040 4283 2586 8270 4727 2814 1376 816 539 4114 454 7691 5253 5066 7414 6645 6460 5062 5327 48 6299 4896 6168 3758 2226 359 2994 2856 7954 5848 8810 4581 5882 2904 5977 1900 7550 8039 8486 370 4829 2518 868 5942 4417