100 93
 10 53 12 98 80 46 28 51 10 79 98 54 9 5 21 84 29 10 17 39 50 49 13 30 15 74 48 74 7 80 89 7 31 33 1 69 37 4 79 74 22 64 38 2 3 5 10 42 58 79 23 47 37 4 10 40 36 29 68 32 11 13 19 84 10 23 100 37 56 20 78 42 100 52 10 82 68 20 71 30 24 8 71 7 4 89 64 17 51 84 9 66 51 37 13 98 40 88 21 39
 70 72 98 33 11 58 5 79 96 51 15 62 21 55 34 56 69 7 34 74 99 37 7 12 93 19 58 61 58 43 53 34 29 90 100 38 94 72 85 75 3 21 89 65 82 80 2 2 79 49 33 67 43 51 24 63 4 19 41 37 13 48 79 76 85 14 93 46 67 59 15 8 17 99 54 57 39 14 17 91 76 82 91 17 48 29 4 94 74 15 57 10 72 80 65 26 48 2 26 11
 63 33 66 94 34 85 30 32 46 35 99 88 82 61 56 49 94 46 91 56 77 21 20 100 11 33 90 98 89 27 57 75 69 23 65 25 61 23 60 47 42 99 22 13 10 15 35 51 99 10 10 25 66 76 54 77 51 92 40 39 46 63 86 21 85 17 89 4 56 85 62 36 24 76 98 78 8 70 15 16 77 94 49 69 83 59 41 15 83 63 100 20 72 19 52 17 52 67 25 57
 7 66 98 100 38 63 66 70 62 11 4 33 81 95 52 20 71 22 60 21 86 71 77 93 92 5 8 88 63 6 93 9 78 92 36 68 57 9 61 40 77 62 82 21 45 15 85 95 47 66 5 74 60 90 21 50 72 94 72 75 57 49 65 35 77 26 64 77 68 2 22 88 56 87 66 73 65 76 79 90 100 99 100 58 43 3 8 100 48 25 36 65 26 10 72 45 59 50 43 51
 90 100 69 44 73 48 23 1 16 98 85 35 100 3 8 42 76 10 48 67 87 15 36 63 33 65 73 57 78 97 54 24 45 89 33 81 82 18 17 30 57 5 98 92 43 19 55 79 46 54 42 29 27 65 8 93 82 2 52 25 31 80 18 100 52 10 89 10 63 77 86 66 15 41 67 14 51 51 25 64 37 12 51 54 95 66 94 89 9 2 24 75 98 81 66 36 43 58 92 34
 74 90 12 76 63 51 33 8 29 26 94 62 19 62 8 86 78 88 37 70 34 46 51 24 3 24 21 100 62 73 53 86 79 74 6 12 33 10 22 12 3 44 89 52 11 59 37 22 76 71 95 71 77 62 85 18 31 14 52 22 57 77 36 4 48 23 95 72 71 67 18 66 21 58 69 17 48 9 88 37 16 41 72 41 38 36 60 5 42 38 61 33 99 7 97 22 33 66 73 60
 20 26 79 89 85 70 91 37 12 80 60 30 21 62 64 2 99 77 59 2 91 46 43 91 48 100 68 52 3 67 34 53 8 75 77 100 82 70 32 94 70 67 2 11 98 16 18 46 96 97 63 17 66 68 96 72 7 54 57 31 42 74 60 17 41 80 76 22 78 95 34 100 68 12 15 80 92 42 75 37 39 97 74 91 48 20 17 88 1 59 24 48 52 14 40 1 83 12 23 86
 81 6 54 55 39 30 16 85 58 63 62 4 89 8 60 82 60 30 53 70 12 90 27 35 58 52 93 49 91 100 14 5 9 83 64 38 43 32 52 50 91 29 52 4 57 87 22 51 68 72 63 67 88 2 37 6 34 65 8 47 79 58 4 12 70 26 57 51 35 87 21 76 100 64 82 71 91 88 44 31 47 27 16 66 41 31 94 47 49 99 7 73 2 39 32 17 93 52 23 29
 60 86 73 79 88 32 56 47 29 15 37 46 13 12 41 79 74 27 95 77 84 75 61 52 88 5 16 74 83 60 41 72 69 81 30 76 90 27 27 63 42 26 49 37 50 83 20 19 23 23 34 42 84 29 93 66 55 1 19 96 80 39 2 74 97 20 84 8 45 17 82 87 32 88 90 82 87 39 63 87 24 72 12 84 44 72 20 90 69 39 80 3 15 93 57 1 2 2 56 33
 10 21 5 95 93 64 30 5 53 46 77 95 74 22 68 5 4 53 79 20 30 81 43 86 4 44 47 88 39 7 52 99 65 100 24 100 35 18 33 65 30 30 81 99 79 93 38 52 33 13 22 39 74 54 67 20 56 2 25 13 61 69 53 79 84 8 32 46 81 72 84 9 48 51 41 68 49 89 7 67 30 60 38 39 78 34 57 65 85 2 100 75 17 27 36 15 64 32 46 71
 78 12 93 73 69 28 84 17 74 26 7 7 19 48 85 44 22 43 48 82 99 74 83 75 69 89 43 50 19 15 59 29 62 67 66 92 43 23 26 89 33 29 3 74 91 8 5 80 100 30 58 71 98 39 83 75 10 55 53 39 71 26 24 29 65 58 34 41 9 14 49 52 53 43 75 55 4 6 58 11 10 68 12 89 100 64 93 37 93 78 34 38 25 51 24 25 87 77 2 56
 4 6 70 74 99 91 35 40 39 88 73 78 6 45 66 71 28 98 83 65 98 22 45 97 52 87 65 63 48 81 64 75 40 27 18 51 87 40 54 59 17 45 10 59 39 63 3 24 57 68 60 74 78 64 75 17 56 49 24 70 83 83 88 56 25 46 21 51 60 63 47 18 69 79 14 13 49 37 33 97 75 88 29 68 96 12 18 82 71 53 12 22 69 36 20 93 60 7 39 6
 64 10 98 23 41 84 12 21 45 52 59 20 77 85 73 97 10 56 94 6 26 34 60 5 40 84 99 67 98 83 48 55 82 2 93 57 51 21 21 19 58 5 15 64 46 14 7 47 61 27 88 89 46 61 61 1 39 66 84 7 79 73 70 79 6 21 10 77 84 12 28 90 38 19 25 60 15 40 97 96 3 4 41 6 60 64 75 23 14 50 94 29 25 29 85 76 95 76 18 86
 37 49 55 68 84 87 93 52 40 48 42 33 86 87 41 49 48 99 14 11 35 96 59 55 70 95 35 64 65 91 86 30 93 52 10 92 46 18 34 51 10 5 71 99 30 10 61 98 35 35 2 11 15 94 13 62 51 31 20 38 79 27 95 72 48 60 60 18 65 37 81 90 16 21 97 79 16 80 39 45 42 87 7 17 63 87 59 36 96 34 86 42 34 58 30 59 68 41 56 2
 69 64 49 65 76 3 79 69 15 6 8 66 90 14 85 84 5 41 69 75 64 98 30 93 24 37 73 13 12 26 2 50 84 30 22 9 94 79 90 42 92 52 14 36 40 30 10 16 83 76 82 67 34 66 62 77 28 34 28 49 78 53 73 17 80 25 65 85 99 79 97 82 89 4 63 66 40 62 38 80 7 25 38 58 9 7 67 7 9 20 91 61 12 73 30 89 33 5 61 97
 6 83 61 18 55 99 49 59 35 83 78 91 70 58 96 78 50 24 45 66 8 30 67 16 60 38 58 80 96 8 16 86 12 96 60 55 65 6 90 39 100 80 90 5 33 55 67 69 79 54 66 68 68 15 16 93 82 97 47 61 91 4 24 78 25 39 47 87 26 99 46 7 32 24 4 78 48 78 51 30 48 81 95 99 37 94 19 42 69 12 47 36 44 27 66 37 61 50 7 85
 55 56 81 41 81 65 36 5 83 9 55 36 73 5 22 38 65 100 54 75 100 18 77 15 6 60 7 46 53 12 5 36 50 24 36 30 75 54 80 86 38 43 72 92 13 66 75 73 70 39 87 62 67 72 58 100 10 16 19 99 41 49 37 96 80 7 83 97 89 5 13 62 46 3 58 47 67 35 92 44 79 6 100 35 66 1 97 56 37 10 96 97 6 15 13 69 34 24 93 38
 90 31 3 39 83 68 74 63 29 5 40 86 66 91 25 73 82 14 11 33 91 42 77 87 16 29 57 93 7 3 75 60 36 58 39 27 5 41 21 82 85 47 42 6 66 89 38 79 80 63 48 93 56 55 16 83 97 56 24 76 47 9 97 57 50 92 71 21 2 79 42 17 74 65 33 86 50 37 70 26 3 60 84 82 65 70 3 63 35 62 57 31 7 10 2 44 94 57 38 37
 22 7 54 3 30 34 34 89 31 44 29 20 58 92 52 38 46 73 62 52 46 51 31 88 62 26 99 3 33 84 74 58 5 43 23 97 58 37 33 82 34 86 81 16 37 74 13 65 84 86 54 92 23 65 44 31 9 88 8 69 61 91 99 12 81 30 25 67 32 25 56 98 39 72 36 18 72 90 48 22 89 57 99 68 80 4 37 67 52 22 28 64 21 86 40 61 39 51 20 44
 75 40 59 18 67 38 78 28 68 8 26 19 74 36 62 46 34 73 60 34 98 15 15 41 18 71 82 12 77 10 59 7 32 61 3 51 93 100 34 29 1 23 9 61 8 58 32 52 92 33 82 17 82 45 27 78 11 22 44 78 99 78 16 15 66 86 31 3 89 7 20 76 17 65 53 75 88 99 46 77 68 75 16 53 53 87 28 14 67 1 20 1 27 15 17 64 77 42 63 10
 13 83 36 56 8 89 97 11 37 10 10 90 83 23 73 1 36 42 12 84 84 13 29 62 70 46 75 26 12 72 4 14 59 74 35 48 57 24 35 38 29 91 88 44 74 15 51 1 64 10 18 15 74 40 66 5 6 28 4 4 35 23 43 87 88 5 62 71 2 8 31 26 58 91 79 20 72 74 41 76 100 32 6 93 48 61 89 53 18 72 44 87 77 63 85 38 6 92 64 33
 93 37 10 42 92 6 77 42 26 39 79 2 34 73 58 60 93 33 15 91 22 76 44 75 55 97 87 74 44 9 27 30 43 95 53 9 24 3 62 39 52 82 92 39 42 55 48 71 38 49 15 68 69 5 56 68 61 52 63 18 70 68 91 2 95 28 58 37 37 33 71 83 65 73 37 69 58 66 73 50 43 74 91 83 71 88 15 56 72 4 21 10 36 1 42 30 62 40 96 86
 41 90 13 63 70 58 3 95 77 73 47 26 99 51 60 58 26 81 1 94 51 33 44 7 6 67 77 49 83 95 67 10 55 51 4 10 91 63 90 13 62 63 95 25 19 46 3 72 55 84 66 22 80 34 6 37 90 72 70 5 97 31 59 74 93 14 18 96 65 12 60 29 83 46 9 4 73 31 90 46 100 55 20 51 44 23 49 36 39 43 27 26 3 76 36 64 95 20 52 39
 90 73 59 27 63 11 1 67 70 13 11 19 26 88 61 25 55 71 77 69 43 44 2 31 67 83 78 97 55 74 80 41 63 37 9 75 69 39 19 34 38 9 100 4 94 30 100 95 81 55 76 65 54 37 36 84 70 82 87 46 51 76 87 97 39 50 100 53 36 3 96 33 19 64 9 63 56 22 91 1 49 1 53 23 17 28 21 38 48 45 98 90 93 66 93 69 58 10 20 87
 61 27 58 87 73 6 28 9 58 13 13 78 5 12 41 7 99 95 50 14 54 78 85 3 21 85 68 23 14 33 92 42 86 35 67 76 45 70 48 91 83 98 28 75 32 29 66 29 50 1 27 9 73 79 61 99 54 49 13 53 47 92 53 51 57 76 54 46 36 61 13 34 91 90 76 88 82 94 16 1 100 8 11 82 78 93 3 73 22 6 74 50 28 98 18 52 42 74 32 7
 23 61 8 57 91 63 58 46 26 9 69 4 24 43 73 55 80 4 86 57 96 88 2 98 39 29 34 38 27 50 78 99 26 14 78 74 8 1 35 62 4 43 16 86 41 66 69 62 85 44 33 4 63 23 42 64 16 76 7 77 97 93 51 32 93 77 6 83 19 51 23 91 89 38 15 24 31 18 21 24 8 63 68 34 44 83 96 79 4 98 47 30 54 29 42 14 19 95 64 71
 40 10 87 37 43 21 63 9 100 94 44 48 80 17 52 68 91 39 75 4 34 3 83 50 63 69 15 70 48 32 16 59 82 83 27 31 37 34 35 5 100 76 67 78 36 4 10 60 42 9 88 75 12 55 33 30 1 99 75 41 38 22 98 24 3 77 21 99 75 91 86 10 6 90 53 14 51 42 57 17 47 37 70 100 25 69 35 17 24 90 87 6 22 26 88 48 83 98 21 29
 4 58 61 58 98 76 83 29 13 84 67 3 60 40 44 7 66 65 28 97 80 60 12 22 36 97 25 86 1 68 10 43 37 82 20 26 57 23 22 8 42 99 96 97 4 58 57 88 85 88 92 23 31 73 91 41 42 19 23 83 32 55 70 16 26 11 98 92 51 67 100 49 37 31 61 49 32 75 28 81 2 73 87 99 70 42 33 2 46 29 54 76 48 50 16 10 8 87 87 29
 66 18 11 73 73 85 31 48 22 73 55 6 61 57 80 76 82 79 26 40 64 56 53 60 33 6 79 32 44 38 77 90 15 72 37 6 89 93 98 70 46 84 47 98 81 49 88 95 3 78 94 37 65 68 49 14 37 47 11 44 38 53 67 94 10 25 27 61 83 39 46 54 81 38 22 71 41 20 16 92 94 25 2 13 94 72 88 52 5 80 44 50 84 74 72 70 26 50 66 30
 89 56 42 3 88 45 53 81 32 38 13 94 51 79 76 60 42 70 43 39 65 2 41 90 77 66 47 5 78 94 79 90 53 57 59 33 69 62 37 62 94 95 10 99 15 80 1 29 59 55 66 92 82 98 27 60 42 10 23 92 61 40 97 65 69 72 35 47 38 37 96 50 87 96 77 35 19 40 79 40 78 74 29 27 43 40 11 57 74 59 31 82 68 85 39 61 62 78 85 74
 32 15 7 30 76 52 93 81 98 7 37 95 90 10 62 42 57 6 64 50 87 42 59 55 4 45 37 91 63 73 43 75 2 83 100 53 89 80 30 70 77 90 8 11 76 47 83 49 96 5 62 68 95 95 65 35 29 33 12 59 22 48 91 54 42 40 4 4 32 13 2 57 23 6 25 12 37 95 52 100 43 90 48 13 50 35 25 77 41 46 20 38 67 56 65 30 43 58 22 94
 25 97 6 79 6 50 61 52 62 58 96 79 53 54 93 72 41 51 2 79 86 26 29 93 78 61 3 63 27 80 29 11 53 40 77 53 69 63 18 20 83 10 19 44 95 30 43 19 76 24 47 18 92 44 59 20 41 78 22 98 19 19 3 91 16 26 58 16 87 89 38 27 16 82 64 43 93 17 87 60 60 21 99 81 44 87 97 92 64 99 61 29 27 40 90 83 6 49 52 26
 3 9 57 97 24 12 73 62 33 29 5 62 64 66 92 61 6 76 9 55 7 39 28 1 24 64 25 27 90 56 2 25 5 73 69 9 27 53 92 97 10 40 90 94 34 36 85 40 29 39 38 51 25 26 39 93 68 4 3 33 99 64 74 59 84 30 35 94 20 69 81 33 98 17 28 33 38 31 54 12 98 68 22 13 90 54 65 69 99 55 58 89 35 72 33 63 42 68 25 17
 96 77 68 1 35 22 85 4 84 36 39 64 44 70 7 3 80 3 78 43 5 74 94 51 5 100 44 64 63 39 86 40 61 69 65 2 13 34 51 83 1 98 51 40 34 33 96 16 42 19 46 59 42 96 96 26 48 86 23 15 24 62 35 81 94 14 89 39 81 6 44 64 2 49 50 53 94 76 8 71 77 67 96 92 3 1 37 87 5 61 26 39 37 99 52 19 97 38 77 74
 10 71 54 71 92 22 28 90 65 43 9 75 83 72 25 16 82 91 34 58 5 58 97 47 6 26 42 94 3 42 64 33 25 17 64 62 98 4 83 18 97 92 100 51 68 27 88 38 85 35 94 25 29 25 99 97 71 55 65 100 89 12 68 77 60 52 95 32 12 42 9 71 46 11 31 8 41 35 30 35 79 55 19 54 68 61 7 21 11 28 31 45 45 16 44 75 87 62 88 34
 28 28 84 84 91 18 53 63 2 98 53 94 97 43 17 93 22 92 85 35 93 32 84 91 8 84 81 23 60 23 82 55 59 75 10 73 78 68 57 8 75 15 31 98 92 45 46 26 59 86 92 91 24 43 75 40 9 72 13 8 1 15 93 76 84 15 33 12 25 8 78 24 99 31 52 70 44 75 52 40 20 32 34 17 36 6 82 85 73 16 65 92 50 10 93 24 69 77 72 42
 94 82 61 38 71 68 49 55 2 72 18 88 77 74 59 39 51 55 67 82 70 98 99 23 5 71 10 56 82 42 24 20 94 76 6 10 54 74 91 3 61 31 12 70 48 72 17 99 92 68 71 1 31 74 27 92 8 98 65 16 27 19 84 42 86 55 88 82 50 56 14 49 52 24 83 57 9 27 82 74 41 70 97 99 42 2 56 26 55 52 39 50 88 70 21 61 92 40 26 17
 82 27 87 18 72 54 42 60 63 40 55 9 6 91 16 42 7 81 38 40 94 29 48 42 45 12 26 24 2 35 96 92 28 54 42 64 74 84 92 93 7 26 33 30 57 46 6 10 81 32 82 90 48 23 52 4 96 20 10 93 19 77 46 19 94 79 6 96 43 53 26 37 15 24 84 50 14 69 23 19 5 92 84 16 75 37 33 18 8 76 27 46 60 7 48 73 19 18 68 21
 29 85 78 48 37 34 84 15 68 76 86 25 25 37 45 42 15 72 3 82 12 55 1 33 21 7 91 86 49 65 55 20 65 63 42 80 35 72 14 72 65 4 6 50 57 52 23 20 5 49 97 30 99 49 99 86 29 11 96 85 87 87 30 51 42 93 66 31 88 85 26 26 50 47 49 95 41 30 78 15 82 10 33 7 88 64 43 69 84 67 57 69 21 51 97 87 78 37 67 84
 12 90 30 8 58 18 67 10 12 88 43 15 1 26 39 29 39 76 70 52 33 34 15 2 85 29 46 29 8 67 53 68 37 88 37 18 14 81 17 79 87 24 18 81 54 5 69 4 89 72 75 17 96 83 81 22 82 92 3 56 86 89 66 38 31 17 98 93 84 67 81 17 35 54 76 96 60 99 66 50 31 61 34 59 53 41 100 6 42 44 22 79 45 27 63 92 41 45 1 66
 82 89 21 8 53 88 67 17 86 54 53 58 41 19 35 46 85 33 95 17 91 35 33 94 34 19 84 67 41 41 91 22 47 56 33 39 65 6 83 61 80 3 88 63 51 21 2 65 34 7 39 69 76 91 94 99 10 83 9 2 27 82 73 90 100 17 4 22 45 43 28 16 79 93 81 51 57 70 29 27 64 61 81 71 58 34 58 24 78 72 31 27 72 15 63 35 42 40 10 23
 9 60 64 18 49 26 55 78 76 60 18 89 31 35 3 94 98 12 47 6 37 64 25 17 82 62 11 64 30 82 38 90 31 6 42 63 81 80 41 9 1 57 83 92 82 33 28 81 41 2 21 63 79 57 36 58 42 51 25 22 30 63 87 48 40 26 1 75 80 13 96 4 5 78 7 19 5 83 48 64 30 29 23 65 44 69 25 84 26 23 38 57 67 83 54 68 56 26 59 32
 29 50 34 20 34 21 82 86 68 40 4 26 8 71 17 58 61 18 31 84 86 75 41 28 13 85 23 48 80 30 58 97 5 19 5 50 71 29 89 1 15 75 2 87 30 51 6 79 24 94 95 70 10 66 96 15 21 79 100 70 98 13 13 24 18 7 70 45 100 82 22 65 72 89 55 15 87 100 86 69 38 71 72 54 40 14 37 2 23 59 88 69 38 92 74 95 5 18 62 77
 94 97 46 84 79 51 77 39 33 93 54 53 31 47 72 7 61 8 18 29 23 48 55 79 7 20 92 99 11 32 39 99 46 74 34 59 17 60 12 89 49 55 13 26 49 64 69 56 48 72 4 86 36 23 22 86 32 34 81 25 81 34 57 51 54 21 5 1 11 69 67 46 7 4 91 44 29 32 69 10 21 79 72 86 94 76 65 66 94 2 97 88 63 61 97 48 85 75 73 84
 4 86 18 20 51 9 78 88 71 17 19 97 9 63 63 23 27 13 68 50 90 51 29 97 71 46 4 32 34 50 7 64 35 49 61 79 74 50 11 96 12 28 7 19 50 69 66 22 54 95 26 87 68 6 99 83 13 4 7 29 44 76 71 72 23 56 11 82 76 26 59 35 75 20 87 29 53 79 34 62 61 75 27 26 21 58 81 86 96 85 87 84 84 2 10 90 76 12 15 50
 58 75 85 15 40 73 53 21 9 4 50 62 61 89 31 4 51 51 44 56 39 86 37 19 9 74 95 3 49 49 83 75 57 68 8 90 22 47 98 51 2 79 93 11 98 94 32 54 76 29 99 74 2 32 86 62 11 10 53 80 30 20 2 26 36 4 37 75 65 50 48 42 74 61 39 13 78 17 44 77 80 74 3 45 23 44 35 95 60 100 36 4 63 75 59 97 73 57 3 34
 68 37 62 85 40 31 26 61 73 41 53 100 16 16 44 14 17 9 74 33 61 4 72 14 81 60 9 59 2 97 16 64 55 58 56 45 41 3 15 6 70 51 4 41 15 48 40 52 26 71 53 1 50 80 42 29 82 14 37 90 87 52 30 28 68 90 10 20 76 100 51 93 56 93 47 73 26 78 67 90 29 46 3 53 92 88 34 56 93 41 10 4 94 12 13 61 9 28 53 39
 25 84 68 84 39 80 6 42 42 42 12 63 84 55 98 62 51 16 48 71 83 97 40 3 77 96 10 92 70 62 63 80 98 95 95 31 2 91 34 75 52 34 43 20 24 21 83 77 64 69 87 33 78 90 38 9 39 62 60 97 32 10 96 80 98 2 70 52 66 83 95 40 90 57 61 6 63 78 56 78 18 50 23 7 25 71 57 39 3 59 31 11 90 82 35 34 40 10 25 6
 83 4 25 95 70 27 58 14 29 7 99 43 12 47 85 72 22 10 84 82 57 74 64 11 100 76 70 41 9 63 63 38 87 41 4 6 98 90 72 71 86 6 90 16 54 12 43 10 87 29 33 80 13 52 74 85 41 22 96 11 7 95 94 56 91 69 35 57 99 41 63 66 83 57 57 44 48 59 83 11 23 7 22 72 7 85 26 27 84 64 66 44 85 36 53 18 66 70 87 58
 37 54 96 40 40 78 22 38 70 63 14 98 35 22 99 93 67 54 27 8 9 72 44 3 60 98 68 96 48 28 87 74 65 66 53 98 30 61 57 13 69 97 76 17 18 1 26 96 3 54 80 26 19 66 86 40 51 13 60 66 13 54 79 93 60 71 25 66 83 98 59 61 96 93 76 52 19 40 13 9 94 94 51 52 67 4 85 90 80 62 100 59 100 48 45 86 11 42 93 16
 31 55 60 47 74 81 81 67 82 79 27 5 89 69 50 21 25 53 71 54 91 6 41 30 6 21 40 29 33 28 49 27 86 64 47 29 82 71 25 57 81 80 26 65 26 84 92 74 98 23 26 36 82 85 14 64 68 25 83 89 66 2 9 84 33 44 67 5 55 11 74 98 93 47 81 96 17 91 83 84 59 13 91 7 5 32 16 47 34 6 65 33 66 86 84 21 79 29 25 3
 9 56 54 31 60 76 83 40 80 26 85 30 38 17 84 23 95 5 6 37 59 9 24 32 83 6 77 81 22 48 73 16 1 94 33 36 66 80 99 89 34 77 21 76 33 41 49 78 33 95 4 80 74 97 56 64 24 24 42 83 96 65 69 49 14 38 33 75 24 94 7 1 33 52 73 29 39 22 100 31 33 50 36 97 53 66 34 40 32 32 32 59 45 55 31 84 1 49 9 54
 54 66 20 28 29 7 11 43 80 74 13 53 97 27 89 55 29 64 65 16 13 92 99 81 35 18 48 74 25 69 71 88 22 4 90 25 65 15 29 87 71 62 6 31 93 97 55 89 46 98 24 74 87 58 45 16 67 45 1 86 15 33 17 46 34 89 24 42 23 34 61 47 58 62 93 92 87 19 89 14 87 13 74 81 79 29 25 59 98 45 83 32 56 22 45 76 16 77 23 91
 89 42 9 92 13 91 57 78 55 96 15 52 39 20 77 92 20 26 21 4 75 94 14 10 86 48 10 70 85 65 5 4 54 56 68 8 68 17 45 84 74 41 63 24 80 41 83 100 18 89 61 87 23 60 60 3 64 45 6 16 21 91 69 57 68 88 70 79 17 54 34 69 87 36 26 53 34 9 4 10 23 100 2 55 86 70 87 3 36 7 65 13 26 83 46 29 37 47 63 78
 93 95 1 79 23 78 95 69 81 12 19 79 65 39 43 86 46 42 8 6 77 90 22 41 100 74 30 23 12 76 52 62 10 5 60 4 8 11 83 33 6 6 7 2 31 93 99 30 89 10 77 75 32 36 79 61 1 38 68 72 24 7 11 58 78 53 96 51 55 18 46 18 39 13 27 51 50 44 46 86 17 74 42 26 78 45 45 51 57 21 58 47 42 84 23 79 90 12 94 6
 7 93 7 83 13 72 29 85 84 62 78 43 2 58 32 63 98 45 49 60 5 8 2 65 57 81 88 34 35 7 16 35 20 59 94 40 100 54 94 71 89 83 42 65 91 5 3 88 1 76 28 79 19 30 77 91 68 19 15 3 63 52 54 38 99 49 38 31 54 63 73 97 9 89 70 35 28 53 87 96 16 13 56 12 1 21 51 75 12 82 59 71 35 18 35 26 81 78 64 94
 40 70 14 42 80 95 59 1 41 93 8 18 1 52 58 70 53 23 45 79 82 72 95 54 37 17 58 13 3 36 84 58 42 90 74 87 41 69 28 6 99 51 13 72 79 84 18 32 17 62 22 78 41 77 44 52 54 28 66 5 58 46 26 52 12 42 12 6 14 50 55 21 18 51 77 58 23 63 10 46 3 58 30 72 79 64 43 99 10 19 21 7 95 25 58 37 67 14 76 24
 26 24 2 30 60 96 82 6 81 48 13 51 38 96 80 89 80 66 76 74 81 9 5 65 62 35 51 90 94 19 28 54 96 27 42 78 1 11 27 99 25 91 47 95 91 100 58 89 50 65 30 52 97 10 92 55 38 82 66 46 79 23 23 56 91 34 67 26 30 91 23 38 75 58 79 63 100 39 84 36 90 47 67 78 38 73 86 87 75 32 91 88 22 20 60 96 33 18 37 59
 91 81 79 50 100 37 69 10 75 2 41 60 48 57 94 43 61 50 40 59 65 58 76 89 96 78 43 91 96 68 34 83 78 49 23 33 63 51 81 36 18 83 38 11 12 35 91 55 54 67 30 2 35 55 41 80 27 26 96 94 74 49 74 58 75 68 79 68 92 42 45 96 66 73 56 38 52 51 65 70 88 74 45 36 59 86 95 48 42 73 1 39 88 28 47 4 38 88 56 88
 26 4 77 11 20 17 60 31 1 10 32 11 67 99 20 76 97 32 61 11 59 81 48 84 78 12 82 98 18 50 4 46 48 63 68 93 4 77 94 26 83 33 20 83 59 37 74 62 68 78 81 58 42 87 36 5 84 64 32 25 100 13 29 98 29 44 15 49 4 41 54 67 81 21 49 37 93 54 1 95 2 53 74 81 19 57 9 52 62 18 30 79 93 32 44 87 69 2 40 64
 47 86 23 29 72 33 96 77 2 5 78 40 25 74 39 73 8 35 7 81 5 38 96 9 78 11 81 69 64 53 5 88 96 85 15 83 7 93 89 4 10 38 51 24 45 2 36 46 24 33 38 39 96 96 26 23 63 93 36 52 66 78 42 85 64 26 56 85 8 70 24 12 32 74 93 96 67 60 70 54 96 99 64 76 4 93 56 67 23 86 73 26 72 26 17 59 71 33 43 39
 8 51 69 7 12 18 97 39 69 10 65 11 16 41 24 35 69 74 96 40 22 56 13 2 20 56 74 78 40 28 1 42 26 30 23 6 13 1 5 6 66 11 9 3 50 24 81 83 56 49 2 90 61 85 64 25 89 13 99 51 76 28 74 9 4 97 27 44 17 1 16 23 94 70 27 64 100 73 22 37 82 66 52 73 40 10 92 57 59 14 41 12 39 52 2 39 76 42 87 48
 97 39 97 4 21 35 58 8 69 16 9 23 78 30 60 27 11 87 49 78 66 78 81 91 95 48 45 75 22 57 58 11 29 54 61 28 67 80 23 30 44 36 90 14 3 73 24 50 57 58 70 36 70 87 99 35 51 65 91 38 8 47 89 26 24 17 56 18 71 55 49 44 87 15 66 16 80 36 82 44 25 52 46 50 24 59 65 75 40 14 88 2 88 38 38 76 45 8 64 99
 40 71 29 33 28 42 1 63 74 45 76 19 56 48 19 10 73 84 79 43 91 86 3 60 5 28 7 62 94 35 65 36 46 80 22 54 28 48 65 4 69 72 45 67 99 32 8 78 68 75 51 33 59 49 37 43 3 17 58 46 82 1 68 84 21 50 83 90 52 64 48 59 97 35 18 29 23 71 11 65 18 60 75 86 6 71 21 56 23 82 75 96 46 88 56 96 14 69 61 96
 37 26 24 1 96 49 50 2 41 57 63 5 57 95 16 58 45 88 10 85 23 34 21 50 70 29 48 12 49 15 39 10 32 39 19 19 37 60 21 82 51 45 80 19 62 94 41 76 93 32 1 81 59 91 75 34 15 4 30 41 1 48 71 29 94 32 77 64 74 28 31 31 2 79 60 44 73 56 44 12 75 66 93 54 90 78 73 37 48 54 68 70 28 84 33 34 9 6 8 59
 68 35 81 71 86 89 60 29 75 69 85 9 16 15 69 65 76 64 14 86 20 61 38 72 80 72 69 84 72 61 95 96 94 42 29 41 32 100 81 47 95 28 32 76 43 7 69 11 97 32 40 92 48 78 88 59 18 28 63 27 91 13 92 11 60 73 16 40 95 60 61 39 51 52 12 25 30 16 23 78 38 51 40 75 9 89 74 6 61 88 32 24 68 80 14 82 69 63 29 93
 19 62 9 25 18 45 21 10 74 9 31 84 49 4 42 48 53 87 5 10 96 62 42 45 91 5 22 95 28 93 76 1 5 54 60 64 38 54 16 44 12 93 90 22 94 96 12 39 64 44 77 38 19 60 25 68 68 95 90 91 27 91 21 88 48 58 3 78 8 50 40 71 77 89 9 44 96 90 100 44 16 81 48 79 19 27 74 70 5 13 4 72 89 69 63 61 6 95 8 66
 56 41 55 48 26 69 54 4 46 10 67 71 6 30 71 72 35 14 6 50 66 75 50 28 13 26 98 89 45 42 61 67 61 50 49 51 66 93 88 22 98 19 67 65 70 51 21 70 19 87 44 26 47 15 7 69 38 77 72 1 73 14 49 67 91 18 12 52 17 40 3 31 54 18 57 87 42 10 72 83 83 32 48 54 24 28 21 13 35 33 57 32 15 38 7 58 33 1 75 10
 50 58 75 9 89 93 55 30 23 94 18 15 43 41 50 80 20 88 57 75 5 94 53 36 81 60 40 33 49 62 24 15 31 70 10 1 41 94 13 31 4 13 38 87 76 72 73 81 65 22 33 52 72 18 5 70 72 29 85 54 50 77 64 1 50 95 100 46 85 60 31 3 46 59 63 3 24 39 97 42 100 32 45 98 45 15 27 15 32 92 7 72 30 36 85 8 58 8 21 93
 98 4 75 30 10 56 11 80 37 72 71 64 78 56 10 61 93 3 1 70 64 71 17 70 22 100 35 68 69 56 44 2 55 42 45 43 54 35 55 89 86 17 86 91 59 54 3 46 63 21 53 54 32 63 27 19 37 19 64 32 27 15 28 81 41 64 60 60 10 95 25 96 52 79 43 90 100 58 4 81 69 17 63 69 4 14 68 59 94 49 43 29 91 35 60 34 36 98 2 24
 72 59 67 2 67 53 38 53 53 73 27 74 97 93 7 79 46 41 2 21 32 78 5 58 29 55 49 58 54 37 1 50 88 98 31 44 22 2 61 94 72 96 86 21 69 62 78 53 64 19 23 88 43 88 67 14 41 84 52 85 33 57 63 62 85 48 29 26 3 50 87 54 55 19 52 64 16 91 73 32 51 100 17 51 53 74 100 61 96 44 100 43 71 87 97 77 39 42 70 9
 67 23 31 54 34 74 38 73 14 87 6 90 6 64 98 66 24 33 53 38 29 94 1 32 6 51 60 79 29 59 85 51 96 88 30 22 52 20 83 28 9 34 47 9 60 22 17 57 63 18 97 62 79 56 73 28 88 65 83 93 55 9 38 83 47 48 99 70 45 75 75 12 2 26 71 81 24 1 31 16 81 81 38 95 55 3 51 32 18 9 74 4 97 47 73 32 71 33 80 64
 56 99 71 93 45 96 90 35 93 15 49 84 28 88 87 20 60 27 88 52 60 56 9 98 79 54 60 31 33 47 20 46 67 83 72 27 37 39 93 53 56 81 15 76 16 62 80 78 13 14 53 77 53 4 43 88 21 60 5 25 87 98 23 73 50 96 97 39 31 36 6 23 16 10 55 49 57 63 47 52 44 64 25 35 55 44 84 57 5 21 50 9 64 23 88 43 41 77 84 37
 41 78 14 16 22 55 74 80 30 14 9 92 24 79 2 59 60 75 79 73 84 51 28 42 1 7 81 78 75 31 53 84 21 73 9 58 88 18 96 81 78 65 4 46 76 92 44 57 26 3 78 27 47 46 98 92 21 58 2 74 45 69 28 43 87 66 20 68 47 94 2 58 1 87 53 82 70 4 10 26 44 42 48 1 89 57 50 82 35 32 66 35 83 99 75 23 17 73 6 2
 25 21 76 37 54 67 42 56 39 70 28 77 63 76 73 51 43 29 30 98 27 30 79 44 14 30 91 74 57 81 89 92 19 45 22 52 2 51 91 30 62 78 50 22 59 92 65 69 25 98 53 62 12 10 82 23 82 98 29 74 97 22 6 32 5 59 49 2 61 66 92 2 55 30 20 63 14 70 16 44 88 97 34 88 78 67 61 39 39 49 68 89 93 15 90 14 96 57 22 11
 3 56 52 47 6 44 3 21 10 59 35 21 2 91 85 34 88 97 30 13 27 62 58 23 69 64 38 24 27 68 76 55 8 55 72 84 73 58 60 31 82 40 39 79 63 49 40 74 33 87 31 22 32 14 75 25 41 38 37 4 98 63 52 67 47 100 31 78 2 3 6 3 84 46 16 40 88 71 98 25 36 13 43 1 64 22 82 76 95 100 79 19 79 50 57 96 56 32 96 88
 7 59 47 72 58 40 82 23 68 88 25 3 59 31 3 10 1 8 48 28 75 90 14 90 69 53 34 15 21 67 11 70 63 41 31 45 91 93 72 51 94 76 60 19 71 20 50 91 79 28 10 24 65 64 66 91 2 45 75 4 3 8 67 34 44 85 7 93 51 14 78 84 61 78 76 85 76 38 98 46 41 65 5 21 14 8 20 46 38 74 77 52 20 48 15 76 58 22 15 76
 60 94 13 7 54 49 66 97 96 75 11 31 5 80 77 7 24 77 12 40 24 31 74 58 20 34 94 32 42 26 3 1 49 20 26 100 54 35 92 75 1 64 75 91 95 91 89 59 8 72 23 22 74 41 37 33 60 25 85 6 14 34 19 58 21 63 49 88 74 65 7 87 60 47 89 19 98 83 24 5 37 98 19 36 78 33 79 94 74 84 43 60 95 66 56 92 99 9 11 70
 42 7 80 44 23 1 37 72 72 13 41 4 33 24 82 1 75 84 17 23 73 55 17 33 52 47 63 98 52 57 100 66 2 23 76 9 66 50 63 28 33 14 78 19 27 21 9 19 20 19 97 40 80 14 3 92 97 47 21 2 28 13 61 62 23 28 57 39 74 24 28 43 75 24 3 76 19 61 17 8 30 88 8 4 83 93 49 72 26 4 84 94 14 57 48 48 38 39 83 72
 39 56 31 68 27 48 82 73 65 24 88 19 74 74 83 96 28 72 97 54 31 29 67 94 95 86 29 58 25 40 24 17 90 56 53 49 71 66 97 5 24 10 64 60 66 78 47 37 79 55 54 29 26 82 99 31 77 76 94 88 5 40 27 23 90 58 75 51 62 91 99 54 33 71 57 16 70 56 15 43 76 99 67 37 78 32 78 17 28 50 48 79 99 36 19 67 8 35 20 14
 14 64 67 43 57 1 73 96 82 76 20 27 61 3 77 39 85 85 78 63 60 81 24 8 1 44 66 20 43 74 51 6 54 56 17 48 39 25 6 43 27 77 15 8 19 9 91 56 85 37 26 6 57 58 24 26 48 99 49 67 30 95 73 58 34 45 27 59 72 48 37 28 52 77 50 59 73 84 15 92 93 24 52 75 58 96 84 42 80 72 8 40 10 15 33 34 42 66 60 97
 39 47 47 17 7 53 55 88 69 85 28 13 80 69 27 87 39 47 31 24 33 33 50 5 60 69 29 11 5 80 71 50 9 93 50 69 85 75 72 34 74 66 51 34 1 38 20 43 60 2 33 99 29 98 33 58 84 60 78 8 53 83 55 52 8 95 100 71 77 50 38 72 34 69 67 49 83 81 20 52 36 76 34 2 46 25 92 88 34 5 5 98 43 86 13 38 7 36 73 100
 74 83 93 31 83 7 22 46 99 86 95 97 20 11 32 87 90 47 50 96 42 27 80 47 27 20 87 23 8 16 21 66 68 98 33 100 36 83 84 33 6 85 25 72 16 61 6 17 91 97 32 85 31 94 100 60 85 39 18 60 1 83 54 45 30 44 98 99 29 64 39 69 58 41 48 67 40 57 2 50 91 19 50 59 4 89 7 71 77 37 11 19 35 16 15 49 14 95 82 78
 77 53 84 33 88 43 24 7 12 58 31 83 3 100 75 71 37 83 97 15 12 72 24 81 69 84 62 76 26 48 45 20 61 30 42 9 6 40 44 37 100 78 82 72 27 77 24 34 20 38 50 61 74 54 23 49 14 80 32 12 89 68 35 94 73 2 52 89 15 52 2 47 9 48 26 64 99 88 85 19 56 46 75 59 60 66 78 25 12 35 74 24 30 21 91 37 86 45 90 11
 58 21 29 44 84 88 1 52 11 30 4 87 27 19 93 96 64 14 3 43 93 42 42 36 53 29 37 3 79 9 94 51 73 1 76 23 100 30 76 100 6 33 40 83 7 16 9 1 82 57 51 22 48 77 29 35 38 73 38 13 60 46 58 36 99 2 54 57 73 10 18 23 33 90 89 60 74 58 41 7 5 62 11 58 95 3 93 89 70 20 14 27 7 67 84 72 1 18 38 41
 82 84 81 72 70 65 21 18 26 97 92 74 4 15 2 23 50 33 61 40 53 89 62 5 42 50 60 18 27 94 45 52 96 99 46 54 89 60 37 89 36 84 9 71 61 65 3 11 64 52 3 60 67 3 40 15 75 20 77 3 86 86 100 11 21 43 14 75 89 57 32 58 18 65 78 96 74 61 50 84 77 3 35 78 87 34 71 71 75 80 1 54 18 97 61 77 45 39 44 44
 14 31 88 53 14 6 25 21 96 31 16 98 92 95 74 42 66 31 79 58 63 2 5 6 35 55 11 2 25 37 15 83 8 14 68 99 95 67 20 22 97 98 5 22 11 48 30 76 44 78 18 9 100 34 95 23 37 71 83 62 34 52 88 91 96 20 43 19 33 43 64 41 48 25 83 2 65 17 14 2 83 52 28 29 17 20 93 36 36 56 58 49 59 56 51 86 50 68 94 37
 38 43 41 28 81 64 30 7 41 32 3 49 27 69 60 90 13 12 37 13 47 44 84 93 43 93 49 91 51 57 79 69 76 77 76 6 50 64 57 95 48 13 23 75 26 8 38 19 31 73 34 52 49 15 17 83 96 33 62 91 12 13 1 25 4 45 65 27 82 71 96 60 70 65 92 65 47 86 78 49 90 17 95 53 33 14 68 91 32 9 46 38 88 90 59 67 68 43 39 100
 49 20 61 95 65 29 94 52 56 50 66 50 37 23 19 76 61 80 65 15 23 82 48 64 33 56 53 35 45 45 70 77 17 17 46 60 100 19 2 45 38 24 18 9 99 6 94 63 22 57 11 17 42 42 93 4 26 86 39 81 97 82 70 74 77 45 48 99 72 99 45 17 16 60 10 16 21 76 66 20 15 58 63 62 67 94 45 39 72 37 59 100 99 18 22 11 16 95 95 73
 4 91 95 76 29 2 95 72 40 60 8 13 91 49 2 8 89 45 94 38 82 34 18 26 87 63 54 62 89 68 47 4 33 66 90 31 57 45 45 59 44 30 16 44 59 51 86 68 68 47 53 85 44 91 73 79 78 89 72 73 82 69 34 57 69 28 26 29 54 93 31 65 68 47 8 94 64 13 64 41 56 52 41 28 95 50 59 11 72 15 32 58 56 71 83 68 18 75 78 33
 67 42 28 71 11 32 98 24 12 94 79 31 9 7 46 16 60 37 43 32 18 48 83 100 85 92 68 75 99 11 36 20 35 66 80 31 53 38 16 46 28 31 98 65 9 68 52 16 13 56 16 49 71 16 85 69 46 36 62 99 64 13 75 65 91 5 73 31 87 31 19 21 54 95 38 16 8 23 58 50 59 58 94 38 14 2 54 27 69 56 81 35 61 54 99 27 21 51 65 92
 46 14 33 20 4 15 46 57 30 55 28 47 74 33 87 75 17 90 24 39 72 74 1 99 23 91 67 32 79 41 65 57 47 13 95 65 5 50 21 19 11 3 93 81 60 53 100 87 14 22 72 92 68 63 71 54 67 85 41 72 94 37 35 27 62 62 20 23 31 31 100 5 74 29 75 84 30 72 19 61 36 100 37 29 61 48 59 42 30 42 100 56 60 86 12 87 31 82 65 59
 6 80 23 59 69 40 64 99 87 25 28 21 78 86 16 49 16 97 78 71 54 66 53 76 75 95 38 74 9 82 42 92 83 80 47 85 22 10 54 34 43 96 54 27 44 28 15 38 4 66 18 89 87 6 14 58 22 49 45 56 1 22 25 99 18 30 23 16 27 13 50 90 21 37 78 10 49 66 21 24 75 61 2 59 93 42 21 46 51 96 15 40 85 52 78 81 59 68 96 17
 55 81 12 93 100 19 44 27 58 20 37 27 14 33 63 63 15 76 5 58 78 12 64 16 74 18 8 65 47 46 47 15 99 74 8 68 5 44 48 20 93 4 20 12 94 81 84 86 23 47 72 64 62 78 78 18 73 68 63 20 81 88 22 82 40 42 10 86 86 87 25 90 79 73 53 34 77 80 43 11 69 36 100 85 36 94 80 39 81 94 74 30 68 63 48 85 27 54 20 78
 9728 8397 7449 4231 7986 9953 1166 2622 8920 3469 2697 1994 9579 1877 5269 2223 666 1153 9062 8579 105 7843 7321 2500 5115 1269 4827 1446 8982 8803 8936 1078 5581 6211 9406 7917 283 1139 3272 772 2414 5894 7105 6211 9424 1186 7012 688 4944 9973 8275 8154 8212 2746 3479 4333 6366 540 4177 1049 4247 9833 4596 8010 7734 9416 8486 5246 752 4575 5395 6118 6283 2879 2087 3140 6308 3123 1160 8311 2135 2418 4794 8904 6376 8770 4295 9235 9360 5527 2137 2353 5679