78 113
 37 54 11 48 90 22 35 100 94 83 2 37 67 14 60 37 23 84 61 39 57 48 76 28 55 29 99 22 40 14 49 88 82 34 27 12 4 90 87 17 9 66 71 88 85 31 28 79 70 17 19 20 66 34 96 90 12 85 64 8 73 97 43 99 100 6 78 24 8 74 47 1 52 79 90 34 72 98
 45 93 61 86 51 14 87 7 35 51 1 31 5 56 26 71 84 82 88 54 3 62 95 6 56 8 15 95 34 63 39 17 12 49 82 69 24 40 76 36 47 19 13 92 29 27 76 19 70 41 55 100 46 44 37 15 11 19 6 36 34 16 75 98 44 32 55 43 78 69 18 77 75 19 5 48 3 100
 94 57 29 56 25 67 86 35 65 69 36 48 87 24 92 29 45 11 22 74 99 100 32 27 74 96 4 69 81 15 98 50 28 96 44 21 96 33 77 40 16 20 83 58 78 55 44 54 81 70 91 40 14 44 59 66 99 86 66 83 71 21 39 34 81 90 78 7 69 36 71 88 88 29 90 10 75 49
 50 26 81 1 68 88 97 100 83 38 3 82 100 21 44 66 85 93 37 65 16 42 44 60 14 47 70 26 89 35 55 64 37 11 2 58 20 10 5 29 45 96 76 65 19 45 37 95 2 61 7 28 9 69 38 31 75 27 74 44 99 47 96 36 29 99 90 14 73 89 18 22 6 89 1 39 75 12
 90 100 94 76 26 25 47 70 58 68 53 17 36 24 13 98 37 44 11 48 77 98 83 6 95 82 55 49 82 4 9 63 96 64 68 60 23 12 70 22 48 72 89 73 75 25 57 40 56 38 58 19 14 33 51 18 89 39 34 67 70 1 61 89 36 39 91 15 49 51 78 26 83 69 63 4 16 23
 54 66 91 94 62 83 12 66 29 75 17 49 42 39 20 79 63 21 77 92 16 31 84 7 7 62 82 5 86 33 82 58 53 38 65 78 90 95 50 25 86 77 80 7 36 80 53 38 43 27 53 22 26 20 70 19 39 43 100 39 34 5 44 9 100 81 86 87 35 99 15 86 16 93 8 47 81 31
 78 41 79 62 91 60 22 78 37 64 12 26 53 44 89 97 52 8 74 92 53 61 72 31 36 88 38 28 58 51 42 14 90 53 75 80 29 25 64 55 46 76 1 70 79 4 35 16 84 23 65 84 75 88 36 42 51 54 68 28 63 93 2 18 91 20 89 35 43 34 6 96 41 4 83 22 46 34
 87 70 65 5 66 91 39 85 7 37 55 41 59 56 34 93 11 5 59 73 24 94 89 80 63 8 40 83 23 70 25 25 87 48 79 12 36 99 76 89 1 42 39 30 48 36 9 31 81 38 25 72 28 55 65 68 43 11 4 1 56 51 20 17 44 79 65 30 35 56 48 38 65 80 14 82 5 51
 78 74 100 19 87 43 12 21 87 57 35 86 2 57 44 85 75 39 83 84 93 10 14 56 75 26 5 48 59 12 98 57 9 95 15 75 48 72 61 74 36 83 91 45 98 60 64 28 75 37 20 58 19 39 4 89 57 82 55 49 12 41 40 70 5 21 58 97 35 12 29 69 55 73 25 92 33 13
 82 24 12 3 81 100 64 50 4 59 50 62 92 77 69 42 69 82 83 56 9 32 68 48 40 82 4 48 6 10 2 68 25 84 91 59 80 35 79 45 24 43 43 57 23 20 50 100 26 31 13 84 21 81 54 76 46 71 57 14 77 19 69 87 55 74 59 95 64 34 88 56 97 22 47 79 78 13
 82 16 5 58 75 21 94 99 61 13 64 15 15 96 60 55 80 78 48 25 86 68 77 99 5 59 11 14 81 100 52 36 23 23 95 39 90 9 37 5 64 59 46 86 46 94 25 2 17 54 49 76 61 71 71 77 14 78 82 50 24 69 80 99 21 51 98 100 1 47 29 57 51 42 80 7 5 99
 13 87 98 8 44 10 74 13 91 71 79 23 30 91 83 92 40 46 34 33 95 93 86 23 66 32 88 54 70 93 8 22 79 89 79 10 52 12 12 77 72 49 89 57 13 63 67 58 36 56 79 98 50 28 14 65 30 82 59 35 48 94 82 51 41 22 43 3 48 78 23 73 37 94 55 44 76 18
 96 81 20 100 97 29 31 39 84 7 18 84 28 61 98 55 19 35 21 55 84 95 86 30 34 18 27 25 84 17 24 66 29 72 79 30 85 61 91 45 68 99 74 60 64 67 11 71 78 31 73 88 50 29 1 89 97 92 26 20 9 52 39 1 8 67 23 91 28 16 68 98 100 50 66 65 85 52
 43 89 43 43 86 74 89 89 39 11 26 97 32 51 99 13 66 78 79 6 91 30 58 10 26 56 8 83 98 13 82 62 28 9 20 23 47 87 39 75 82 88 8 15 78 69 20 37 36 10 71 43 32 63 47 77 11 67 38 33 89 31 23 17 85 78 86 71 30 47 24 29 92 94 3 1 30 36
 78 93 32 98 21 86 70 40 19 15 27 72 81 30 72 25 54 62 98 61 77 50 76 53 25 27 89 97 94 13 68 20 90 30 19 43 17 80 12 80 18 62 5 98 50 58 97 60 58 99 11 35 83 28 94 35 63 8 4 41 76 36 67 4 48 15 75 30 75 10 77 16 85 87 2 85 66 71
 84 38 4 89 52 27 22 63 42 19 64 75 14 95 49 10 89 68 48 94 40 51 41 54 72 68 25 12 42 82 3 8 22 97 4 74 88 24 1 76 85 30 46 76 1 33 28 51 68 23 72 83 36 37 27 52 44 97 83 70 38 72 8 78 96 94 7 81 61 21 79 79 11 31 82 44 68 67
 67 64 46 83 28 42 99 56 92 63 83 53 48 54 96 21 100 97 95 39 95 74 67 73 83 53 93 11 50 19 54 78 59 61 63 70 57 41 55 59 21 30 42 23 39 54 61 80 45 58 40 44 66 89 56 86 24 88 30 22 72 57 12 24 80 79 48 85 32 13 30 48 7 10 64 78 97 82
 18 79 46 40 12 32 77 88 53 62 78 4 28 39 62 16 4 6 41 75 13 36 62 21 43 96 13 70 46 55 89 31 60 26 2 37 74 6 9 97 54 7 82 78 43 8 61 75 10 82 95 33 56 41 66 64 66 5 71 77 93 83 58 36 51 97 63 49 95 64 51 63 28 89 49 80 69 70
 37 86 30 76 79 93 61 78 26 1 35 69 5 4 46 62 70 94 17 74 58 48 97 20 32 2 5 43 72 33 67 68 60 54 23 56 50 65 52 47 92 8 47 57 48 81 40 58 66 79 51 36 25 44 35 12 31 38 27 50 91 98 20 94 84 22 46 45 42 58 88 84 65 96 85 24 25 55
 37 97 17 79 45 62 14 21 1 71 80 27 7 63 42 43 48 30 34 49 22 25 18 12 60 58 73 44 4 91 43 98 82 81 39 10 29 54 100 17 59 93 31 62 87 69 99 78 84 16 57 16 81 17 52 75 94 48 42 34 40 76 80 24 97 58 48 3 2 65 29 60 97 9 58 95 79 17
 9 7 98 83 62 46 6 54 44 52 89 23 20 54 10 44 69 91 4 96 5 77 37 27 27 43 57 14 61 96 7 5 87 19 56 71 62 53 40 17 23 52 63 28 19 38 62 8 4 76 41 55 86 75 57 67 47 47 72 5 8 4 65 15 98 31 12 14 73 82 88 28 39 96 68 21 87 100
 35 16 65 30 77 82 16 33 68 69 15 92 94 87 93 43 20 97 34 26 49 92 25 87 79 46 26 79 1 47 81 27 54 95 51 52 47 94 81 88 74 92 69 93 26 73 81 9 51 84 29 89 81 74 33 53 2 33 27 22 65 83 28 79 6 84 8 23 60 30 82 63 12 45 65 27 81 18
 14 94 33 20 53 100 79 5 65 81 37 69 42 49 75 76 93 39 85 76 29 10 90 72 65 47 84 50 47 79 75 32 53 61 59 84 2 96 33 69 47 48 5 40 17 81 50 61 6 60 18 21 96 17 38 3 75 80 90 47 100 86 15 18 15 51 49 96 74 44 50 40 27 15 84 80 2 25
 87 7 40 26 17 22 53 5 20 95 38 93 74 14 54 30 14 13 83 99 66 5 13 61 94 65 17 37 3 32 47 48 27 100 43 11 32 82 82 4 73 87 73 29 29 73 69 88 68 42 21 8 83 90 53 54 100 92 55 56 59 18 75 62 28 31 47 48 22 77 84 74 47 63 88 22 9 87
 85 20 91 30 98 59 36 83 27 77 25 74 27 73 22 84 78 10 98 36 60 75 64 65 93 56 45 59 50 71 7 54 21 38 20 38 48 76 19 7 85 99 63 53 32 41 81 76 34 23 96 51 1 95 51 83 56 42 35 43 32 89 72 57 95 95 27 100 82 89 11 31 55 36 57 33 3 76
 30 62 83 12 59 23 97 73 1 68 74 33 30 14 86 17 71 24 15 98 4 17 30 97 4 17 72 89 50 23 71 71 100 75 91 23 12 85 24 75 97 85 34 73 62 9 67 86 61 67 89 22 54 24 29 98 32 52 55 48 24 83 55 76 26 71 8 94 14 17 23 91 32 6 87 3 96 76
 30 16 10 9 6 81 31 59 22 75 97 77 39 42 87 23 5 71 23 41 49 66 53 9 50 7 64 64 18 51 27 78 100 16 57 7 92 27 28 7 94 63 80 5 81 55 1 66 77 78 14 32 41 80 74 36 14 48 23 37 18 24 12 89 89 69 18 32 61 42 32 55 79 85 42 76 23 84
 4 89 58 39 4 9 46 50 55 97 56 63 84 3 24 87 19 96 51 100 58 21 8 78 42 74 11 82 81 42 29 42 44 46 33 70 67 69 5 50 99 47 9 83 15 88 3 59 61 57 66 60 20 66 79 32 25 23 20 71 27 61 5 36 89 5 29 14 72 100 69 18 45 24 34 5 6 78
 98 2 15 32 27 28 45 72 31 81 17 60 71 26 97 87 58 90 89 28 49 90 91 42 55 70 89 62 64 9 64 53 100 29 76 83 22 3 99 27 70 9 66 66 52 9 73 31 43 18 39 64 96 24 98 21 11 34 83 85 77 3 5 28 98 95 89 51 30 64 92 5 88 93 63 57 97 17
 60 47 25 77 91 88 78 17 33 11 6 23 65 67 43 61 14 60 1 72 27 20 92 38 14 24 72 9 51 30 74 8 98 49 58 88 27 11 37 45 30 82 22 56 43 67 18 46 90 66 86 90 95 31 11 86 86 81 53 74 94 6 56 13 99 75 61 20 68 76 82 45 16 11 47 80 67 32
 11 45 24 84 61 53 44 42 39 42 32 29 92 77 19 95 17 73 89 12 100 67 56 78 72 71 3 89 70 76 27 51 94 90 10 100 47 40 70 93 76 84 69 60 82 37 94 66 2 13 5 54 70 17 42 28 27 66 45 100 100 14 99 15 93 76 35 45 81 59 9 60 70 87 26 24 27 81
 65 28 90 30 6 82 76 52 98 52 20 15 14 62 34 16 43 30 58 56 1 4 66 71 95 58 12 21 23 75 26 65 42 49 61 71 47 77 21 72 75 94 34 3 34 63 70 68 77 57 26 70 83 46 58 6 82 21 1 36 91 28 15 63 84 53 85 15 14 83 90 75 71 88 74 29 46 8
 84 96 66 28 79 71 65 23 58 28 98 82 95 33 12 16 96 31 99 77 96 51 86 79 56 60 59 68 69 78 50 10 75 39 61 29 99 9 23 40 19 48 24 83 95 22 42 99 59 54 59 59 99 98 68 2 52 45 12 34 42 68 82 100 39 8 61 10 7 35 46 57 27 78 99 23 44 5
 94 86 4 30 51 2 50 68 6 93 41 43 12 99 95 95 70 77 65 96 48 52 41 94 78 54 56 17 2 73 88 85 32 15 66 52 35 60 71 45 84 99 88 30 40 95 86 37 89 43 56 21 35 75 81 51 41 91 43 2 55 96 18 40 96 85 22 85 46 36 80 80 7 53 96 21 50 73
 64 84 13 9 21 52 35 85 77 28 35 5 73 39 97 67 68 48 18 36 26 30 99 69 37 80 85 85 78 15 71 15 36 55 24 47 37 71 41 36 49 16 19 98 57 95 47 62 96 45 71 28 8 28 92 3 28 10 42 70 73 49 34 85 16 35 55 79 50 30 81 41 22 71 13 30 22 7
 26 65 89 73 72 2 40 67 75 33 58 32 31 97 38 41 37 51 56 52 49 1 30 78 71 43 14 20 31 83 19 94 19 72 15 62 34 14 1 95 2 92 34 90 7 56 13 74 61 40 19 100 14 23 6 84 71 24 82 83 22 51 70 64 40 2 57 90 75 68 74 48 67 93 92 44 45 21
 73 35 70 95 4 55 6 82 76 20 89 3 19 47 81 32 39 9 25 8 73 60 89 64 87 15 77 53 100 100 21 13 2 85 90 58 69 31 17 81 32 10 29 19 31 2 92 5 88 41 98 78 14 71 64 27 38 22 54 100 6 29 48 76 4 26 64 28 81 80 39 99 1 98 70 71 66 31
 96 63 87 97 26 29 17 75 34 63 37 89 21 64 2 44 91 37 23 34 34 98 29 3 97 3 26 25 81 47 4 83 33 71 35 77 25 89 10 66 87 30 62 59 36 46 59 64 87 16 100 9 26 97 80 43 57 90 52 97 39 28 73 14 51 80 40 44 75 6 45 80 12 68 95 48 61 75
 21 56 36 29 74 77 35 15 92 61 50 66 99 29 50 88 13 93 67 18 33 42 33 9 83 16 13 75 53 50 94 93 74 85 69 77 3 72 34 33 16 86 98 89 41 45 42 56 34 29 21 47 36 86 51 17 80 48 11 5 27 2 85 84 30 97 98 70 35 41 21 33 71 76 27 6 83 84
 27 3 57 24 85 75 85 53 67 39 66 79 65 31 32 28 51 92 21 93 78 59 31 96 29 74 5 26 4 33 19 9 83 88 79 34 93 2 14 97 38 94 87 41 39 94 56 13 36 24 21 45 56 82 31 78 64 64 41 51 52 11 7 28 32 20 8 7 96 83 3 42 45 62 25 7 72 19
 63 32 7 43 2 92 39 2 45 8 8 17 18 55 20 54 51 57 2 71 28 32 65 82 12 25 27 61 92 80 42 67 57 87 84 37 29 92 50 62 7 10 24 91 83 75 33 58 23 91 6 91 4 91 46 24 22 83 2 75 38 24 37 44 10 37 55 81 42 100 83 73 25 77 79 3 70 73
 93 50 98 51 90 90 21 94 35 30 12 40 38 68 45 6 21 74 65 50 72 68 40 43 34 40 60 54 60 93 25 38 14 89 35 46 5 88 73 32 69 80 51 5 4 34 68 55 24 74 82 52 31 95 16 3 4 43 42 38 2 11 71 59 16 12 73 54 6 30 41 64 28 52 50 13 33 71
 27 1 16 12 81 10 34 25 5 56 44 23 53 62 78 88 48 23 94 55 43 17 14 88 34 89 6 87 18 48 93 33 37 79 99 73 31 22 23 68 52 1 51 78 67 45 66 85 85 16 87 85 88 72 42 89 43 22 88 42 93 79 49 7 16 23 16 85 47 92 23 30 62 91 38 75 80 53
 85 39 77 7 75 32 73 56 18 28 39 66 58 76 87 30 19 9 97 13 62 8 73 35 39 79 37 59 66 32 24 90 77 84 55 39 58 55 1 56 32 38 40 54 76 62 55 89 5 47 13 96 10 13 85 62 25 40 43 25 53 35 52 94 26 49 29 1 56 21 96 9 74 45 80 29 38 47
 61 32 77 10 14 65 35 68 4 48 19 30 94 43 80 93 20 17 1 78 48 16 16 8 86 33 84 51 38 67 77 50 69 19 48 32 83 74 79 32 26 36 35 69 76 70 33 13 75 72 78 90 66 67 48 75 38 44 83 5 47 89 74 44 34 38 87 83 87 18 95 92 22 66 25 72 75 77
 34 79 35 61 40 6 8 41 46 3 75 28 15 49 28 1 77 36 67 56 74 66 60 57 64 68 44 41 86 20 96 53 59 34 56 17 60 87 62 85 70 81 61 21 93 73 26 98 7 43 8 49 62 80 56 8 34 94 42 97 56 91 9 56 8 39 76 4 46 69 67 95 24 92 71 32 74 64
 10 78 37 56 18 41 88 27 27 80 88 26 12 84 10 83 79 35 48 22 79 6 72 21 9 35 41 78 70 8 79 66 68 78 57 75 57 82 16 90 16 82 94 44 26 15 21 22 39 4 54 87 94 63 94 61 79 66 61 13 74 13 60 58 3 5 50 38 35 60 25 81 97 60 73 22 53 24
 58 91 23 5 95 73 78 7 25 55 38 79 93 51 34 36 78 77 83 8 28 52 83 1 75 73 46 8 31 94 66 58 10 98 75 80 65 40 97 72 37 21 71 17 3 11 44 96 37 19 61 77 1 14 63 15 53 85 82 6 83 91 65 79 99 36 51 66 6 6 44 18 12 87 79 71 27 54
 37 70 31 32 46 38 16 93 71 95 75 60 7 64 68 60 32 63 20 79 51 90 19 34 8 35 52 16 26 23 81 51 77 6 60 59 35 11 22 44 8 98 92 3 6 14 59 97 70 6 1 3 13 5 59 100 82 48 99 67 98 25 66 1 44 56 21 8 6 35 63 37 42 59 4 68 82 93
 61 55 89 85 11 87 1 81 67 77 76 33 54 60 16 75 48 42 75 88 72 28 45 77 20 11 45 54 70 36 3 44 88 81 86 51 77 65 7 26 25 4 86 23 65 27 88 61 4 37 97 76 79 63 32 54 70 12 43 29 65 27 15 92 98 100 42 53 85 54 5 1 86 76 84 96 18 14
 5 20 36 10 10 10 51 82 74 15 56 94 46 23 74 30 42 3 40 90 15 34 10 43 58 54 8 55 87 45 11 49 25 47 93 73 41 64 40 66 95 27 17 17 60 41 10 19 83 76 57 72 6 49 9 3 67 42 66 11 73 28 58 57 37 98 22 85 19 26 22 31 71 21 99 21 47 98
 41 14 38 90 59 89 28 50 100 11 52 98 60 6 25 100 97 82 39 41 8 91 97 54 89 73 79 20 69 72 63 79 64 64 62 66 81 45 57 95 36 14 97 67 98 26 59 88 82 79 43 45 32 12 2 75 78 45 65 12 51 70 30 97 16 67 6 63 79 9 88 97 69 21 90 15 19 4
 96 28 12 2 12 83 9 55 14 34 27 80 26 1 99 44 78 62 29 6 1 53 56 12 75 48 20 33 25 27 17 15 91 86 4 34 7 60 98 61 24 87 35 35 83 93 73 40 91 67 45 25 32 16 28 73 94 35 45 15 26 16 50 74 11 12 2 51 82 96 2 58 80 71 23 15 42 30
 71 11 100 85 83 53 40 78 46 26 46 34 57 17 30 7 7 38 30 82 75 26 12 73 36 74 35 18 97 25 65 41 53 22 15 76 43 42 11 42 15 62 86 30 63 65 98 75 86 13 45 13 78 12 39 18 53 59 95 48 92 16 13 1 24 54 30 5 36 83 31 23 46 47 78 28 13 26
 81 68 3 68 58 1 87 23 13 40 8 64 58 2 56 44 16 33 1 68 33 82 24 61 12 93 16 88 59 73 54 63 1 47 68 59 36 4 67 12 17 60 50 36 38 81 85 20 8 69 97 37 10 40 19 1 80 44 52 69 83 16 49 36 58 51 13 6 11 19 43 74 54 98 93 45 76 13
 13 95 91 86 12 98 38 16 98 83 11 50 33 6 74 69 86 14 53 23 18 40 92 96 36 65 17 13 60 96 37 24 64 65 49 16 27 83 78 64 3 24 87 100 48 6 20 87 69 52 21 79 67 18 50 29 94 45 55 92 18 9 63 79 29 69 10 41 53 91 63 9 73 57 57 40 5 69
 6 86 26 38 45 45 17 78 20 9 28 74 92 34 69 100 99 39 63 88 56 31 83 34 31 29 7 50 23 83 81 83 2 55 57 52 68 46 86 72 7 74 53 59 85 96 81 20 45 30 7 78 13 31 28 68 12 71 71 36 28 55 92 79 79 78 7 97 87 32 75 79 4 30 80 32 69 67
 2 79 57 56 80 43 38 81 53 90 39 7 47 97 4 68 73 100 90 47 73 78 87 42 29 14 75 46 59 5 1 12 99 57 67 23 98 89 4 39 83 62 2 69 78 70 30 13 93 47 63 74 72 31 10 1 27 71 21 1 77 30 83 47 85 55 62 87 49 16 44 26 68 70 61 56 3 83
 37 14 36 23 54 74 22 72 12 11 2 49 6 48 88 13 23 34 77 22 81 57 86 46 30 77 61 72 96 68 40 25 96 96 29 2 65 40 22 90 24 79 46 12 47 93 15 34 46 89 10 54 13 88 61 45 5 8 48 54 66 19 79 2 43 99 79 89 52 38 68 88 61 90 40 26 36 19
 69 100 68 64 13 62 81 59 96 90 41 26 46 6 13 13 3 17 88 29 17 63 53 33 68 62 13 43 34 99 41 81 70 83 62 79 71 52 100 77 15 2 68 42 33 43 37 7 96 50 100 99 49 97 94 48 23 62 23 82 52 68 69 30 43 20 75 96 38 91 65 11 97 24 11 16 58 34
 64 17 86 36 50 33 81 30 55 39 57 13 44 72 30 12 50 61 59 90 5 5 30 3 26 55 88 75 60 96 80 43 46 30 32 54 18 45 12 4 3 100 8 18 90 76 71 76 19 69 83 5 82 50 18 74 94 7 46 91 29 89 54 92 14 94 85 57 87 52 27 29 1 64 71 13 77 48
 34 66 7 24 18 62 40 43 39 14 88 52 9 8 11 34 49 6 20 13 37 88 63 12 29 81 45 85 14 52 5 83 78 50 45 27 79 25 56 10 36 86 9 83 47 82 83 39 17 6 88 49 92 59 22 14 87 97 19 66 92 17 86 96 90 20 36 53 94 53 18 93 15 18 23 37 99 73
 40 66 99 41 65 91 52 74 15 56 78 25 87 100 45 1 13 84 78 92 97 5 40 70 29 75 9 39 39 80 74 21 100 53 47 13 96 82 99 50 33 40 51 84 70 3 69 46 86 91 2 88 5 39 47 59 99 3 78 23 30 96 23 80 11 62 14 31 10 26 73 18 39 20 21 8 22 74
 31 27 10 4 55 66 26 50 48 12 27 35 98 96 57 18 34 34 73 81 98 16 13 38 75 26 46 11 11 30 14 29 27 7 6 4 78 56 20 95 98 12 18 56 51 77 7 47 35 72 15 73 48 32 64 40 31 91 8 49 28 54 5 91 39 27 58 69 45 96 73 33 79 47 33 42 99 32
 68 45 25 47 75 64 40 36 82 41 94 36 9 13 65 83 57 45 72 13 85 8 56 21 55 41 85 82 24 39 6 58 82 39 2 61 34 43 20 69 30 7 91 24 63 79 7 41 37 5 58 1 57 99 87 78 30 68 69 22 40 78 14 82 23 37 24 56 35 45 5 11 57 31 26 99 84 66
 42 19 27 82 91 14 89 84 13 75 34 20 84 30 48 3 28 5 5 38 7 1 15 6 88 18 34 27 76 85 46 94 51 93 48 84 83 86 40 2 21 70 44 99 99 11 23 45 97 87 5 3 82 15 56 12 50 16 34 60 9 25 38 15 46 66 7 7 6 55 7 30 80 3 75 15 47 11
 75 4 23 56 97 34 4 82 99 19 84 73 89 51 46 72 92 89 19 74 74 54 66 73 85 29 100 26 19 37 91 39 2 54 92 27 70 34 78 3 28 38 70 71 20 21 53 27 76 10 67 19 87 25 58 19 66 30 39 49 19 90 66 48 37 41 22 42 99 35 49 69 69 45 80 80 59 18
 71 18 43 39 31 77 70 36 99 57 16 36 54 63 4 43 75 95 66 71 61 23 2 45 28 42 5 45 12 51 8 94 45 81 52 42 32 78 86 54 18 31 96 58 45 90 40 60 1 88 62 80 99 41 31 32 11 70 34 30 37 13 98 27 61 41 60 86 36 85 69 46 77 15 46 68 88 48
 22 30 99 84 82 90 13 68 88 42 97 53 40 94 41 57 7 98 98 10 100 29 11 98 26 63 39 24 6 41 81 74 19 6 70 83 40 10 88 74 62 24 34 24 100 84 11 9 84 56 29 13 15 74 83 60 72 4 8 73 63 46 78 96 37 55 61 71 37 19 42 79 100 13 38 2 23 54
 19 68 37 65 68 97 30 64 11 34 52 49 32 38 70 31 21 73 39 72 87 37 35 80 36 28 7 23 76 94 91 69 36 61 62 93 61 44 33 78 58 13 97 65 50 80 32 93 82 5 8 65 58 83 42 61 92 33 41 63 25 6 88 57 47 81 49 55 17 65 16 16 56 55 32 19 86 15
 31 40 39 80 19 94 61 8 34 55 18 31 63 47 56 73 68 44 88 73 68 40 55 95 42 62 45 45 29 26 15 81 23 93 87 73 52 37 65 37 86 22 39 54 50 66 25 78 9 89 98 78 45 16 78 99 78 27 9 20 81 53 70 95 31 92 81 31 1 68 43 21 41 74 44 37 72 11
 94 33 13 94 16 35 36 24 26 10 73 35 41 100 32 72 92 81 49 22 82 50 82 22 13 95 73 87 79 73 66 2 45 74 66 8 34 54 12 49 1 29 81 17 4 48 51 87 35 5 48 47 29 20 21 55 5 38 51 51 94 18 31 12 64 69 97 88 65 91 36 98 82 52 42 28 19 75
 19 36 85 72 7 92 19 90 41 70 31 9 36 72 87 95 20 99 21 4 23 24 49 32 50 8 50 67 55 23 89 23 36 89 74 51 3 31 41 43 48 38 4 5 99 96 7 9 63 10 85 47 10 69 13 27 58 25 14 64 64 30 79 35 11 35 83 16 62 73 8 76 81 88 80 86 56 38
 27 54 52 56 18 8 61 58 100 4 87 11 51 34 59 38 25 9 68 69 57 47 69 6 27 65 62 92 14 39 88 88 42 44 49 2 89 75 45 98 13 62 28 95 23 96 68 86 24 40 72 18 58 52 60 83 28 73 72 84 38 84 89 67 75 100 47 44 59 96 24 69 99 42 12 27 45 53
 22 57 93 32 27 82 56 41 29 92 21 73 92 46 99 60 93 5 60 12 42 19 59 18 76 13 21 5 71 50 6 16 50 38 27 25 23 84 15 88 57 83 11 28 15 41 80 11 68 41 81 13 88 47 24 3 22 38 11 21 40 88 96 79 64 6 26 7 4 70 8 30 65 9 68 80 85 47
 71 64 96 62 3 15 86 47 94 99 2 68 57 80 32 83 62 51 83 47 27 70 91 23 72 80 45 24 22 53 40 47 32 6 63 58 6 14 38 8 6 81 65 34 29 5 36 87 63 18 56 58 25 84 92 78 12 62 90 35 100 80 27 10 88 46 75 1 18 69 57 79 31 86 8 61 38 10
 30 72 16 11 74 35 60 48 3 37 79 99 17 100 32 79 36 39 79 55 65 26 70 46 40 66 41 31 74 24 11 85 6 46 56 79 19 58 97 73 59 12 22 49 5 91 9 2 43 1 100 39 41 55 31 17 31 35 67 86 82 20 61 16 7 65 76 74 12 74 70 29 29 4 4 28 46 22
 57 50 88 24 53 87 60 15 81 75 47 90 2 27 28 72 14 32 55 1 41 62 27 49 68 34 58 89 65 71 77 30 80 88 29 26 30 40 95 53 1 87 90 92 72 78 28 89 97 34 89 19 60 57 54 63 59 2 57 82 41 77 42 2 83 77 52 7 97 21 10 29 54 84 84 7 47 84
 30 79 91 82 7 35 50 82 100 74 53 22 51 6 11 91 56 8 31 78 100 13 100 14 37 87 35 54 53 81 3 17 100 56 82 2 77 81 53 84 95 58 66 7 61 73 19 17 59 58 39 78 52 93 2 92 62 84 8 39 64 9 49 99 47 44 17 71 85 51 87 13 40 1 48 23 56 85
 72 68 24 44 40 81 22 58 75 91 33 89 17 61 13 84 83 50 95 41 32 11 4 18 29 3 47 8 71 33 19 81 99 97 23 49 6 57 7 84 50 35 32 34 97 10 70 62 42 2 96 14 92 87 73 13 13 93 77 41 59 38 75 56 88 39 90 29 43 43 58 13 70 38 82 39 95 100
 48 44 96 62 54 31 17 71 71 61 78 22 21 99 83 19 6 49 34 25 74 7 64 29 69 82 15 47 52 33 55 91 76 6 33 93 99 66 67 3 92 97 5 46 78 27 6 98 16 43 60 5 55 56 54 13 30 61 32 83 48 19 70 7 17 6 98 48 87 38 6 100 97 60 12 73 47 70
 70 67 61 21 92 29 71 92 68 85 56 64 79 15 3 51 98 50 46 86 35 45 69 13 18 82 78 34 11 51 81 85 65 47 6 82 49 69 19 53 58 41 79 9 30 75 4 63 30 68 59 32 77 7 93 23 55 89 25 89 55 7 93 49 47 68 81 87 66 56 56 58 97 88 2 1 23 9
 9 41 85 95 45 28 86 83 52 85 13 66 56 97 65 39 39 45 27 97 45 25 43 11 16 1 75 69 9 51 25 11 54 23 66 80 26 72 25 22 98 19 63 84 61 43 72 5 47 3 79 86 88 28 99 68 65 2 28 24 31 70 32 40 6 41 36 96 42 96 33 94 40 33 91 87 36 96
 66 26 30 81 17 26 82 55 56 29 87 59 2 85 48 34 16 76 96 86 3 61 76 55 70 43 69 86 95 4 15 81 11 27 16 1 87 15 24 71 15 10 17 73 24 13 1 85 89 45 21 93 16 80 59 24 31 33 5 55 31 77 70 88 44 62 66 78 69 14 78 20 33 43 82 8 50 99
 97 99 27 77 6 63 73 18 54 80 97 10 61 15 70 48 81 68 37 90 9 97 1 72 79 91 13 85 17 62 48 81 57 31 82 42 17 35 48 22 97 42 56 24 2 65 34 22 44 68 17 76 34 20 52 41 23 50 2 54 65 93 14 72 18 20 52 1 71 100 71 73 36 20 67 23 32 70
 26 24 30 75 7 12 38 66 68 23 74 93 78 11 44 54 71 59 59 89 87 4 72 58 26 83 96 30 39 80 79 65 85 12 45 84 30 75 65 8 36 94 68 19 40 31 87 78 65 37 47 28 38 21 43 85 49 64 33 58 55 83 80 78 26 76 10 58 11 28 60 32 14 4 15 26 22 73
 31 100 40 34 100 58 99 12 98 20 58 34 61 22 72 100 39 60 12 65 30 42 3 80 48 36 76 51 36 18 96 13 3 56 99 58 86 68 79 69 20 46 94 88 44 13 76 16 91 67 31 87 69 47 95 4 65 28 30 57 75 10 17 14 76 37 29 40 90 69 83 65 11 20 50 11 83 13
 5 96 98 35 11 59 83 50 28 87 15 25 47 54 100 32 50 20 22 33 97 19 84 67 46 9 93 12 24 24 29 32 72 21 41 78 34 48 59 56 50 50 74 58 15 66 17 78 36 4 14 63 65 23 71 70 78 91 36 21 90 94 75 28 36 77 10 46 78 74 74 51 14 55 96 19 86 35
 67 36 72 86 2 9 92 82 29 74 53 3 46 34 77 40 65 7 30 71 66 84 51 93 21 19 39 4 24 68 73 81 96 6 55 3 53 17 21 19 27 41 14 62 53 73 74 96 8 44 3 31 3 93 3 36 54 67 80 16 27 75 52 9 32 73 61 73 42 36 100 1 52 48 49 3 91 37
 25 54 5 69 44 3 33 78 64 43 86 65 78 55 2 9 14 23 59 65 65 98 9 54 12 54 14 35 90 38 28 26 45 97 84 53 98 56 46 96 72 11 69 24 77 27 3 63 95 27 66 38 35 70 4 87 13 23 62 25 34 64 4 94 1 92 87 58 71 16 84 8 73 60 4 1 36 47
 13 50 34 23 86 96 54 62 93 62 30 67 71 85 19 88 12 20 25 14 96 27 91 23 46 100 86 81 68 97 72 16 96 33 58 98 55 10 84 43 16 95 42 24 27 73 58 31 33 58 44 64 55 23 88 80 50 72 7 48 71 23 43 59 35 44 18 73 42 70 10 19 1 77 24 30 49 13
 67 90 54 36 95 43 79 4 73 56 53 23 11 49 98 96 23 9 69 100 17 14 20 72 77 93 63 10 20 68 2 9 88 60 23 43 91 16 90 95 37 68 90 80 83 58 81 64 45 46 81 81 65 68 40 59 67 16 71 7 48 53 28 14 2 59 72 66 20 25 13 97 16 73 36 95 7 76
 15 4 77 17 41 69 84 19 24 98 65 39 94 30 82 97 19 25 19 43 47 73 83 46 42 83 13 95 30 38 86 11 60 95 54 91 47 57 17 46 93 43 69 45 1 68 97 67 65 100 3 10 8 8 43 38 46 99 60 19 91 68 95 46 1 86 77 54 43 71 60 63 35 80 27 79 88 78
 29 49 8 37 44 38 13 57 94 98 23 38 45 76 40 69 36 7 13 75 9 40 48 100 80 11 15 63 26 31 61 67 53 80 84 12 39 31 62 35 70 69 84 24 96 28 80 81 60 40 90 76 45 83 28 24 79 13 44 83 11 46 82 75 84 32 26 10 68 85 39 42 86 79 91 73 100 34
 83 47 40 34 16 89 69 47 77 52 41 71 21 74 66 81 82 73 51 30 44 9 17 75 35 55 6 54 20 5 16 19 67 92 11 98 85 53 4 58 51 68 75 60 86 8 30 43 30 21 86 45 66 89 72 25 54 33 12 78 43 81 33 16 38 85 63 21 45 63 9 56 30 17 37 33 52 20
 59 53 20 61 85 89 22 22 82 29 71 27 76 64 87 50 92 90 49 51 62 54 93 74 51 63 3 79 9 33 90 79 37 18 3 83 21 25 34 15 17 34 11 34 75 44 37 42 25 15 72 24 78 75 73 10 42 81 54 99 90 16 65 29 30 27 92 6 97 4 86 30 83 73 19 12 46 95
 65 6 12 55 67 65 56 14 35 64 36 73 3 84 73 24 9 91 32 65 74 57 99 88 89 67 36 54 37 52 33 10 87 15 81 64 14 53 11 8 100 79 75 43 92 57 15 41 71 47 56 5 50 18 21 55 62 94 37 98 87 92 53 51 70 54 39 97 43 86 69 45 7 63 93 67 74 100
 32 95 80 53 10 11 32 27 35 12 79 92 41 31 94 42 14 79 20 94 47 80 44 37 59 46 75 52 80 89 69 5 77 64 11 38 45 63 79 40 63 72 53 72 88 55 25 82 3 54 34 39 3 60 19 14 83 47 49 3 98 16 24 94 81 78 97 19 47 88 68 1 4 18 83 75 52 41
 13 65 97 16 28 92 63 35 96 2 18 84 15 12 57 52 12 6 70 41 75 61 71 54 21 57 11 90 92 71 69 41 10 43 12 48 68 45 81 62 2 81 63 11 77 79 64 10 93 89 100 11 82 42 15 60 37 56 32 58 66 59 42 89 21 20 100 4 15 4 45 6 18 73 82 63 49 67
 56 84 60 34 49 3 37 43 85 14 2 70 60 55 55 39 12 51 25 7 36 94 61 92 76 96 47 64 16 5 88 83 54 61 33 68 7 33 76 45 16 65 90 96 90 11 10 77 41 17 82 18 60 58 1 86 62 26 21 78 63 73 83 44 3 39 44 35 8 90 16 32 18 63 24 18 14 14
 38 56 60 33 80 9 96 65 90 61 95 88 30 73 26 95 31 45 71 81 76 8 18 66 79 7 91 100 98 38 6 22 30 54 64 92 84 75 93 21 95 82 42 68 93 68 88 12 28 38 14 44 17 18 81 57 79 46 10 15 93 26 87 62 15 73 42 68 56 33 49 54 19 83 78 16 40 65
 33 92 3 74 23 88 77 56 95 77 64 16 93 94 100 29 72 53 45 74 28 48 67 67 44 52 50 73 73 61 92 67 12 38 81 54 67 34 15 57 29 53 100 97 87 64 84 66 85 69 46 97 70 89 45 2 52 4 62 81 42 93 15 69 76 40 94 2 49 14 35 45 70 49 96 48 49 49
 36 33 36 85 13 45 4 94 53 92 97 66 29 92 76 37 58 74 71 48 30 72 97 60 21 51 84 80 37 10 74 5 65 2 5 2 52 65 41 60 50 7 6 16 72 79 12 55 51 14 81 69 99 18 85 1 74 20 22 82 37 24 22 23 21 30 65 95 44 2 20 39 77 87 85 8 70 34
 82 48 2 79 78 76 15 47 33 15 33 97 30 12 53 38 1 68 47 59 93 43 2 78 74 60 76 37 35 63 27 32 55 14 47 39 53 98 44 76 41 22 28 55 31 7 5 77 59 23 84 15 16 9 50 17 11 68 77 89 68 6 75 13 30 7 43 62 8 22 74 63 45 34 30 63 44 5
 50 76 73 92 42 83 92 1 68 98 40 24 7 18 44 22 45 6 19 57 42 57 8 97 10 69 49 44 36 52 46 1 17 65 8 22 6 10 80 91 2 17 69 18 3 38 37 92 2 16 39 100 63 78 39 78 50 13 12 4 91 20 44 71 58 59 81 22 88 51 19 34 20 9 92 3 5 51
 54 78 60 83 66 37 2 45 74 24 23 67 16 97 31 8 56 100 48 61 29 17 58 76 72 11 99 67 40 65 72 53 71 64 75 93 86 80 66 18 82 25 83 33 51 21 61 2 99 93 5 51 64 21 53 4 24 71 72 22 83 18 44 1 54 99 44 11 42 74 88 3 29 95 6 87 87 48
 17 32 61 27 14 1 95 99 16 40 42 100 62 33 39 47 19 51 11 47 67 44 96 60 18 85 74 52 39 89 37 23 2 89 42 3 43 92 84 38 43 25 47 27 5 38 53 46 64 67 34 84 58 60 16 93 24 35 25 50 66 47 16 82 92 13 97 96 47 25 88 3 29 69 65 26 38 38
 27 83 45 53 19 77 59 93 75 62 3 98 27 52 5 71 33 74 56 65 62 80 35 38 5 1 77 65 40 14 31 7 25 43 91 48 36 91 91 13 65 34 85 82 13 61 76 15 79 39 86 64 90 22 29 2 98 24 58 48 27 89 22 66 40 80 83 74 82 50 23 46 9 38 31 74 27 78
 43 71 28 74 8 3 40 57 92 21 66 62 19 60 79 61 5 34 78 81 13 85 37 60 7 87 85 43 74 91 65 54 96 9 40 35 99 84 37 2 28 58 47 15 2 99 84 14 23 75 72 81 48 60 93 48 56 12 36 32 69 79 73 35 60 75 70 97 39 55 64 6 80 53 100 58 10 40
 29 19 69 41 32 21 87 74 12 21 99 90 58 54 13 73 52 45 83 72 7 83 59 52 98 67 23 43 85 23 40 25 58 62 7 75 60 90 28 70 57 33 8 73 95 49 53 90 74 69 33 75 65 96 4 77 73 52 3 8 26 27 73 43 54 9 23 48 93 6 99 36 57 28 74 78 100 62
 32 30 62 71 100 1 22 92 22 17 33 82 51 91 39 35 33 44 88 87 3 23 32 68 50 68 64 66 76 30 10 24 27 30 18 4 49 64 12 74 20 83 40 93 59 92 86 25 96 50 73 79 54 76 57 34 79 24 30 54 14 75 1 2 70 26 33 42 18 79 22 49 50 53 46 84 79 34
 18 81 33 53 28 97 73 16 90 17 82 92 64 76 40 87 87 51 29 31 84 16 2 20 8 34 12 46 55 54 57 28 52 45 44 18 52 38 80 26 87 59 16 58 24 52 26 17 48 59 63 86 79 97 59 60 90 73 54 79 8 21 36 7 6 35 39 92 71 31 76 12 93 41 57 82 84 53
 74 57 74 56 34 78 11 18 95 82 2 46 39 77 90 13 57 30 41 35 69 65 49 93 44 96 24 73 63 8 49 21 47 47 64 39 17 21 41 28 43 44 41 34 70 32 37 52 26 15 95 23 45 67 6 62 21 57 21 89 36 53 60 69 15 9 24 77 99 43 6 93 98 68 5 74 73 43
 62 16 12 97 76 53 43 39 79 92 66 39 50 78 36 9 48 1 51 21 98 86 79 31 41 49 87 5 29 75 72 95 93 39 46 82 53 85 44 11 32 43 68 69 71 17 34 89 76 78 75 54 51 70 96 43 8 13 53 25 66 23 76 4 38 2 18 9 25 35 42 60 16 24 92 99 88 80
 3643 3121 5943 5542 6278 3640 1055 5379 3544 4780 439 4646 1545 1748 5351 7618 4567 2232 3038 458 4308 4397 2235 3016 2073 7795 3478 4964 4896 949 1859 1447 2296 1105 4765 1106 3616 782 1539 746 990 1268 4781 6708 4517 4323 1328 6998 2271 5023 6907 4283 3264 4238 4498 559 7752 3685 4190 3781 3077 4747 5814 7764 2225 7328 464 7180 5036 2172 574 471 3406 689 6381 2714 1663 2141 328 1803 7463 5952 5846 921 1519 2459 699 519 7432 4188 3209 2523 1904 4829 7280 1087 6318 5468 6559 5120 7068 729 5877 7268 6024 3536 2548 4643 7164 1353 5809 3339 5198