85 85
 45 27 91 49 17 66 11 58 74 79 79 69 34 41 55 67 31 50 5 2 94 70 37 27 19 16 26 52 80 32 74 10 11 98 60 30 74 48 40 86 90 19 21 76 94 81 81 67 51 88 44 61 53 82 39 77 60 52 20 63 37 42 73 24 59 5 39 15 38 36 26 5 67 99 48 28 85 35 56 99 1 20 20 62 61
 100 16 28 13 21 94 21 59 79 73 41 59 18 61 37 61 13 83 45 79 70 74 72 28 32 84 4 98 35 12 61 22 46 38 98 60 71 37 39 43 82 81 84 32 66 62 85 86 10 73 94 14 85 63 96 68 98 74 3 35 35 86 10 57 64 15 28 9 39 72 31 22 81 65 63 40 4 45 21 71 47 92 47 70 3
 62 66 28 82 15 40 79 60 14 71 19 19 33 25 45 28 3 16 63 89 90 7 47 30 88 28 70 8 97 51 15 61 11 58 70 88 69 42 96 81 89 8 69 23 74 50 53 50 33 93 94 55 92 100 71 37 29 21 36 3 8 36 41 77 7 37 62 94 23 100 8 52 48 41 33 32 41 16 5 79 78 35 50 15 5
 1 61 78 61 69 6 45 96 27 43 25 26 23 58 44 69 65 17 83 56 84 45 22 19 25 18 84 94 85 7 20 24 79 71 73 66 9 79 84 93 24 80 100 19 57 71 8 9 96 6 35 39 1 97 19 21 78 4 11 83 94 54 2 74 29 67 96 81 14 24 50 32 97 68 31 77 77 84 100 95 91 50 68 50 31
 25 93 81 63 58 73 75 37 20 63 9 29 10 23 86 49 15 38 5 83 57 7 59 85 70 65 6 39 9 35 60 67 22 8 63 51 36 45 87 74 29 14 35 90 32 76 40 9 43 11 78 92 19 33 27 1 35 77 28 48 79 56 47 26 41 90 68 5 68 53 24 44 24 20 55 30 36 66 94 2 30 32 52 55 38
 95 55 78 90 60 88 100 77 81 82 39 61 77 27 23 67 51 39 29 58 43 85 11 84 30 27 33 47 71 78 4 37 62 75 18 79 25 9 50 16 41 2 79 88 74 48 60 9 82 25 5 68 23 76 69 8 10 70 48 84 23 38 68 19 32 34 84 22 32 71 62 44 45 49 60 37 36 83 79 25 96 69 70 94 67
 27 28 45 19 84 6 70 6 32 95 82 46 48 17 12 56 95 54 72 20 29 50 64 54 51 74 34 67 37 55 94 58 7 33 13 99 43 13 42 96 56 86 39 90 66 31 26 22 2 57 2 28 83 60 19 49 7 97 37 99 39 77 67 29 51 19 43 33 51 39 95 23 52 82 71 34 26 56 98 68 86 53 68 16 82
 4 9 6 73 54 72 46 74 22 55 13 69 46 98 19 15 63 51 48 61 56 26 49 25 13 34 23 79 71 54 53 27 60 49 66 37 28 18 55 54 42 10 56 31 91 56 31 23 28 73 72 61 79 66 39 2 32 84 41 81 72 22 62 87 69 75 99 92 17 82 29 54 61 58 50 63 77 70 8 66 54 67 58 49 44
 63 31 19 95 67 21 59 78 99 27 3 46 67 10 8 20 98 29 70 3 56 100 97 57 63 5 41 70 12 18 34 73 67 1 34 89 96 20 83 66 37 50 15 44 21 18 13 92 53 19 17 39 87 95 57 72 50 6 27 15 2 2 21 80 95 59 50 19 32 65 97 68 32 70 51 31 42 92 94 8 32 50 29 72 66
 48 61 44 90 81 84 21 51 73 100 8 12 85 14 48 64 4 11 3 13 63 78 13 24 53 30 88 72 48 85 67 99 31 21 83 43 56 39 60 4 75 4 66 28 87 60 84 47 17 74 38 39 1 50 81 19 78 68 66 58 21 30 81 1 8 62 8 59 66 45 27 78 74 17 57 57 34 86 82 18 67 39 28 31 58
 2 59 50 36 60 17 3 80 69 33 93 4 88 27 39 53 57 42 54 32 45 14 92 77 84 18 60 9 6 83 67 5 11 67 47 85 94 43 35 11 38 59 74 27 100 89 41 35 40 82 97 19 13 56 47 52 4 81 7 52 42 58 51 35 29 57 100 63 37 80 46 95 73 100 86 12 2 51 3 37 96 80 57 42 76
 42 23 28 1 30 38 2 93 91 73 37 49 18 100 39 27 61 53 31 17 57 20 53 14 52 48 23 9 50 5 81 87 16 40 3 44 80 60 24 53 15 55 90 100 3 93 7 84 69 69 35 12 98 51 4 18 58 36 52 16 63 25 76 17 62 24 17 42 95 93 25 19 24 20 89 43 15 7 35 94 37 88 99 37 86
 89 76 58 94 62 70 22 93 34 2 47 91 34 21 13 71 49 45 16 40 65 58 9 37 94 37 50 71 50 25 36 39 11 62 34 27 43 58 20 76 20 17 89 56 22 56 99 27 65 85 27 44 63 3 81 6 37 36 89 52 54 49 81 8 22 23 32 93 99 24 90 89 55 62 16 27 89 15 20 50 94 69 56 80 43
 94 34 87 62 24 61 89 70 59 42 8 92 56 71 42 97 93 32 81 32 48 23 71 87 30 71 25 60 5 97 93 54 17 96 18 1 68 3 35 60 86 17 78 40 22 3 58 12 83 70 53 33 72 74 58 53 57 76 96 62 75 69 61 42 64 71 56 19 61 16 69 7 43 27 44 85 26 74 51 74 91 37 54 48 16
 68 30 90 76 7 92 71 77 60 2 42 6 83 61 97 61 92 31 83 81 13 100 80 90 39 95 18 84 71 81 47 100 2 33 80 36 71 41 7 81 60 50 93 74 75 1 93 36 72 6 79 41 9 54 84 32 42 57 7 86 86 10 15 2 67 38 46 66 53 8 39 2 94 5 34 98 16 60 65 13 9 12 51 77 44
 72 24 7 51 4 47 85 78 60 20 25 8 54 65 71 27 54 23 96 96 32 56 25 64 50 28 49 68 32 72 47 27 14 22 46 68 66 24 49 85 31 88 79 22 96 61 49 79 66 72 91 61 86 65 72 59 13 65 97 8 32 10 28 86 32 35 69 33 28 22 10 74 56 30 77 54 14 89 92 90 26 86 2 67 87
 19 44 13 81 86 39 30 42 51 92 71 17 57 1 51 10 58 72 14 81 97 17 86 63 52 6 60 20 14 77 60 16 36 10 30 68 23 21 65 8 81 77 68 33 16 57 11 40 60 19 54 95 18 64 6 28 72 41 4 91 34 66 74 85 7 59 26 83 25 36 78 25 2 13 26 41 68 68 60 87 2 68 31 39 41
 37 25 28 83 37 87 99 78 60 81 43 4 70 93 90 4 10 10 52 65 62 29 92 34 96 57 76 68 9 22 58 65 30 20 71 3 81 77 75 3 59 55 30 5 22 53 57 90 8 59 76 71 5 66 59 62 30 96 81 95 24 15 19 90 13 50 29 58 90 65 97 37 63 87 5 66 38 81 62 4 73 85 3 3 41
 80 10 24 91 29 38 96 94 34 100 16 61 18 49 57 85 61 53 7 43 88 90 32 66 96 13 72 90 99 65 28 66 30 57 41 49 99 74 28 73 36 86 68 82 7 3 30 83 39 31 71 22 27 23 4 37 41 92 2 58 46 99 44 13 97 20 43 97 17 17 100 29 30 29 83 9 17 18 90 13 10 48 13 3 71
 25 18 59 58 64 47 92 29 46 32 20 28 38 14 10 51 77 47 34 10 28 23 17 52 27 57 18 28 59 29 75 88 16 53 11 46 70 61 76 11 73 52 16 90 74 78 49 61 64 96 1 77 31 95 88 3 87 55 26 87 89 96 54 65 63 10 56 31 50 19 84 98 40 44 79 38 45 80 51 2 45 80 25 63 63
 58 20 24 65 49 38 7 68 26 66 4 12 57 9 38 58 42 31 75 91 22 95 7 65 57 23 90 57 72 97 35 60 11 31 24 26 50 4 99 43 21 36 57 45 19 52 33 17 22 23 53 17 8 12 2 34 80 60 80 17 1 86 68 80 44 60 43 18 1 58 25 57 18 19 66 23 94 43 34 53 78 39 10 52 69
 65 99 63 73 72 9 8 37 55 11 65 80 15 2 96 86 21 80 47 95 87 74 73 40 90 70 7 17 96 9 10 66 91 59 34 77 81 10 29 82 38 76 44 7 24 14 99 63 6 48 21 72 73 50 29 86 60 26 57 16 30 50 53 3 49 34 38 88 67 51 27 22 89 88 72 25 3 78 47 75 26 34 9 40 93
 9 42 11 45 90 57 96 36 53 14 12 31 32 93 27 61 16 47 86 54 87 72 27 96 98 59 49 46 11 89 55 72 50 75 24 52 33 63 95 100 95 14 56 57 29 99 95 73 26 13 28 40 55 56 1 30 3 37 4 59 36 99 50 70 80 8 54 52 76 59 54 63 70 87 16 72 77 32 49 85 46 46 32 72 49
 3 91 99 36 44 72 39 32 49 79 25 52 57 52 90 81 27 62 90 43 4 44 28 41 92 95 30 7 23 13 48 81 3 72 82 1 59 48 32 15 84 52 30 73 71 40 6 5 46 27 40 53 2 17 37 4 89 89 16 15 44 8 27 93 73 87 6 74 49 17 5 15 69 11 23 21 5 21 34 61 96 89 89 42 23
 100 14 18 72 62 42 47 36 98 14 12 68 22 58 85 90 50 10 74 94 82 15 85 86 27 15 51 14 91 84 52 86 32 69 58 28 77 79 70 16 84 72 12 48 51 1 93 49 11 33 89 21 30 20 77 42 93 8 77 61 25 43 62 90 97 27 17 71 54 43 8 19 5 11 86 36 18 52 80 81 43 17 40 81 43
 66 42 60 36 3 43 96 12 40 61 30 97 19 42 2 96 39 93 22 31 12 3 25 93 33 90 7 10 33 76 52 39 66 28 60 43 35 77 8 18 91 37 34 92 1 5 44 94 4 8 68 38 63 92 94 83 99 53 20 25 1 68 55 97 74 91 16 6 26 58 41 3 32 61 35 30 52 11 63 34 10 85 19 32 81
 87 43 40 21 46 59 73 66 57 62 83 33 66 37 19 53 19 96 25 100 59 16 33 90 18 100 72 64 62 32 55 9 92 92 11 15 82 22 52 53 47 96 46 24 30 84 29 10 55 73 60 66 61 30 65 52 96 16 97 43 12 34 83 75 71 39 37 82 19 56 89 71 91 6 13 38 31 78 54 7 70 94 57 70 57
 68 27 53 26 86 73 43 39 55 99 63 37 59 86 89 75 16 26 18 47 70 87 39 29 40 40 74 54 15 57 27 57 66 66 90 26 69 36 18 97 72 50 35 94 69 87 82 77 45 53 6 66 64 83 23 16 45 67 66 85 11 24 41 1 75 19 23 32 47 68 5 71 4 52 6 30 34 40 92 2 24 12 24 49 35
 59 46 83 31 68 40 73 13 36 44 98 55 67 90 94 95 19 74 80 36 52 52 46 89 69 94 74 30 38 43 47 99 74 85 58 98 53 30 10 66 44 31 29 27 49 22 90 33 69 68 47 52 72 19 1 21 32 18 18 4 51 19 79 76 48 98 61 98 9 56 6 66 10 75 62 86 58 43 93 59 58 54 17 33 61
 34 36 39 80 33 16 51 79 7 50 55 65 58 81 4 55 6 65 17 4 35 72 48 47 70 16 3 97 29 40 57 67 89 97 34 61 31 11 26 66 61 97 88 100 71 23 37 34 29 83 21 21 24 22 13 18 4 98 92 70 61 100 99 60 71 19 76 8 71 82 74 66 75 30 97 76 55 63 93 69 73 20 48 51 89
 8 30 31 17 99 32 11 54 6 82 86 22 95 31 61 74 5 53 90 52 52 27 30 96 64 13 90 20 14 23 24 54 43 31 38 14 51 25 1 27 51 16 82 93 64 34 37 30 81 1 77 28 36 75 56 49 60 7 9 7 68 66 84 87 91 37 71 23 55 64 44 49 64 39 30 42 42 86 52 77 69 93 27 10 94
 32 68 79 78 49 63 87 81 19 37 39 94 52 86 81 50 27 84 36 27 36 28 99 71 76 56 24 19 62 88 59 22 94 81 25 46 33 30 19 96 3 67 63 57 68 37 26 8 16 44 24 17 90 64 27 25 94 43 81 59 69 74 33 30 24 93 64 30 14 4 80 60 99 66 50 100 19 27 76 76 34 45 4 64 83
 53 94 22 82 41 5 77 51 29 77 33 77 3 13 37 67 92 60 2 64 70 72 52 79 78 37 25 38 82 81 77 56 82 54 7 70 10 27 93 24 47 39 47 99 71 44 48 40 80 49 93 62 5 46 84 4 3 97 12 86 66 24 72 17 34 8 17 65 95 12 25 21 95 57 9 46 19 100 23 88 95 19 1 95 96
 5 95 3 71 15 96 73 70 65 10 66 88 22 99 74 52 36 5 8 13 23 21 37 10 28 18 1 79 62 72 23 23 89 8 33 34 87 26 3 11 11 25 26 13 5 9 44 51 54 55 34 41 32 74 29 37 46 31 93 40 92 85 39 94 29 87 49 48 81 90 74 31 10 87 12 44 93 53 21 57 76 22 61 47 87
 1 62 42 42 15 39 51 14 69 30 12 85 30 37 59 11 69 63 89 59 29 16 48 47 29 79 13 36 6 22 9 73 56 79 47 75 2 7 91 2 7 69 100 39 39 72 61 88 85 79 47 21 98 5 69 17 36 54 70 82 81 74 27 71 52 18 100 46 66 82 100 10 77 52 42 51 16 90 42 43 60 5 44 60 57
 68 12 31 39 5 28 53 37 70 11 91 62 57 37 87 84 71 76 94 55 13 44 10 88 36 82 51 1 91 50 14 5 2 45 54 7 82 22 67 67 61 51 39 33 89 92 23 54 40 48 5 52 61 7 65 66 31 86 68 55 68 14 41 6 89 54 67 65 90 68 27 85 28 85 43 26 64 5 67 69 70 76 71 83 46
 97 51 99 57 49 78 59 25 13 93 10 97 95 2 20 5 53 43 73 31 4 85 5 21 15 19 31 11 15 9 43 40 27 97 55 74 84 83 19 2 6 11 7 55 29 10 12 15 87 57 77 81 13 65 93 35 12 80 98 61 37 25 28 15 1 9 46 72 70 39 32 9 49 65 72 94 8 25 53 61 83 72 24 73 36
 29 27 43 68 68 49 73 84 14 43 13 3 91 50 38 66 27 53 12 19 93 90 71 60 29 30 90 58 51 10 20 40 55 27 12 34 75 32 98 62 97 28 43 33 53 78 76 13 45 65 89 80 51 8 91 50 17 87 6 80 7 1 83 27 80 63 21 72 13 74 77 9 84 43 31 58 34 12 22 59 45 87 97 6 81
 21 38 23 25 6 16 35 86 57 33 1 9 70 96 80 25 48 40 75 12 62 43 48 5 49 32 32 95 82 28 15 42 84 100 5 33 19 24 71 86 20 85 77 33 91 13 94 62 73 29 44 80 40 11 52 7 95 78 23 42 76 44 7 38 36 23 93 67 34 96 29 29 63 23 33 21 67 43 89 93 57 37 44 75 59
 71 36 60 94 47 23 48 49 56 68 18 38 2 41 41 100 59 29 47 35 69 37 21 48 25 50 97 91 1 76 37 42 13 72 60 65 41 8 38 56 53 35 4 65 9 20 89 32 73 15 52 95 27 43 82 33 53 62 32 19 25 20 77 29 92 76 33 13 49 3 47 49 69 2 63 19 32 80 20 96 74 5 45 30 36
 37 75 32 72 92 92 93 24 76 89 99 54 22 80 73 16 76 95 37 98 62 49 31 13 97 54 26 53 42 73 73 63 97 92 89 20 10 64 80 56 74 47 22 58 8 31 34 1 34 45 28 100 45 22 54 11 35 18 52 22 10 64 46 50 60 5 46 95 33 26 72 72 94 57 46 88 60 87 82 47 90 68 70 22 43
 68 86 39 10 27 55 86 23 75 71 47 44 5 99 16 28 48 60 99 3 97 54 91 19 89 29 51 42 71 37 36 2 82 20 94 77 14 89 92 93 72 64 77 44 33 79 26 31 8 8 12 80 17 52 23 24 43 69 85 79 78 44 98 41 83 31 20 47 56 46 41 30 9 69 2 9 35 23 46 13 51 77 47 98 52
 96 88 37 85 24 22 100 89 94 84 83 77 32 64 74 7 8 8 17 6 64 14 90 75 35 94 67 16 2 3 16 16 99 21 52 5 88 22 87 76 84 34 18 40 75 39 93 65 43 44 2 30 10 52 12 88 66 27 26 37 4 29 56 52 24 92 66 93 50 17 47 7 5 46 80 42 7 84 19 81 18 69 30 68 55
 96 64 89 52 95 54 72 43 49 33 92 4 34 5 25 77 35 46 93 18 36 76 55 1 30 62 36 79 61 49 71 79 76 30 47 21 6 82 34 32 19 5 79 66 26 82 15 40 60 12 77 32 26 85 23 84 62 70 93 100 40 16 48 70 16 48 29 49 73 81 20 49 88 49 53 72 21 25 80 24 90 89 91 81 88
 3 40 99 27 78 47 22 2 22 39 46 13 53 27 15 47 54 64 32 60 96 23 58 9 71 26 85 67 55 21 83 13 41 90 86 72 88 54 17 33 62 54 40 72 4 33 86 94 74 14 39 77 14 21 33 89 14 34 26 40 50 81 56 25 42 82 95 68 36 67 89 78 38 67 67 25 43 64 14 62 42 51 54 75 35
 99 4 70 77 16 35 99 85 49 52 26 81 66 25 22 15 47 82 24 9 78 24 95 12 22 82 44 60 28 100 68 69 100 72 2 95 69 31 47 39 28 11 92 34 62 38 94 67 68 31 30 73 82 100 29 83 63 33 33 67 71 99 18 15 3 4 69 20 97 53 34 20 83 48 67 41 7 23 11 82 73 15 67 20 23
 74 5 8 33 85 74 42 68 50 51 32 75 47 44 62 13 64 15 99 37 10 88 77 66 79 55 84 11 92 16 62 58 36 33 37 49 99 59 96 11 18 33 53 56 12 63 62 41 73 57 10 72 21 45 9 1 46 44 34 66 15 47 15 83 78 66 30 48 91 77 43 85 71 54 99 58 51 93 72 100 14 5 50 48 21
 76 63 25 70 1 31 53 27 90 19 97 71 53 59 42 64 48 56 24 35 45 26 54 1 62 53 5 71 75 22 90 41 54 31 97 42 19 31 87 13 70 3 74 28 1 94 100 78 87 50 76 48 20 26 33 93 29 18 65 80 67 38 72 37 44 32 47 22 70 91 92 62 83 32 79 37 80 13 58 19 70 9 74 83 54
 94 49 62 19 62 91 10 78 70 97 86 5 1 57 37 9 76 82 74 28 29 55 46 42 22 11 87 20 73 17 4 81 100 55 44 67 78 15 63 39 77 75 39 31 54 70 2 85 59 55 94 25 19 66 24 13 68 64 9 21 49 72 49 15 67 90 26 5 54 93 94 53 17 32 80 64 31 99 58 40 27 67 94 61 94
 97 7 11 8 16 85 39 96 87 92 30 81 31 59 56 12 77 49 92 86 31 30 57 7 84 36 9 90 39 16 45 26 51 59 7 99 89 75 25 88 69 87 99 8 38 42 65 71 40 73 5 12 38 58 41 59 8 40 28 82 94 23 26 58 1 7 36 16 63 97 55 18 64 38 19 63 67 49 16 73 50 30 18 100 21
 72 30 43 76 60 23 67 48 34 34 84 68 18 13 15 54 96 77 95 79 81 8 4 83 67 62 81 29 82 60 3 35 59 90 85 56 62 65 78 97 9 41 78 22 98 38 68 56 86 19 36 51 27 61 68 30 74 47 17 70 9 53 73 7 12 96 24 68 83 60 95 95 11 3 60 85 21 16 9 28 24 58 22 95 95
 95 16 8 19 71 4 22 98 72 85 85 52 65 42 77 85 88 68 75 16 10 79 5 47 11 9 81 1 68 36 45 38 65 15 55 41 78 65 82 66 27 21 16 60 1 15 29 40 1 45 86 45 7 39 77 4 35 23 16 19 62 35 63 58 49 99 12 70 93 52 1 69 34 4 28 21 80 83 17 86 7 66 44 45 28
 94 30 5 88 72 88 40 50 18 37 6 4 51 93 69 57 36 11 70 84 47 30 60 52 37 53 42 92 22 54 8 38 25 59 46 78 88 6 56 59 2 30 58 18 83 88 19 90 22 24 30 71 97 41 76 37 65 87 30 79 90 18 11 92 60 89 84 3 14 4 93 70 56 58 46 36 10 32 16 81 35 78 76 99 31
 23 2 100 11 58 46 87 75 18 91 77 78 42 69 32 58 66 2 100 68 39 11 71 62 62 16 13 55 25 51 89 41 88 4 45 84 41 18 35 18 89 47 82 65 59 95 73 43 13 76 26 29 28 78 75 67 68 49 45 94 46 70 19 68 89 1 83 90 95 87 49 26 52 38 1 3 67 26 26 68 97 48 75 1 40
 4 18 79 85 55 47 96 50 5 78 40 35 24 10 32 19 6 40 30 31 26 27 95 11 2 13 66 86 93 47 100 71 7 76 95 13 47 29 77 4 86 90 36 87 73 38 34 11 63 75 96 47 9 100 23 9 27 12 72 91 98 34 28 77 84 45 92 77 21 39 69 56 36 22 64 51 64 52 20 7 45 52 50 10 66
 69 59 24 15 93 31 69 88 61 80 9 70 35 26 75 73 66 13 74 11 59 2 68 15 16 84 89 39 16 13 74 49 38 24 1 23 72 77 61 21 69 69 26 80 73 48 28 5 55 5 18 43 57 4 90 35 84 18 66 61 50 96 39 59 30 19 41 68 75 35 67 10 81 98 16 60 74 74 44 63 82 50 67 65 100
 49 50 17 41 4 29 40 12 4 97 60 53 21 98 25 56 46 66 45 74 64 39 65 82 74 24 62 7 92 92 35 56 21 56 36 38 4 81 20 63 56 68 88 34 91 10 72 47 62 64 27 92 12 57 43 63 22 59 18 65 27 67 28 68 51 79 99 22 90 10 60 94 26 98 2 61 49 57 82 6 15 79 77 63 81
 83 68 48 13 54 6 26 51 92 15 38 65 39 16 72 55 56 93 47 11 63 15 21 16 65 13 6 57 81 91 23 75 1 50 83 93 47 38 61 76 68 99 30 25 76 46 56 62 30 22 84 23 26 76 39 68 84 51 69 14 1 20 60 20 45 27 45 85 66 37 32 41 37 25 62 30 47 30 43 32 50 64 62 38 88
 37 28 91 94 75 67 67 39 32 26 71 96 17 24 32 3 9 78 27 68 4 88 93 98 88 32 55 27 14 13 82 74 35 83 65 54 46 61 23 1 100 53 34 57 66 37 61 95 33 80 60 36 77 61 84 91 76 61 60 47 95 40 55 45 91 54 81 93 25 9 89 63 17 43 13 30 31 27 52 8 45 67 65 24 78
 12 52 3 89 2 49 23 97 81 71 64 18 30 15 80 36 41 34 17 15 81 71 23 60 80 28 56 83 6 70 12 38 92 54 74 80 51 64 59 82 75 49 8 63 45 20 62 90 41 30 16 34 43 100 99 89 12 54 8 4 93 48 86 79 54 3 65 28 99 56 66 95 23 46 59 61 42 2 54 1 100 22 37 93 96
 69 42 74 77 74 80 58 40 81 15 32 43 86 35 11 55 3 60 93 35 72 3 59 37 3 49 29 78 71 14 86 1 74 43 23 64 41 78 7 3 20 81 27 96 50 69 21 94 39 71 5 99 33 8 50 24 55 42 45 76 93 36 35 77 86 41 62 7 56 3 75 73 4 31 76 45 6 10 25 90 61 97 62 67 54
 29 28 94 16 37 50 45 20 75 86 8 37 44 26 20 85 83 17 42 90 3 34 22 2 70 45 65 21 96 74 74 32 64 8 49 13 18 93 92 72 14 77 22 39 19 72 61 79 29 31 1 7 14 43 41 73 24 36 36 5 67 86 22 47 48 36 25 37 23 28 100 100 39 85 68 80 56 35 50 40 14 56 57 39 18
 90 53 27 20 87 64 40 42 66 16 36 24 73 47 3 11 98 63 81 96 31 80 31 70 63 60 37 80 70 26 7 50 25 27 47 66 49 22 27 44 1 18 48 60 1 1 37 12 90 56 68 80 98 12 50 60 83 59 81 86 83 16 86 90 12 95 28 87 70 23 23 36 33 50 14 12 84 53 65 17 62 92 64 10 72
 74 24 60 12 36 8 2 100 87 35 38 56 64 70 54 93 40 72 27 50 26 100 33 66 59 74 93 19 2 87 27 18 79 67 79 70 15 61 3 37 33 54 18 96 85 45 62 56 92 6 29 26 45 20 53 21 91 70 94 61 30 3 64 71 90 51 89 57 7 13 77 31 54 20 62 64 59 82 83 62 36 67 6 64 60
 42 95 27 76 38 18 71 64 88 16 55 55 32 39 70 21 7 15 70 29 15 16 100 13 81 50 11 89 61 3 80 38 30 38 51 8 89 34 38 5 28 86 64 95 44 49 4 97 60 47 37 26 100 89 54 75 67 33 61 53 28 99 7 75 32 76 50 99 8 45 35 84 16 97 85 30 41 64 50 2 24 74 99 4 4
 14 93 4 60 80 53 57 44 49 55 4 68 58 100 85 37 75 85 32 86 41 87 23 41 76 42 12 4 67 26 3 51 37 36 78 67 22 83 51 1 60 22 7 4 15 75 71 31 80 59 27 50 4 7 6 67 38 80 89 6 92 33 50 89 71 43 15 1 1 9 73 38 8 26 82 73 83 63 71 93 26 29 25 35 52
 9 73 24 39 48 16 49 57 21 31 11 89 99 2 70 58 18 40 13 93 15 21 21 35 37 9 76 16 61 23 40 53 2 22 94 34 3 78 24 69 33 98 60 6 56 77 36 45 27 33 84 37 22 49 74 60 4 94 63 3 23 13 35 39 34 60 82 67 3 93 87 58 19 27 68 55 37 75 40 12 73 73 28 4 10
 58 88 51 40 55 62 63 92 100 59 93 46 65 74 82 85 84 38 49 60 81 18 1 23 52 69 32 28 35 66 100 58 52 82 92 7 70 69 76 46 98 90 49 87 71 48 35 94 8 62 2 45 44 64 81 29 96 75 56 64 81 87 73 23 100 28 97 55 69 33 19 14 27 36 33 42 31 42 40 62 45 61 96 75 36
 47 31 35 22 59 51 83 15 82 9 3 74 24 47 11 35 66 50 42 34 90 40 46 25 78 26 37 56 60 21 99 14 42 73 10 72 17 93 80 23 42 44 6 54 67 77 48 70 97 77 87 19 11 20 93 36 28 91 22 37 68 35 52 62 64 28 25 73 21 7 40 79 56 39 46 50 60 35 32 51 44 83 23 25 9
 28 66 19 82 59 4 84 9 83 81 59 21 18 95 71 88 32 69 32 8 40 2 66 99 46 52 64 97 65 60 41 66 14 46 19 70 100 89 59 60 10 44 45 17 14 41 25 36 99 27 29 75 84 9 16 44 11 53 59 31 3 36 24 23 54 56 94 7 26 98 16 38 67 13 71 62 16 44 4 40 94 97 73 13 61
 18 53 68 8 16 45 91 88 9 48 41 80 40 77 45 28 80 72 25 9 99 58 30 61 28 28 23 94 14 14 43 11 98 67 28 42 19 66 100 63 91 78 71 2 91 29 38 74 28 10 73 19 54 34 43 77 61 23 51 22 21 40 39 99 82 71 89 64 51 63 78 78 80 33 14 10 3 66 1 76 40 50 72 8 19
 20 92 37 47 37 56 34 6 5 96 12 40 80 70 95 49 19 32 42 42 86 59 9 59 43 93 99 24 33 19 51 75 73 76 33 55 17 90 46 74 32 56 94 44 42 62 85 3 69 26 98 20 6 91 10 62 56 54 77 76 50 67 16 2 99 13 83 37 100 54 27 22 69 68 57 88 50 60 97 19 9 72 7 28 88
 38 63 31 92 54 25 74 16 73 31 28 47 100 91 23 68 44 22 68 56 20 68 36 97 43 97 82 35 62 40 88 64 56 4 7 61 97 69 56 100 71 65 60 13 32 45 56 66 70 87 49 94 13 9 28 88 52 10 3 35 54 71 40 38 17 4 80 11 21 34 7 47 3 67 69 92 2 51 55 9 91 26 43 28 62
 40 3 53 99 41 44 89 93 94 90 59 5 23 37 42 52 38 85 76 53 76 9 40 91 50 80 84 7 26 98 93 7 90 12 37 8 87 50 44 6 13 42 74 72 82 94 29 45 21 24 97 24 62 35 68 52 70 53 90 34 76 64 32 4 80 38 21 1 72 28 91 92 41 27 45 3 35 14 38 75 90 21 81 71 69
 80 82 8 37 95 8 11 35 44 93 18 23 73 90 6 81 54 14 32 29 90 78 16 44 18 48 83 43 60 57 55 35 47 44 89 88 52 26 41 42 37 61 52 10 20 39 11 90 55 7 39 55 65 89 52 8 52 59 72 41 12 61 26 86 10 23 49 93 25 69 51 25 31 52 35 98 99 3 65 60 6 56 60 66 8
 17 62 44 68 26 20 96 81 70 13 95 44 50 17 50 10 88 58 14 77 21 92 10 42 56 86 43 51 69 73 72 12 40 74 28 54 25 59 55 99 74 19 81 8 79 1 97 71 57 4 72 53 29 69 63 87 69 10 61 59 62 96 16 20 9 34 20 42 68 16 22 74 81 61 99 71 31 4 94 57 77 18 68 98 88
 67 64 61 49 68 28 48 28 95 38 90 26 89 37 16 11 45 97 51 3 62 77 14 59 90 12 33 91 70 48 90 62 66 52 46 49 34 67 48 36 60 13 69 68 71 85 30 46 8 78 63 14 87 1 61 24 10 37 15 41 80 47 33 43 2 34 98 45 6 10 1 85 97 48 49 100 73 66 57 81 94 73 65 33 22
 61 74 69 27 79 82 79 70 85 12 28 23 90 30 81 14 33 22 23 100 34 84 20 34 79 92 83 58 39 19 92 16 36 1 53 81 54 9 52 41 4 11 61 63 95 59 67 7 72 81 58 30 9 22 15 58 58 49 7 34 88 82 72 33 27 66 71 65 23 35 88 6 63 54 65 71 91 43 82 6 49 52 66 80 83
 40 76 42 66 36 49 81 62 87 42 92 13 61 22 48 24 71 31 5 35 64 49 45 34 77 89 31 87 59 90 76 44 50 36 16 20 8 3 36 66 55 87 33 14 93 23 87 55 33 16 26 18 12 68 19 43 65 54 81 35 62 31 79 19 93 41 77 71 87 2 67 69 77 56 21 26 39 44 53 92 23 72 2 19 38
 6 90 37 40 37 76 47 73 81 57 94 54 53 50 4 26 48 19 18 7 82 85 16 24 4 91 90 65 71 13 9 99 19 11 43 55 83 96 92 68 65 26 75 56 66 39 26 23 39 15 78 69 48 37 57 53 1 100 35 12 83 31 99 31 29 76 31 50 21 43 86 74 62 79 43 93 5 3 37 30 25 99 75 27 57
 15 59 8 77 62 74 45 3 52 18 45 92 69 80 67 89 49 60 20 34 37 80 68 59 88 85 39 23 75 99 8 19 25 7 87 27 75 32 45 33 83 12 29 70 56 70 72 1 69 51 60 9 37 82 55 11 32 11 73 76 68 99 6 61 6 21 87 36 100 24 11 99 21 16 21 5 6 97 11 79 83 86 75 16 16
 82 49 59 47 73 18 42 21 41 50 37 28 39 90 18 17 87 61 2 40 69 35 14 82 63 99 40 96 58 87 97 51 93 45 14 72 47 32 34 94 85 42 41 37 74 21 95 56 5 98 38 11 27 86 96 70 83 68 41 88 96 80 50 14 19 33 24 73 67 24 25 35 24 84 47 35 66 42 44 85 19 64 86 4 43
 62 21 53 50 11 87 73 21 42 73 43 98 38 73 98 43 9 65 60 61 42 100 7 71 56 88 26 79 67 76 31 72 42 90 16 79 73 75 79 62 90 92 5 94 64 70 100 22 72 45 15 51 16 17 55 99 43 92 22 65 61 35 67 94 65 22 21 56 7 43 83 83 84 85 65 52 36 12 55 83 67 91 78 84 96
 82 32 21 85 44 56 1 91 90 65 61 26 15 71 18 34 2 88 55 79 15 22 42 63 16 78 43 33 89 43 26 13 6 2 89 13 90 57 29 18 59 32 8 63 53 75 38 30 87 9 33 33 17 63 76 25 58 55 73 85 71 44 55 67 96 53 1 2 28 20 58 32 51 70 86 30 14 53 44 64 88 78 9 99 38
 76 83 98 71 32 75 68 3 73 54 68 9 15 34 87 44 48 32 38 64 25 69 50 9 47 37 90 57 61 6 5 10 61 40 44 80 49 3 86 66 98 94 27 32 72 21 93 38 87 43 36 29 54 89 89 2 29 98 89 98 6 11 51 16 97 55 92 49 80 27 97 9 35 81 15 86 71 11 98 73 91 52 51 14 81
 90 18 63 77 38 25 68 41 8 84 50 62 63 80 37 47 39 90 41 78 14 4 17 49 47 92 9 72 90 4 19 40 74 46 88 73 79 58 79 49 29 23 21 38 31 74 38 13 97 47 18 33 61 9 80 89 14 37 18 15 77 51 69 86 23 6 30 77 45 52 29 99 34 57 20 49 45 28 38 2 47 12 67 39 53
 8371 6600 3140 2411 3945 8281 816 2076 915 3868 3660 6612 3252 4776 2480 4843 2418 6649 6745 2351 1066 1320 6208 7968 192 7552 5108 6110 8375 807 5628 5351 3185 4404 7299 2190 7202 5693 3160 6888 445 7594 6488 2089 4106 17 7449 3200 3823 5321 7929 3994 1381 4038 3214 3735 5759 5719 1186 3926 80 3712 2357 7805 504 4286 4555 4406 7672 5899 8443 982 1957 2582 8320 4493 4361 2164 6166 138 5300 4246 6140 1199 5550