88 90
 15 94 73 89 11 70 86 83 24 44 23 26 19 44 97 24 38 93 83 90 30 55 4 75 73 54 91 82 87 34 89 1 92 37 15 92 60 87 34 35 16 76 49 58 82 60 75 92 66 54 51 13 68 58 98 3 99 64 18 23 95 28 55 24 83 3 57 15 92 23 61 24 34 47 39 34 42 49 55 3 26 66 99 29 60 83 57 98
 45 94 24 86 3 72 30 82 66 36 6 80 49 78 95 35 91 47 28 56 9 44 22 2 62 3 77 6 79 50 30 84 64 98 94 7 78 47 45 88 26 1 3 32 48 96 93 87 37 20 43 48 67 7 42 61 25 15 73 7 16 20 34 83 18 1 88 76 80 60 41 51 33 50 89 64 100 83 47 77 86 50 97 49 41 64 22 84
 90 31 43 47 48 82 80 81 6 92 63 68 39 81 89 60 1 55 50 19 55 85 42 52 68 81 76 2 59 17 81 43 20 43 44 51 82 13 42 78 27 96 61 3 83 86 23 79 85 15 36 55 54 34 48 31 76 42 38 54 24 29 12 94 97 61 87 1 14 94 29 81 82 71 90 2 58 41 84 18 93 43 23 13 1 5 79 13
 89 58 12 94 82 49 12 51 64 41 70 52 93 77 92 72 11 69 76 41 59 57 29 92 11 72 91 79 63 5 56 28 62 3 26 73 32 22 42 66 89 17 6 87 45 69 4 61 48 60 83 43 66 91 82 16 38 89 14 14 31 76 89 57 39 32 65 3 54 6 7 77 44 85 88 1 11 15 74 82 1 48 98 51 67 84 97 84
 98 4 47 14 14 41 76 65 3 72 18 44 61 6 65 19 84 93 51 61 8 98 85 53 9 44 22 48 71 4 61 78 21 49 97 100 61 21 96 83 62 69 51 14 57 67 91 47 79 47 48 37 85 72 56 12 43 38 98 49 34 58 77 64 50 43 50 12 30 30 51 86 14 7 8 63 70 81 20 53 25 57 55 82 70 14 66 26
 60 84 28 92 52 26 16 99 9 100 72 43 20 53 99 6 2 37 83 36 52 56 85 92 34 24 3 29 90 95 69 27 80 100 4 59 64 52 36 53 38 7 9 100 35 6 75 27 94 17 16 40 54 33 34 76 11 79 34 2 36 59 26 83 68 91 57 51 40 21 68 49 38 68 88 75 79 20 8 78 39 71 92 54 54 20 22 23
 91 2 37 25 95 66 48 91 37 8 82 68 81 44 55 39 1 96 81 18 57 44 30 56 14 72 80 26 40 49 24 83 87 9 99 28 27 9 90 19 68 9 40 97 84 63 54 54 39 14 31 62 57 94 78 91 77 39 59 38 5 11 2 39 58 13 12 100 16 83 92 67 25 19 47 12 16 42 14 10 7 50 25 41 87 92 62 97
 74 66 31 80 89 89 4 5 89 7 8 80 12 80 26 69 44 75 52 20 24 31 64 4 21 69 34 76 13 97 63 36 60 23 5 94 26 41 4 68 14 58 55 2 46 65 20 40 49 41 40 31 40 86 31 26 89 5 73 38 2 16 21 89 24 83 9 74 92 78 42 15 60 88 67 88 41 51 10 73 23 92 1 54 27 14 53 89
 88 34 69 7 76 75 67 91 89 3 60 96 66 57 18 38 32 43 6 16 43 31 37 78 83 39 9 61 80 92 77 24 61 54 99 8 57 76 44 52 77 14 80 55 83 92 50 93 76 43 59 22 23 63 1 73 72 46 34 77 50 56 45 68 61 41 18 54 32 67 92 47 16 77 10 17 73 77 83 91 57 37 91 1 64 58 43 4
 99 75 60 57 49 44 76 18 5 31 94 53 30 50 90 19 23 19 100 15 5 98 47 3 36 48 21 92 8 74 98 66 8 51 82 6 46 30 15 98 67 15 40 89 43 36 52 12 36 11 98 91 55 27 42 12 35 93 88 48 19 5 99 10 63 6 3 42 17 70 16 81 30 5 59 27 52 88 72 18 90 54 50 91 96 34 61 11
 38 45 65 48 7 66 99 73 88 89 29 11 33 25 63 63 24 15 40 87 14 83 53 39 74 21 53 22 80 42 28 68 96 10 14 27 68 52 36 43 58 38 25 71 37 53 21 23 10 3 97 62 44 96 5 6 65 86 35 70 78 37 6 87 23 61 73 96 14 87 79 24 25 25 72 30 44 73 51 4 59 16 24 35 56 53 23 2
 95 5 46 11 20 17 26 52 73 91 2 17 36 1 36 88 13 16 38 43 46 8 14 14 70 6 10 60 56 81 18 42 16 26 28 81 85 84 43 18 81 63 90 19 15 41 96 75 17 28 83 52 35 2 14 33 98 41 21 57 31 83 98 4 55 73 12 99 42 56 29 25 23 3 59 56 41 40 8 59 69 50 37 95 20 3 4 14
 56 18 68 76 69 53 43 45 18 43 87 82 73 42 45 49 49 59 10 12 7 63 15 21 17 61 38 22 47 12 8 74 5 29 12 25 12 2 54 94 48 98 15 81 54 66 63 20 64 74 6 59 43 3 65 5 8 3 97 4 9 31 49 91 9 46 5 81 11 70 33 26 92 24 27 65 45 22 63 66 67 100 24 68 63 46 97 20
 74 60 66 5 28 75 96 90 54 4 62 66 58 1 29 98 51 63 9 86 41 90 38 34 22 23 11 64 46 39 59 37 17 87 50 79 30 39 28 74 87 84 93 69 85 43 45 5 28 17 94 90 67 59 80 24 89 39 59 33 12 50 4 87 85 82 81 86 55 91 39 65 35 58 89 17 60 76 100 82 81 24 14 25 3 29 34 92
 46 71 38 48 24 40 57 85 15 29 5 88 14 17 56 77 34 4 35 97 23 37 67 14 45 45 81 48 35 83 62 99 21 11 50 19 94 13 32 97 89 24 40 62 84 84 1 1 3 91 9 83 45 33 3 48 73 75 70 77 62 47 49 84 92 33 32 8 99 39 34 28 24 5 76 43 67 13 89 4 78 85 14 86 54 39 91 63
 92 81 50 70 3 8 82 27 74 19 25 88 43 50 58 29 31 77 83 7 94 53 22 20 74 79 16 29 38 36 1 5 82 13 54 82 80 24 14 58 31 12 25 95 61 21 8 48 56 51 33 64 28 57 6 86 91 66 72 37 30 52 92 59 96 23 93 77 16 12 44 58 27 48 37 22 30 70 95 89 34 2 80 81 66 68 46 67
 98 15 44 23 76 39 22 85 88 52 63 66 58 90 78 46 37 71 49 76 26 61 52 40 95 20 37 27 73 24 78 51 18 38 48 74 66 64 75 40 27 70 99 81 56 99 31 53 71 39 58 44 15 96 54 23 15 52 84 19 90 17 34 53 94 57 99 31 70 67 9 99 19 33 50 59 72 50 69 68 87 90 96 24 26 40 88 15
 9 52 46 57 68 69 44 28 90 79 32 68 60 48 72 79 100 89 42 17 45 84 31 59 91 5 49 36 76 34 81 27 97 30 82 40 58 48 18 52 58 1 97 17 52 95 55 71 22 56 99 95 88 85 13 84 40 6 5 75 37 38 23 5 5 35 99 71 84 57 2 96 82 54 71 3 79 55 97 66 49 48 100 95 9 46 22 24
 59 68 44 66 99 88 36 91 65 60 47 52 83 68 92 10 72 21 33 21 46 79 14 65 45 80 89 49 52 73 66 40 13 11 35 86 50 23 65 11 19 64 84 18 76 49 7 76 36 65 51 17 3 73 4 79 57 94 43 1 92 39 84 12 64 92 35 39 45 95 13 22 91 95 64 61 13 96 73 58 81 52 3 40 60 23 42 100
 48 62 5 66 9 16 1 91 74 79 37 95 56 14 73 34 94 88 7 7 10 4 80 27 85 57 35 88 88 2 11 37 59 29 90 79 16 7 74 95 71 69 44 44 47 80 21 56 98 42 2 25 87 41 12 9 16 2 24 93 51 19 12 17 45 97 70 5 69 40 22 100 53 43 43 83 55 37 57 62 65 95 5 13 47 95 47 78
 96 81 65 15 39 16 35 99 97 69 74 69 32 3 77 21 21 72 92 41 54 69 6 55 57 79 69 71 68 57 63 34 68 97 76 28 29 64 91 89 5 22 84 31 63 72 27 13 31 57 23 26 11 86 15 52 68 55 5 4 1 87 43 21 56 62 92 59 88 29 23 38 12 66 61 71 86 26 81 85 2 46 76 60 75 60 66 97
 4 83 10 61 55 79 93 70 12 62 84 45 71 22 99 28 52 39 97 6 58 62 17 32 7 44 24 79 83 3 46 13 49 64 89 73 37 88 39 91 23 92 67 9 73 14 10 55 88 77 38 49 43 43 90 25 62 3 87 91 7 73 50 10 89 26 82 97 54 71 40 46 56 52 47 6 25 86 91 14 37 9 100 8 9 88 82 55
 51 70 61 41 84 76 33 16 47 54 35 40 7 99 81 61 78 18 96 98 49 100 35 83 71 51 21 18 95 75 36 92 33 5 24 63 49 48 37 3 99 33 91 98 60 88 78 79 46 47 43 81 37 16 58 1 77 25 46 47 11 83 31 40 10 13 78 41 31 30 46 54 9 45 50 43 13 5 29 100 12 23 58 92 61 6 58 35
 81 72 17 26 25 31 96 9 50 34 90 100 69 7 69 91 21 11 85 14 31 31 46 23 77 11 87 56 93 47 37 44 53 44 16 73 51 61 7 17 40 82 52 63 55 93 36 23 56 35 6 36 57 30 4 44 42 37 66 75 35 20 73 55 52 20 56 21 2 78 87 8 94 38 79 27 88 100 53 37 62 98 41 100 29 46 33 21
 58 43 65 2 53 94 41 52 30 98 39 77 16 52 14 1 79 14 88 90 17 86 64 7 23 6 1 64 36 36 3 11 70 42 11 18 57 28 81 12 31 64 11 61 90 53 64 63 3 43 29 41 87 84 83 83 37 28 27 63 10 34 71 20 35 60 31 12 19 48 7 32 18 100 32 50 53 48 14 55 63 20 95 23 63 92 68 44
 61 31 82 67 16 1 67 7 94 71 39 55 55 26 63 37 48 78 89 63 40 32 97 81 19 69 14 72 63 51 11 7 24 79 95 40 22 81 76 23 42 38 58 53 44 71 7 97 46 31 63 62 50 77 83 83 13 68 21 78 62 17 20 59 63 41 60 42 45 53 79 23 82 77 55 50 94 21 31 63 19 84 13 62 53 22 29 45
 29 38 23 61 72 26 92 59 13 43 95 88 78 93 18 43 9 33 28 81 60 93 32 34 27 93 68 81 79 80 85 72 95 48 58 32 4 96 54 50 63 69 99 17 21 57 14 11 13 10 85 81 44 26 39 13 93 64 20 14 98 72 67 55 77 4 30 78 35 93 55 100 68 8 83 73 3 46 33 46 78 98 89 57 83 37 72 37
 53 77 32 64 51 84 30 96 72 78 19 71 31 88 16 13 99 52 12 4 100 81 56 30 42 90 74 66 56 71 74 66 50 19 3 24 17 13 7 6 68 40 4 52 56 13 96 85 41 66 53 17 2 61 31 4 63 29 49 95 28 65 22 44 14 14 42 15 53 56 53 77 3 29 45 43 48 29 80 34 99 44 29 11 100 82 40 59
 93 72 10 68 68 89 12 17 38 35 26 78 59 44 68 33 43 49 90 67 47 37 88 54 99 47 34 94 15 2 53 64 91 28 71 43 31 53 58 45 28 57 99 51 88 92 75 75 58 93 11 55 20 31 27 21 41 84 49 35 83 10 16 77 59 63 42 84 91 91 61 87 59 78 62 76 32 19 69 84 28 20 21 24 97 2 65 94
 32 20 55 29 13 37 97 59 2 58 77 60 46 27 68 17 70 51 94 44 95 19 61 4 28 61 96 53 86 68 6 54 93 100 96 97 63 70 78 13 29 90 46 85 98 97 40 43 20 54 21 2 59 18 54 35 40 58 62 14 88 43 32 11 13 100 89 37 63 88 20 23 58 81 19 70 4 10 88 7 22 24 88 4 7 52 37 94
 57 75 78 100 15 19 22 3 40 93 21 37 8 69 72 82 77 37 21 55 2 70 51 52 72 86 6 78 6 75 95 81 82 22 14 19 90 33 42 11 74 48 10 43 1 60 18 76 69 90 14 12 3 49 62 77 63 49 47 56 26 18 76 94 81 76 88 48 16 60 47 52 81 100 93 51 25 61 64 43 7 5 83 74 85 79 32 32
 5 13 19 88 6 17 92 1 81 9 12 85 23 64 38 54 72 15 59 80 43 4 19 53 58 8 13 11 32 13 51 46 49 65 38 11 47 37 19 68 96 76 26 80 87 90 46 41 86 93 47 26 15 19 76 68 60 97 78 91 39 65 91 12 39 11 20 60 30 24 48 79 8 23 83 22 31 35 60 72 39 28 36 66 33 8 38 3
 49 64 96 77 35 68 34 51 77 61 59 18 86 35 45 95 91 65 12 87 7 20 55 78 95 86 32 80 33 88 68 47 6 17 28 36 59 11 3 70 55 26 52 95 56 92 95 40 53 52 11 84 52 92 52 27 31 55 6 73 84 52 31 60 17 81 7 93 70 77 20 45 43 60 26 51 22 52 76 3 84 40 29 6 74 66 54 57
 46 37 36 23 37 84 8 20 34 29 32 72 62 14 4 62 84 80 1 46 100 83 37 73 35 82 65 96 28 66 45 96 47 24 3 4 62 64 15 50 4 98 39 1 17 11 75 72 91 74 93 12 54 41 60 75 8 32 70 31 25 57 68 17 51 55 44 12 86 39 62 54 39 26 32 98 36 14 88 31 66 19 25 9 52 74 74 82
 89 38 80 2 14 84 53 49 7 34 71 31 82 95 77 67 39 47 24 80 96 17 46 87 56 50 14 71 75 26 18 99 61 3 3 28 26 59 16 62 9 75 50 55 40 76 36 19 82 1 94 5 92 17 3 91 73 87 97 43 26 40 82 13 91 77 61 30 5 97 57 39 8 30 82 100 97 2 3 79 10 28 83 26 22 73 29 90
 71 4 7 72 74 93 93 45 44 99 41 93 21 63 90 62 37 89 12 65 33 21 99 66 66 85 98 95 34 12 69 57 20 46 94 71 62 32 66 82 19 62 10 84 27 41 28 85 1 59 20 57 6 45 60 5 36 26 71 48 82 10 10 18 60 93 40 24 81 15 100 8 59 62 66 68 89 53 18 70 38 28 37 45 26 24 65 44
 98 74 52 92 57 69 38 52 36 29 12 6 48 82 24 56 13 87 94 99 64 97 81 39 96 57 59 99 91 50 60 6 75 83 19 30 83 22 42 35 57 7 19 93 83 81 73 97 52 54 83 19 6 57 19 76 15 64 39 61 92 10 10 43 20 74 1 70 65 2 10 40 89 30 95 88 84 51 21 75 38 48 10 58 73 76 13 72
 48 51 88 41 71 77 43 77 9 33 79 87 2 39 50 73 31 65 25 64 10 48 65 86 21 6 22 47 36 10 90 41 5 17 89 46 21 40 21 20 37 31 1 22 3 69 82 89 88 58 49 2 98 31 69 63 48 25 78 30 14 12 66 47 11 35 44 56 49 44 49 56 36 95 86 48 1 79 89 92 25 57 15 26 11 36 38 27
 21 72 39 90 68 83 22 100 87 42 82 13 73 17 94 44 32 87 12 94 96 77 70 98 48 24 48 10 27 1 75 41 50 100 77 78 71 23 44 83 26 45 15 48 52 7 68 81 35 37 93 80 14 26 24 69 32 51 44 10 43 3 40 84 35 33 19 58 26 27 54 50 35 59 34 94 11 83 34 35 12 8 99 93 8 24 5 44
 85 29 90 36 45 66 67 55 57 2 8 98 33 85 80 20 86 20 9 86 13 8 77 59 40 46 12 68 36 73 11 13 84 50 88 18 95 34 17 94 71 5 34 55 72 9 3 84 11 28 85 85 83 28 23 54 86 51 43 77 81 98 75 70 22 83 3 21 26 30 15 61 98 75 13 91 38 87 99 84 67 38 39 76 1 46 17 76
 96 73 5 19 60 59 59 88 41 57 31 63 47 69 56 34 72 84 88 41 52 98 75 87 80 99 88 55 65 89 86 6 35 66 91 57 59 64 63 17 28 34 83 26 91 96 22 57 45 96 96 89 26 53 65 46 46 64 63 69 84 19 91 33 73 98 45 30 2 1 35 41 79 51 25 12 63 15 63 31 89 100 8 64 43 52 32 15
 15 46 46 90 57 47 46 44 56 14 47 84 38 97 14 100 18 95 86 77 15 49 43 3 96 68 68 83 26 45 58 37 26 48 14 23 32 34 13 6 31 92 38 78 76 36 18 44 21 66 83 37 42 59 1 56 61 52 2 15 66 11 27 72 47 94 56 96 81 45 22 70 5 66 18 60 28 92 58 27 95 52 28 49 94 56 77 23
 86 16 46 66 23 95 72 6 77 33 28 37 77 46 78 84 52 51 16 64 36 23 71 21 48 100 61 49 48 39 76 82 17 87 92 3 96 9 41 25 22 68 78 82 98 21 69 18 87 66 59 98 16 33 58 4 83 95 9 47 21 24 50 25 18 42 33 92 54 12 72 44 57 4 11 70 57 79 18 10 29 100 94 29 57 10 3 70
 37 23 21 3 98 57 10 40 84 32 46 34 52 4 18 94 39 34 69 20 79 34 75 44 22 77 3 27 68 46 56 7 96 7 53 80 60 100 9 23 55 15 81 1 26 31 94 29 85 5 47 90 40 64 52 10 91 99 65 71 74 98 21 4 22 93 87 5 55 17 5 94 82 51 13 20 50 99 40 41 20 30 3 51 24 52 62 37
 99 5 68 27 1 19 57 52 5 39 32 54 45 2 34 36 7 47 11 69 84 66 20 80 48 69 82 50 24 75 38 98 20 32 90 1 38 58 74 25 80 93 19 36 30 22 11 82 48 87 66 67 58 27 8 81 85 32 68 91 98 65 42 98 87 65 84 41 49 8 23 26 56 71 44 54 7 54 80 24 41 71 49 61 87 33 52 72
 10 38 2 75 86 39 6 89 79 55 10 17 26 58 40 73 22 58 78 27 77 10 76 96 40 81 80 40 72 53 80 22 37 20 63 62 81 1 76 78 27 71 40 12 94 25 85 80 8 36 7 33 89 7 61 74 33 15 12 58 79 86 51 8 73 93 83 48 7 56 97 72 26 48 21 42 22 65 74 85 49 5 49 60 31 31 37 44
 61 56 66 89 55 81 11 63 48 83 30 50 73 35 54 20 33 69 95 68 86 36 99 73 65 84 32 6 12 4 100 21 32 18 88 90 61 94 10 56 91 60 64 66 62 55 46 37 56 39 69 40 45 100 12 56 3 18 24 100 41 68 99 99 55 53 8 79 74 99 90 17 62 14 96 77 35 16 58 98 31 49 100 44 2 50 76 4
 80 78 54 75 59 100 24 16 14 25 85 66 25 92 41 50 19 75 36 6 65 52 27 52 38 38 46 5 30 39 6 98 68 82 73 99 43 80 78 41 49 95 99 62 12 18 57 24 85 89 83 34 97 70 44 1 97 50 57 40 99 13 88 94 26 64 21 96 55 13 22 11 25 56 80 75 56 95 93 88 62 60 57 75 36 100 8 71
 56 92 5 4 49 65 44 8 62 49 50 27 53 20 34 72 11 90 52 47 83 86 55 7 29 5 68 42 65 46 4 25 98 73 43 67 38 43 10 36 84 95 61 75 4 94 22 100 76 37 7 99 96 79 61 1 14 66 21 85 1 77 65 48 46 10 81 99 29 88 9 30 19 16 15 50 98 75 54 43 26 37 35 53 66 72 10 69
 51 68 12 42 79 30 78 30 49 83 58 26 81 36 52 53 6 21 76 55 17 100 46 8 28 39 11 14 53 49 97 32 48 58 47 16 12 60 70 69 73 45 27 84 98 79 89 65 45 43 65 77 29 70 60 19 42 59 79 89 24 66 14 1 9 11 7 81 72 97 62 70 64 89 97 51 69 79 74 62 42 90 69 67 35 32 40 88
 74 86 33 49 46 9 100 47 70 7 80 87 12 72 59 26 97 8 32 30 100 24 88 7 42 100 82 25 61 68 46 2 9 31 20 7 96 59 34 97 3 11 3 36 90 87 13 95 38 63 10 74 78 1 3 14 9 55 89 100 92 54 34 80 57 81 78 34 75 18 77 85 90 26 76 38 42 38 97 35 24 12 58 74 62 53 92 77
 41 87 84 54 92 37 18 91 91 47 86 13 39 1 77 66 91 92 50 26 99 47 43 43 29 11 19 51 5 39 27 78 81 33 29 22 56 9 68 31 2 19 11 100 96 55 36 53 13 50 70 53 29 13 95 28 18 5 60 100 88 80 57 98 28 94 17 73 31 35 82 45 67 33 2 37 75 1 43 98 56 27 78 11 25 95 69 89
 77 7 26 98 35 71 79 58 77 3 4 3 55 71 95 73 11 23 6 61 66 17 98 69 46 90 44 16 15 91 76 46 21 9 35 100 87 15 90 55 9 35 10 81 56 34 83 3 35 2 94 80 59 7 15 13 86 74 58 5 51 40 35 72 63 6 30 22 19 53 67 22 4 47 1 80 48 55 25 17 84 38 91 58 89 54 17 80
 42 74 74 33 82 72 6 14 21 57 3 31 74 68 81 64 8 1 78 30 34 11 21 69 82 82 68 16 98 59 63 34 67 22 92 51 80 58 33 85 36 62 31 69 60 5 69 29 63 59 83 82 63 64 68 26 48 6 19 71 32 28 56 57 27 70 85 30 81 85 30 58 68 69 51 85 92 44 71 22 89 80 60 71 38 5 23 88
 5 82 79 75 84 87 11 82 17 83 68 59 75 96 18 59 16 75 54 42 60 77 94 33 85 39 75 28 73 91 85 7 82 78 79 20 56 93 2 86 85 74 55 59 52 96 87 2 89 33 30 31 99 96 77 5 60 7 18 90 61 27 94 34 87 67 51 47 63 47 82 81 31 19 32 26 32 39 97 82 90 36 66 71 50 26 36 46
 79 16 86 67 59 71 8 62 8 11 41 74 90 1 100 84 63 53 43 2 57 34 96 93 22 22 93 91 28 76 36 81 96 59 81 95 97 55 79 20 27 24 40 4 11 45 40 8 28 70 88 12 26 41 75 4 62 34 55 60 89 25 39 46 45 45 35 48 46 95 14 70 34 52 37 30 62 13 84 46 13 64 80 64 49 85 79 79
 18 18 27 6 87 53 54 9 25 62 30 56 55 17 39 34 67 21 22 83 87 31 92 17 33 3 85 15 49 20 56 23 58 96 51 94 19 79 74 13 48 83 61 49 77 17 90 23 35 84 72 18 40 37 32 14 80 34 26 3 53 49 51 37 52 68 57 87 40 97 8 87 93 47 94 97 8 8 68 34 26 63 13 32 56 91 66 36
 96 34 88 1 4 22 15 70 12 2 83 14 94 88 23 33 15 71 8 73 45 65 54 18 76 15 2 82 28 93 44 31 48 14 31 16 87 24 86 9 93 52 93 64 80 7 17 28 38 21 68 65 48 53 35 65 75 64 23 94 61 48 94 63 35 91 50 82 33 85 42 79 11 13 16 42 71 1 38 10 62 38 73 40 78 79 52 84
 34 35 90 39 9 58 53 16 71 45 16 10 65 25 66 37 88 8 13 1 39 72 74 32 51 30 13 36 76 72 8 29 9 69 95 72 20 22 12 89 20 42 57 58 76 78 30 58 17 44 93 28 46 52 25 27 51 94 22 95 48 4 30 84 81 58 57 43 12 60 12 67 31 64 56 31 42 56 21 73 61 46 18 5 36 42 42 73
 92 99 68 33 13 37 24 47 57 23 97 68 60 12 70 42 70 84 1 82 54 90 21 74 79 11 96 81 59 2 80 23 8 62 56 58 20 64 68 75 85 1 11 46 23 77 90 36 92 24 80 46 39 59 74 93 94 8 48 16 58 63 81 22 49 52 84 55 4 53 4 80 54 17 55 97 69 38 16 52 11 37 93 44 67 83 84 51
 94 4 92 38 86 75 80 36 82 23 21 23 98 21 56 66 61 65 50 23 68 41 44 26 2 68 55 47 52 45 79 62 50 54 64 41 27 46 34 42 14 92 45 39 45 62 68 57 85 71 86 99 94 20 12 81 8 58 80 81 51 54 78 20 72 61 55 1 73 58 26 8 99 99 29 4 14 82 60 61 71 60 56 10 83 45 2 22
 74 90 64 100 7 17 25 51 56 59 55 85 84 60 35 62 44 52 34 54 53 78 61 2 82 22 17 61 32 89 26 99 23 10 60 95 25 27 90 39 59 74 56 50 68 3 52 77 30 7 85 4 40 20 65 76 94 73 41 95 30 13 3 29 75 97 92 36 93 63 78 19 51 41 68 85 85 1 33 29 16 75 16 23 98 25 3 73
 71 38 43 40 37 67 100 82 28 96 84 42 32 37 42 19 91 100 68 84 83 18 9 58 19 41 68 90 75 51 37 54 61 19 16 75 2 11 35 98 3 62 99 23 98 78 3 39 30 74 11 89 5 50 40 29 2 41 49 93 28 20 98 14 83 71 44 13 83 79 8 39 95 99 65 83 96 65 38 97 52 9 36 27 42 2 82 31
 65 28 79 36 88 31 68 82 41 29 97 56 12 39 89 93 68 24 78 75 38 20 91 66 89 65 98 34 81 6 39 41 8 90 22 42 19 88 37 14 63 83 14 50 85 38 2 79 35 45 49 95 84 56 21 85 7 27 21 2 83 73 38 83 68 69 87 20 63 62 33 6 69 48 43 8 18 73 57 89 51 98 33 41 92 8 41 24
 94 79 55 42 75 46 75 18 89 45 42 22 21 56 99 96 45 96 57 92 89 70 12 72 91 7 53 46 2 100 92 10 85 38 57 61 66 76 46 63 65 2 35 14 51 51 89 54 52 32 87 24 66 56 72 46 86 16 48 91 69 65 56 11 71 73 19 13 45 5 24 1 36 51 67 93 33 90 8 93 79 62 12 55 6 19 87 95
 29 42 16 16 27 21 16 47 11 39 18 88 1 38 86 78 59 5 73 55 32 11 15 73 7 35 96 61 41 6 84 65 69 80 61 14 4 85 37 87 10 69 26 49 41 87 15 94 62 51 63 55 61 72 100 51 91 72 45 20 30 94 57 36 69 55 75 20 17 48 20 4 100 79 63 52 72 24 12 28 51 3 36 26 18 70 10 6
 82 13 13 37 86 1 41 82 93 31 69 80 49 100 4 79 58 15 9 82 27 38 64 81 51 88 84 54 31 59 36 91 100 66 87 59 19 38 3 70 43 51 37 75 38 70 31 32 95 92 73 44 91 71 32 22 82 82 21 34 1 13 97 44 2 54 39 12 10 68 17 56 78 71 49 6 53 45 54 30 74 12 50 25 1 3 31 61
 40 74 19 62 78 55 5 67 25 28 98 21 93 63 19 85 52 36 45 18 37 44 17 59 63 67 79 61 19 12 25 26 72 75 54 64 83 39 90 32 94 33 95 63 81 22 100 37 77 54 60 51 89 66 28 23 58 93 35 2 2 7 30 12 7 29 3 93 97 75 17 7 50 100 14 83 94 76 49 32 50 15 83 67 35 26 9 16
 71 81 10 33 8 43 89 97 84 47 32 34 40 51 10 37 91 81 2 76 95 89 68 91 70 49 99 68 76 68 70 88 40 92 83 49 5 91 15 25 21 22 92 82 7 74 21 70 100 90 48 59 92 45 23 49 95 49 29 29 92 99 2 26 23 92 97 89 78 30 40 70 71 27 59 83 8 100 34 23 48 46 86 47 38 4 23 20
 35 47 74 74 15 50 82 27 17 46 19 93 93 67 34 40 93 91 56 68 30 31 45 28 91 43 76 97 99 98 22 93 70 37 5 3 92 48 92 4 70 48 19 32 17 89 77 64 41 12 3 7 42 54 38 24 23 65 100 20 3 38 58 89 24 59 43 52 94 6 33 77 63 23 20 7 18 98 4 52 1 8 8 78 66 61 91 64
 60 83 9 94 70 81 65 55 23 18 89 72 68 41 90 26 25 46 19 28 10 94 37 86 19 66 36 66 61 58 89 41 73 48 28 11 16 67 53 23 58 45 76 70 33 50 71 37 32 30 91 64 56 16 50 47 24 84 62 2 39 11 42 75 19 17 100 47 90 66 50 21 47 20 100 10 65 43 98 19 29 31 61 39 38 3 40 39
 83 54 43 81 65 3 1 69 70 40 77 2 91 8 8 76 16 76 18 10 51 48 80 86 59 43 63 97 58 41 22 3 56 24 18 63 95 49 92 46 55 40 34 27 20 7 15 54 59 41 68 93 26 11 78 77 68 91 42 22 31 91 1 74 99 26 2 46 56 82 90 90 96 6 46 38 61 50 91 22 63 57 61 34 36 32 11 64
 70 29 87 87 57 39 97 46 61 31 91 86 100 44 80 42 11 18 50 45 73 87 50 90 46 35 62 12 51 75 91 57 3 11 60 4 77 49 25 37 91 47 4 42 20 73 28 15 6 52 32 1 96 26 18 63 74 17 19 28 17 77 66 81 23 31 18 17 93 63 29 75 58 81 80 4 62 5 86 88 1 37 87 61 96 7 9 13
 35 12 90 53 60 29 94 52 91 29 12 25 66 98 56 48 29 98 79 78 51 51 97 44 81 3 45 85 86 19 22 14 61 33 71 81 5 96 56 32 57 29 1 30 10 73 72 56 42 56 69 8 30 43 2 63 22 59 66 53 87 72 62 83 61 7 47 83 7 90 21 9 42 98 87 9 21 34 51 8 88 35 2 70 28 47 52 12
 12 58 28 70 51 2 26 45 8 40 14 41 93 72 81 2 40 18 80 28 41 6 71 63 64 40 92 1 91 2 51 70 29 77 66 21 15 20 27 12 67 30 49 82 73 48 7 91 48 69 2 33 51 74 85 84 72 42 7 8 18 45 85 66 94 36 98 29 10 50 45 63 12 85 45 51 51 63 50 25 53 55 71 89 60 30 26 15
 58 84 48 74 12 42 3 77 51 4 18 89 90 33 24 98 18 42 53 66 2 1 99 37 14 11 3 86 90 59 67 94 72 46 27 85 22 93 41 62 6 61 72 15 25 87 56 57 3 12 6 9 56 67 56 81 3 37 27 60 74 3 78 41 73 66 7 11 18 35 48 86 87 17 46 72 5 47 14 70 43 4 29 94 83 24 16 28
 12 88 35 88 86 58 12 83 77 49 10 67 19 52 89 55 87 46 69 63 56 40 74 49 39 8 89 90 49 90 26 11 9 39 28 62 87 82 34 16 25 48 18 91 63 45 80 32 63 86 37 30 72 76 27 91 92 10 79 70 86 52 36 2 25 80 71 80 32 80 55 30 39 29 57 71 59 48 69 55 3 94 96 37 51 67 96 39
 72 1 58 32 13 23 31 15 51 96 62 18 39 84 57 90 44 14 26 93 52 54 37 98 72 66 96 10 74 29 27 85 93 75 68 91 48 38 68 75 73 28 10 41 17 41 17 25 47 16 11 71 10 3 58 25 90 55 47 40 4 83 85 73 59 37 23 51 82 7 5 93 93 87 98 79 75 11 14 94 21 72 100 33 58 100 1 81
 42 60 49 27 93 57 52 3 32 12 20 73 78 51 50 37 53 58 49 65 53 26 84 85 44 76 75 71 52 18 32 22 10 86 48 78 75 71 45 14 35 66 1 55 75 64 58 13 61 38 54 95 1 67 99 85 20 45 95 86 37 98 25 27 53 37 99 37 87 47 75 69 15 37 90 32 1 73 76 71 63 34 9 22 70 20 37 94
 95 82 86 78 48 25 32 58 80 57 30 53 98 88 49 37 37 8 3 50 11 38 42 12 55 44 27 2 28 43 9 96 67 36 56 83 71 14 18 13 93 9 92 56 92 92 28 62 20 22 39 54 74 23 76 44 68 79 8 11 34 73 27 86 38 28 52 49 67 77 74 99 97 17 75 70 84 4 63 38 23 82 29 54 59 28 40 88
 97 79 26 92 35 8 32 45 52 94 10 17 100 2 34 55 33 18 17 6 70 40 33 68 49 67 72 60 52 5 48 20 4 18 97 30 37 53 98 75 77 70 50 86 4 62 31 90 86 9 97 69 63 73 16 97 86 44 64 65 17 92 75 13 11 7 30 25 25 32 54 79 100 84 54 25 89 87 55 88 24 39 96 68 94 4 54 3
 49 34 78 29 83 43 1 28 26 89 11 18 43 89 67 92 12 80 77 37 95 94 81 83 73 53 81 96 64 93 76 66 31 50 72 79 68 86 91 8 38 46 28 31 25 75 43 6 46 15 57 9 4 38 17 12 96 37 52 99 78 6 87 87 14 82 66 22 89 34 68 35 17 35 15 24 83 10 53 85 60 21 12 37 72 5 76 30
 88 48 12 50 96 54 11 99 81 80 54 60 91 35 10 46 23 50 33 63 1 57 19 91 15 17 26 80 19 91 66 35 31 67 40 88 35 17 10 80 75 85 46 9 5 19 39 36 71 70 24 3 93 56 51 66 5 35 91 34 15 86 87 29 99 79 63 95 70 64 66 34 99 21 99 76 73 67 73 41 62 76 59 26 10 69 59 84
 29 88 47 53 81 51 33 33 12 60 94 26 73 82 30 41 48 24 4 69 18 64 1 84 51 61 94 86 70 69 27 82 96 56 10 66 54 32 15 17 1 77 23 100 34 35 83 13 17 73 31 94 3 78 42 29 82 19 85 30 100 59 72 26 37 18 87 20 9 33 60 53 83 69 55 17 87 50 21 4 61 50 86 57 42 43 16 36
 11 79 97 94 26 73 52 69 71 24 15 65 75 28 57 6 88 14 60 97 24 13 59 72 72 58 85 62 7 95 71 12 47 54 6 79 5 95 20 9 100 34 54 9 43 87 58 29 50 23 48 94 49 68 26 62 38 57 26 37 34 72 76 97 14 36 55 91 30 61 53 4 29 35 79 13 11 7 88 39 97 52 35 72 36 17 36 85
 27 86 96 25 14 12 36 39 73 66 32 63 25 4 27 29 20 99 50 79 37 81 75 56 96 56 33 34 85 2 54 20 78 50 18 9 80 68 49 26 27 92 37 84 15 59 91 13 2 19 11 74 35 34 23 41 82 99 77 7 100 39 79 81 93 4 69 95 70 91 10 97 22 86 12 4 68 57 8 39 52 93 78 95 7 99 24 61
 81 59 6 95 30 99 30 82 54 88 91 44 66 26 71 98 14 58 92 9 100 99 54 68 44 14 26 65 34 21 46 14 15 9 82 80 30 46 53 80 9 39 44 55 60 35 34 91 84 13 21 71 54 98 63 58 2 89 62 88 96 9 85 47 45 7 34 16 30 51 27 25 65 29 92 68 85 21 81 82 82 57 59 72 47 96 21 10
 21 27 10 58 19 95 69 52 47 4 60 61 9 63 15 35 14 73 8 45 82 93 2 85 31 96 86 79 54 71 92 15 72 92 13 69 84 61 12 21 10 21 55 57 66 91 25 32 99 21 59 76 74 48 90 16 45 99 61 26 18 64 28 58 26 20 87 37 76 64 12 44 17 48 65 73 44 49 21 72 30 5 89 34 73 85 100 70
 76 62 2 48 19 93 45 41 13 63 68 43 1 16 16 71 54 75 72 16 70 64 7 24 54 71 63 46 30 77 51 3 19 76 31 36 90 83 85 96 2 55 3 41 90 57 19 94 15 15 27 81 52 72 84 53 6 59 98 10 18 19 70 94 21 80 60 91 91 20 13 90 51 2 92 51 22 58 28 13 67 12 75 59 3 58 51 5
 76 71 19 94 98 97 12 44 49 30 60 97 38 31 2 54 92 37 49 98 53 83 63 49 37 89 55 38 100 55 52 74 26 50 25 74 95 96 4 95 87 24 85 94 59 65 45 46 50 64 28 99 3 2 70 13 98 2 53 40 68 81 6 12 74 80 66 22 75 21 4 39 26 13 62 22 27 45 40 83 91 19 90 10 94 3 72 99
 88 73 21 78 70 42 58 54 59 16 53 94 15 98 43 8 42 24 1 32 27 61 89 86 45 55 22 12 55 17 17 46 32 65 62 52 46 53 40 22 33 79 67 15 82 46 39 86 26 96 52 22 46 61 22 29 8 92 21 14 7 18 95 21 69 38 2 80 38 30 5 37 77 83 91 69 38 2 13 30 91 26 69 36 92 96 93 17
 1355 5530 7272 7401 1560 2178 1543 4019 3263 6048 2064 3475 376 1328 3648 1766 8747 3853 5155 4956 1092 627 1 2303 7497 775 3188 4000 569 5247 3961 5584 1115 2709 942 7175 394 2167 7094 5542 2997 5503 1135 5855 8424 611 4866 6710 8720 885 8734 4419 1731 2844 1896 6838 793 5484 3586 4559 5957 5392 2616 5241 5932 4424 3887 418 436 2106 4664 5933 2288 5937 2817 7287 3741 6315 443 1861 7451 8554 5767 8505 2175 2360 7646 3686 6909 5534