109 124
 29 97 36 80 6 81 13 69 85 67 63 1 6 22 48 70 57 80 84 16 97 42 10 96 11 7 58 12 10 35 98 49 95 12 58 30 94 24 6 9 54 16 27 3 90 63 92 62 61 47 87 92 19 80 39 68 48 99 13 83 91 64 11 1 49 47 37 27 17 57 37 100 71 74 9 49 50 66 2 57 72 93 63 71 6 17 76 57 81 7 21 36 87 53 94 36 9 30 74 21 18 65 60 35 62 77 43 76 84
 64 25 55 27 52 62 20 54 10 87 74 4 98 74 16 97 21 54 36 71 17 23 31 9 72 89 57 39 67 78 83 47 31 92 2 94 76 72 97 93 52 25 43 69 100 36 6 67 44 18 99 22 77 88 79 55 47 53 26 42 23 31 91 84 16 1 35 13 37 2 1 90 57 71 53 3 14 13 62 20 30 96 63 26 25 12 73 3 44 54 43 11 45 81 73 70 7 65 99 53 13 49 47 59 51 10 42 89 30
 26 10 30 85 70 37 56 96 63 73 42 54 60 73 18 71 76 60 1 48 84 20 94 27 24 62 38 63 96 15 52 2 52 21 28 93 28 7 88 45 54 71 29 27 54 7 74 78 16 21 48 77 58 79 84 81 43 54 30 65 75 40 67 70 69 1 59 99 100 80 66 56 79 22 72 65 54 92 85 5 21 90 41 63 57 28 89 29 34 89 54 34 56 47 71 50 11 14 41 82 17 46 29 42 60 14 35 81 73
 25 84 24 73 61 25 45 88 68 92 14 80 21 15 31 5 75 16 59 34 19 13 32 67 44 32 71 41 34 64 100 3 73 91 27 97 76 50 71 34 41 80 64 77 87 79 42 4 67 71 96 27 29 13 86 9 11 43 21 7 52 55 81 90 58 44 83 79 14 11 14 35 42 36 38 51 20 56 24 69 22 34 47 53 42 36 60 92 94 67 94 45 16 83 16 87 20 18 66 73 46 48 18 61 43 64 32 93 10
 87 6 51 16 41 58 84 72 86 18 75 32 20 61 76 5 8 40 69 75 67 83 43 82 13 47 56 41 7 32 94 87 73 54 80 3 24 46 35 86 51 42 48 53 19 37 65 50 78 53 54 73 78 73 89 63 74 28 52 63 37 100 69 79 23 46 26 23 41 87 75 1 1 83 95 8 97 30 58 59 87 90 79 98 94 1 71 15 73 30 25 52 45 49 81 78 54 48 80 54 87 20 96 52 55 30 62 88 6
 26 57 24 15 38 86 34 75 22 24 10 10 41 94 50 82 53 82 81 67 16 12 46 65 60 27 32 42 30 77 66 94 63 38 92 63 53 50 99 30 20 33 15 5 18 40 46 96 71 59 13 47 67 19 25 46 89 71 10 4 19 18 23 41 53 79 20 48 24 34 58 94 32 23 57 26 88 86 44 90 46 36 72 51 90 37 48 14 11 29 14 52 27 13 37 50 53 11 80 16 17 65 45 97 37 73 60 39 31
 81 63 96 25 39 95 1 96 83 34 65 87 47 42 54 45 70 33 37 19 61 69 94 31 61 80 23 34 41 4 45 58 20 51 75 28 4 17 8 35 23 69 9 67 52 48 14 62 8 88 55 48 21 27 95 59 59 98 14 46 41 15 22 82 30 94 19 25 34 14 49 56 33 4 55 27 33 64 16 26 9 25 72 14 10 91 18 10 8 8 98 4 15 59 62 64 66 2 53 62 51 37 34 92 21 59 51 25 34
 35 57 32 64 78 35 90 64 15 3 75 73 54 83 95 63 90 41 3 2 77 53 58 7 63 58 25 90 30 75 63 28 24 46 50 16 79 46 46 10 89 9 72 54 37 17 96 36 57 68 61 53 3 39 80 7 76 70 46 43 63 23 44 91 24 26 5 72 98 98 29 16 24 15 69 10 24 73 96 7 6 80 4 70 68 58 62 25 70 59 46 81 31 76 73 51 50 44 92 56 62 23 53 83 43 9 76 16 21
 5 22 15 62 39 87 88 86 75 100 99 80 70 21 6 59 94 27 76 34 71 2 89 59 70 97 70 24 58 90 97 14 89 28 2 88 53 7 48 70 77 46 53 54 10 49 26 28 23 29 86 63 91 67 25 57 79 78 54 24 69 73 3 34 23 97 9 57 99 8 55 25 68 77 18 42 92 89 71 2 67 72 17 87 37 86 56 68 68 48 67 61 91 31 28 52 72 64 54 15 63 14 86 10 79 93 13 33 86
 44 37 86 38 75 82 60 34 28 1 98 55 50 72 52 44 23 52 46 15 34 73 1 35 3 99 18 9 50 56 63 36 61 9 25 23 9 98 65 83 12 76 42 3 36 46 34 25 85 2 27 23 52 81 98 31 78 79 45 61 87 19 27 55 97 30 20 98 64 63 18 86 18 17 39 77 92 53 57 90 97 64 67 35 42 48 95 51 90 72 74 58 28 83 24 57 77 62 23 87 14 67 50 51 37 72 26 56 84
 59 49 37 38 83 80 67 14 8 10 84 16 81 81 90 18 15 8 63 11 54 44 48 89 86 53 66 76 15 98 20 7 13 45 46 33 5 88 11 43 76 15 92 51 47 83 67 100 12 2 50 12 36 18 72 25 44 23 45 58 88 17 74 47 99 42 45 81 90 55 61 38 37 93 29 76 18 98 34 60 34 39 39 75 2 65 22 4 77 66 83 30 64 82 21 32 64 61 31 67 92 22 68 87 53 71 70 59 35
 30 93 23 37 48 100 59 75 80 36 66 65 54 57 13 71 33 35 99 61 31 10 35 5 89 73 52 70 33 56 53 85 52 49 43 49 70 73 69 1 86 81 42 12 91 54 79 33 72 24 90 67 6 27 34 85 24 52 19 19 61 16 47 83 17 51 78 96 74 79 45 76 69 26 11 10 85 87 55 95 74 20 28 96 25 51 51 70 69 95 92 11 47 60 95 100 71 94 20 12 24 93 16 73 87 16 80 100 96
 53 53 63 28 70 15 60 83 79 61 34 62 13 57 86 68 46 73 81 13 37 44 10 71 45 38 65 53 52 5 64 44 11 20 10 12 28 23 98 73 64 71 11 16 89 30 28 3 40 65 22 75 84 89 4 67 38 86 16 80 7 5 58 37 38 94 31 52 82 96 89 63 57 82 8 13 96 100 96 83 8 95 91 35 72 91 9 11 3 67 23 92 93 26 79 91 42 69 27 59 20 28 57 97 61 82 32 91 94
 98 23 85 61 5 85 53 84 35 89 76 28 4 17 60 57 73 11 57 21 63 17 39 21 99 42 80 79 88 22 1 71 27 73 66 7 57 90 8 51 7 47 3 88 88 60 65 19 26 2 64 71 14 68 47 58 52 74 73 65 91 77 60 37 57 83 49 51 7 53 20 9 13 74 54 97 66 97 55 79 40 74 97 33 100 49 30 9 75 45 95 62 35 2 38 95 15 58 90 38 50 74 6 21 61 43 20 17 98
 54 30 16 81 46 98 70 71 36 78 84 53 47 15 97 90 87 30 50 65 55 9 85 7 19 88 6 9 18 19 3 95 92 48 35 42 56 50 75 45 63 19 41 42 61 13 54 63 81 38 81 13 82 11 65 91 12 36 72 69 86 83 100 61 90 72 43 99 71 84 40 91 55 8 96 68 76 60 13 31 27 84 52 54 73 64 22 65 84 75 28 4 71 85 56 17 61 25 39 86 12 34 7 100 7 99 24 9 73
 50 74 43 18 96 54 16 50 2 69 76 91 84 4 20 40 55 82 69 82 68 91 1 78 16 42 10 44 99 37 87 83 56 77 12 52 56 20 95 95 44 55 66 100 93 81 19 11 100 19 69 68 93 28 41 14 29 16 4 83 62 77 73 22 15 27 42 77 68 76 60 65 91 8 57 85 14 88 52 72 38 38 91 87 23 6 39 56 57 24 84 71 43 56 74 22 57 67 97 7 77 16 59 84 62 41 29 76 29
 23 4 95 97 34 46 82 62 18 1 67 27 28 23 12 31 24 21 48 8 31 25 43 26 91 98 80 68 51 76 42 59 20 56 78 4 14 51 27 29 56 98 1 65 67 10 49 39 97 67 57 31 74 25 46 95 47 7 65 71 89 96 57 46 23 90 49 53 30 50 21 82 79 72 66 13 26 93 60 18 53 23 8 53 16 48 52 50 80 63 33 56 44 34 80 92 12 29 35 17 20 92 56 66 23 21 86 62 92
 22 69 19 90 35 95 34 52 89 23 96 48 31 40 85 42 82 63 45 5 42 82 72 55 85 82 9 12 54 92 42 99 20 14 57 60 89 41 40 74 95 46 26 98 92 67 2 31 35 1 18 47 89 23 66 35 7 62 10 34 83 5 39 65 21 80 97 68 11 95 85 28 33 16 11 33 36 4 2 78 75 60 99 35 16 95 74 32 58 7 39 10 60 21 33 81 40 55 5 59 93 98 96 88 85 6 2 98 86
 41 21 15 29 29 50 36 15 67 80 63 34 95 50 87 46 48 17 30 98 34 14 53 86 84 61 4 35 39 21 30 84 69 83 37 50 45 3 62 45 60 68 6 15 52 27 98 75 55 82 15 88 46 58 100 30 76 89 15 34 98 2 95 98 23 17 49 43 10 14 32 28 69 94 91 57 61 50 12 100 7 50 67 5 89 71 78 35 2 26 90 65 32 25 4 69 99 40 90 33 3 59 10 31 34 87 53 25 48
 3 38 29 89 82 85 53 51 52 74 96 35 50 73 76 72 61 79 9 30 73 78 42 13 35 24 1 38 28 28 57 31 88 53 83 66 7 98 73 40 3 66 2 34 36 26 8 24 5 80 45 92 73 24 39 78 17 71 43 84 80 24 51 22 77 65 27 2 100 75 63 11 69 88 35 84 52 85 34 72 97 81 28 2 46 72 51 83 3 2 5 92 26 56 52 8 69 8 2 19 84 69 56 23 37 22 69 92 82
 53 61 75 58 21 81 17 5 70 55 90 77 82 41 84 67 16 48 25 44 91 84 56 90 25 54 52 40 23 18 73 25 37 17 18 60 2 81 14 81 7 70 37 59 92 13 99 70 9 4 23 77 98 58 34 27 100 91 27 33 74 66 78 25 88 81 54 37 86 62 62 11 99 61 6 9 97 64 83 2 54 63 69 85 77 25 78 21 84 75 35 12 78 95 59 53 45 29 77 50 82 49 60 31 76 45 60 53 89
 98 8 7 87 5 44 97 65 93 98 10 41 19 40 2 100 86 72 73 65 23 36 52 21 22 63 69 48 92 52 93 67 67 15 56 61 87 10 14 61 11 44 30 78 13 91 2 54 19 7 41 89 2 43 83 74 70 29 94 4 48 61 19 89 9 24 70 47 82 46 24 33 22 25 90 41 49 12 83 43 50 75 39 10 91 66 1 8 55 45 27 99 100 71 72 94 80 2 35 22 80 26 67 52 65 64 1 78 50
 83 85 98 79 25 93 38 89 21 86 85 77 76 77 70 12 42 7 54 38 77 8 51 36 12 70 53 99 63 50 61 15 70 16 40 33 47 1 78 43 100 37 19 34 55 61 47 19 64 12 30 16 64 38 33 16 14 82 8 83 6 97 30 20 10 12 10 99 42 45 33 11 77 55 62 51 68 91 96 86 92 84 60 70 88 100 99 71 72 57 75 45 20 6 84 2 69 1 13 6 90 54 34 4 66 92 91 74 74
 59 44 80 12 40 22 4 15 31 45 38 72 23 38 84 51 7 29 73 67 31 5 72 33 30 57 7 8 66 96 60 95 99 23 23 13 20 42 60 86 9 85 22 30 50 21 6 67 67 95 24 10 66 36 10 26 23 81 15 8 29 86 37 81 95 83 32 2 12 43 16 59 88 59 93 46 30 19 57 73 64 14 14 85 37 47 90 89 74 52 25 97 26 63 66 43 97 94 84 9 26 42 60 17 19 17 11 16 53
 77 34 2 82 24 11 16 71 2 73 100 24 11 87 73 100 59 37 63 49 28 25 77 80 10 7 41 2 87 18 56 83 11 74 9 31 69 14 56 44 37 99 83 87 52 52 62 54 90 19 1 8 73 8 56 26 52 77 37 99 79 56 24 53 63 68 69 80 28 71 71 82 30 92 79 56 83 21 65 36 91 41 13 61 17 25 34 11 68 10 33 85 80 78 34 81 59 45 91 19 73 64 79 81 21 39 62 74 76
 40 34 49 93 1 39 11 37 94 74 79 37 22 72 18 87 76 44 18 73 19 99 72 76 21 90 23 48 89 13 34 61 27 78 24 42 66 13 82 38 68 18 53 44 59 87 84 31 96 99 32 57 3 24 82 34 26 40 82 88 18 42 18 59 83 8 42 7 28 27 63 93 47 12 38 79 38 97 47 89 46 53 54 5 97 26 61 93 2 34 52 76 86 84 18 23 85 10 9 29 80 84 4 69 41 42 9 9 75
 51 34 20 25 99 57 81 98 61 18 51 97 72 68 62 14 17 63 60 66 17 2 36 90 20 42 26 88 43 96 61 39 67 96 94 20 56 93 33 40 85 90 45 52 40 61 79 31 51 82 22 51 88 85 100 60 42 96 83 20 100 11 97 16 74 43 94 12 63 34 82 7 9 85 26 12 13 29 88 99 27 85 47 25 19 57 92 98 25 87 80 11 34 44 94 75 54 20 95 23 21 2 59 94 54 95 11 21 27
 20 79 58 31 15 85 83 69 54 90 39 76 66 85 39 35 47 60 41 44 56 12 44 51 66 53 44 30 71 93 79 73 20 92 63 24 44 60 55 49 66 78 59 73 51 7 69 98 4 57 78 63 41 39 25 79 32 49 17 7 73 40 62 35 4 61 8 48 99 11 59 28 80 55 100 61 52 27 80 51 23 60 16 38 81 98 68 95 40 27 40 8 8 92 95 68 52 43 92 9 31 48 16 64 39 35 61 50 8
 51 52 82 5 30 92 5 5 69 43 11 36 79 1 1 95 6 13 49 69 64 12 19 4 15 31 23 28 49 94 70 57 21 8 20 44 10 33 56 93 91 26 63 9 50 39 40 74 4 66 42 87 59 27 84 97 17 52 57 22 9 70 99 47 12 2 57 40 72 40 10 86 95 8 56 69 87 88 34 23 75 72 19 9 82 8 11 39 32 82 65 83 57 14 26 41 80 65 18 39 61 98 30 55 12 63 95 95 17
 3 87 6 21 99 77 53 26 32 30 24 3 67 94 71 36 91 8 37 78 66 51 89 55 50 97 6 35 64 16 79 12 37 79 30 55 34 83 92 33 12 22 15 68 90 4 50 78 46 60 20 52 52 69 39 10 87 1 29 26 24 60 35 61 89 79 64 85 19 73 47 31 40 5 28 39 25 86 98 16 4 94 100 69 60 29 15 96 7 16 56 2 42 96 7 58 83 92 42 19 75 50 37 33 84 27 55 47 61
 65 65 88 62 6 66 46 46 48 83 46 83 36 59 45 25 93 77 94 65 2 49 60 4 9 35 26 74 47 88 28 69 100 52 97 18 51 25 66 19 2 92 62 89 23 89 57 19 4 97 67 71 23 83 76 44 76 95 44 66 94 69 42 24 8 61 62 93 21 41 62 59 44 44 44 86 100 3 96 65 6 9 83 80 21 28 73 70 90 78 97 15 3 82 76 51 88 63 28 76 31 85 25 36 62 13 73 8 46
 53 56 82 10 95 6 66 31 91 93 46 39 40 57 79 10 1 89 27 88 47 16 43 71 46 73 94 29 33 90 75 20 98 5 16 43 27 90 90 69 76 11 13 94 93 61 19 74 71 78 43 61 60 18 61 91 91 26 89 51 88 42 64 74 59 47 4 11 56 24 13 2 9 60 47 76 98 65 12 60 92 97 81 64 70 61 69 14 14 80 83 70 92 67 83 90 9 67 11 71 87 48 3 93 57 94 92 96 7
 35 64 83 83 55 60 81 37 27 14 57 15 50 66 96 1 53 9 30 7 22 71 1 3 8 89 14 49 42 73 1 67 75 60 47 24 56 36 46 51 23 66 99 47 59 36 57 75 24 87 78 21 39 68 73 78 58 14 86 87 95 54 40 1 55 73 58 85 66 97 14 97 21 61 9 48 56 2 59 16 49 5 62 37 84 32 73 68 9 2 18 22 47 27 82 64 23 40 22 63 16 14 76 91 65 48 76 33 23
 94 85 92 92 58 32 2 41 98 30 18 16 34 4 29 92 35 92 49 51 77 14 61 34 5 18 40 40 57 83 94 70 49 22 94 45 3 71 64 44 26 20 80 67 3 62 89 23 17 87 36 14 32 66 72 98 20 59 57 94 62 53 74 70 80 63 37 46 27 96 37 26 85 8 24 7 35 9 85 51 17 86 19 34 47 87 32 53 60 4 25 34 25 96 18 22 53 69 98 91 33 19 36 88 74 40 73 82 9
 4 44 68 66 19 3 89 17 16 74 100 52 98 56 2 97 61 60 42 93 13 59 82 1 57 64 26 26 49 100 19 41 85 21 43 44 24 32 66 67 72 56 63 35 77 30 88 38 20 89 67 81 39 39 38 15 58 51 88 73 1 72 72 57 98 35 45 65 73 91 33 77 58 71 35 60 59 60 11 9 50 42 90 8 49 74 69 47 63 56 48 93 46 9 19 45 98 100 69 93 69 51 47 19 1 49 87 68 36
 50 39 64 39 49 24 38 91 69 90 59 70 96 59 30 70 8 2 73 29 91 9 39 29 10 98 35 49 81 80 76 42 62 35 64 87 54 55 99 55 60 1 69 28 78 33 7 91 3 32 53 94 52 46 35 99 81 91 93 30 29 55 75 36 78 82 31 90 90 63 78 6 22 12 86 46 94 6 30 9 39 86 5 89 78 100 25 57 32 91 94 43 12 41 75 7 39 72 34 84 46 1 41 90 49 80 25 60 28
 96 86 26 65 96 10 66 22 58 10 95 85 9 70 67 7 100 97 91 71 31 33 22 56 76 97 64 69 43 75 99 43 29 78 65 12 39 49 15 3 1 37 46 6 33 26 5 42 42 48 11 44 7 71 3 99 94 15 41 74 67 24 95 53 24 11 36 61 8 42 36 83 74 76 70 14 95 65 19 7 29 39 68 47 82 59 31 70 67 3 79 12 26 4 89 56 49 12 80 34 2 20 82 87 57 82 62 58 42
 80 24 71 25 36 77 90 89 4 62 54 25 89 95 10 27 79 27 63 16 65 2 20 57 7 91 35 83 30 49 16 99 55 89 31 35 52 43 66 58 23 94 22 25 32 6 92 42 68 68 56 52 68 3 61 91 69 74 42 44 22 80 66 29 6 95 86 77 39 85 3 59 49 3 86 87 50 56 54 15 97 55 16 37 17 94 34 23 21 5 74 61 80 89 81 73 49 46 34 57 53 67 46 87 4 87 78 35 58
 81 47 100 88 66 21 6 49 70 73 39 92 32 60 67 73 4 76 67 25 90 37 83 74 38 59 84 56 20 45 13 95 91 92 14 75 39 75 72 9 32 55 48 87 13 87 92 87 9 40 87 15 37 21 15 54 34 99 45 27 83 85 40 61 51 92 12 10 62 100 66 48 88 29 78 7 18 70 54 11 26 30 51 88 49 69 67 57 28 76 11 52 28 60 52 62 10 95 24 84 44 84 7 3 98 93 93 71 30
 87 40 100 89 95 50 99 73 35 3 63 56 73 22 52 38 35 37 80 4 12 7 7 9 95 24 34 60 98 84 48 39 27 37 48 89 45 81 13 32 65 34 37 84 91 97 88 75 94 8 46 87 80 18 100 61 18 76 27 27 100 81 38 38 9 43 70 1 13 52 84 21 29 40 17 68 18 86 50 90 17 11 39 81 44 40 95 43 20 100 26 48 41 97 2 55 99 1 11 58 5 59 35 49 16 62 21 58 86
 35 97 53 66 32 27 90 1 49 20 73 94 92 1 70 90 65 70 4 37 90 59 80 6 65 3 54 12 1 12 76 13 53 68 2 27 31 53 88 24 40 97 20 94 11 100 80 44 6 73 26 78 52 3 72 40 5 50 66 74 58 77 82 67 56 49 69 38 38 47 55 72 98 64 84 38 51 34 44 34 63 28 19 23 61 11 49 16 5 28 20 51 100 91 95 62 14 86 82 86 74 15 44 63 70 73 82 81 71
 34 18 69 33 22 23 6 45 25 7 87 86 90 97 33 66 80 37 97 56 37 64 66 79 27 19 28 76 81 86 32 68 58 38 67 92 74 87 80 44 95 78 54 81 6 60 27 20 20 1 64 82 97 23 50 83 36 80 19 99 47 46 58 88 55 84 58 100 52 75 11 16 33 44 20 77 16 55 66 43 71 91 42 19 36 48 73 47 24 84 11 10 49 100 5 15 24 28 95 5 59 15 67 26 11 38 99 97 43
 68 61 87 31 42 5 8 61 13 46 51 76 74 83 36 49 7 10 5 54 75 29 23 89 65 12 87 34 94 60 25 75 14 19 41 93 38 81 78 9 54 8 72 78 90 70 85 20 76 55 60 97 15 67 33 4 4 62 77 15 82 84 51 52 2 15 43 44 77 55 94 28 64 27 11 45 37 24 85 23 37 73 79 95 72 74 43 16 29 46 54 67 60 12 76 41 5 74 38 40 73 74 31 60 43 64 69 7 74
 59 96 88 98 77 15 84 95 56 79 36 97 59 93 3 92 26 43 25 88 58 34 45 61 93 40 81 71 20 79 30 54 58 75 58 56 30 66 50 13 78 1 46 76 69 25 20 37 75 99 70 66 3 54 63 8 91 88 22 20 53 69 70 98 65 49 44 67 2 57 87 56 28 33 87 39 55 90 6 87 68 90 67 79 73 13 12 95 14 44 46 63 81 84 69 87 58 22 47 3 65 68 47 44 7 49 23 28 48
 24 48 72 41 32 56 85 86 47 94 6 99 91 83 5 93 78 2 31 11 26 58 12 55 42 61 21 56 94 29 74 42 86 82 89 94 18 75 45 82 2 66 21 27 54 50 31 41 54 19 7 57 56 77 92 99 78 43 32 50 100 90 25 30 16 70 67 39 30 17 22 68 1 60 41 69 55 2 79 29 94 29 44 61 57 43 81 44 73 22 77 91 16 100 57 29 93 11 47 2 54 81 64 10 48 59 94 15 67
 26 55 1 84 90 2 71 48 100 28 97 40 71 92 8 7 1 93 62 26 30 30 63 28 15 22 31 65 69 95 16 53 59 100 100 68 19 44 20 64 4 41 63 83 59 90 93 93 19 25 41 3 84 60 25 66 37 58 97 68 20 38 45 69 12 96 93 16 60 39 86 81 59 69 5 75 76 59 48 87 10 83 67 10 86 64 10 75 98 13 65 43 16 10 49 96 43 28 92 43 33 31 18 73 81 100 28 96 12
 26 8 91 75 58 68 42 93 21 45 77 20 47 7 34 63 82 11 62 63 87 26 55 30 90 26 34 13 55 33 63 37 50 31 88 57 68 41 30 92 14 4 90 39 23 64 71 19 9 28 18 71 71 41 41 5 86 58 77 83 64 31 4 8 56 20 45 6 16 95 91 39 76 86 36 11 79 94 89 2 75 41 54 15 6 19 30 56 92 63 5 36 26 36 40 36 27 18 49 33 12 4 75 95 50 74 46 48 91
 46 77 18 57 66 39 52 75 83 8 13 65 42 16 45 75 96 58 76 2 28 3 38 54 27 28 95 41 19 65 68 7 43 71 20 15 17 41 82 65 60 83 1 62 58 39 67 11 12 83 95 52 16 69 50 35 87 63 1 93 9 9 23 34 84 74 89 85 33 49 95 52 75 93 21 79 33 12 35 13 77 45 53 65 68 79 73 8 61 49 63 29 80 9 87 61 39 73 27 68 39 68 60 36 58 93 39 6 81
 61 31 63 24 88 13 24 89 44 52 36 78 87 5 92 43 63 12 10 25 88 63 24 12 87 93 72 84 100 76 28 1 83 82 52 51 38 80 29 33 50 49 88 45 64 20 19 27 75 67 67 68 37 47 45 22 57 52 21 97 59 14 87 16 67 40 80 59 26 94 51 17 35 14 14 5 94 4 83 27 49 38 47 63 45 68 54 59 23 40 45 80 57 22 45 32 3 15 66 55 4 38 86 75 62 53 57 82 33
 8 55 69 72 7 94 48 77 90 18 3 32 71 15 81 56 65 95 83 81 61 88 69 97 97 42 60 26 58 10 94 8 71 86 85 40 27 1 26 34 81 59 4 83 96 49 67 47 72 3 12 74 37 86 45 9 20 19 93 87 3 100 34 17 65 43 14 75 44 2 96 68 48 22 28 24 87 16 74 44 21 80 75 7 13 11 81 33 90 29 29 5 6 44 50 21 22 96 75 77 8 61 95 33 98 3 34 61 48
 100 23 26 7 24 22 38 10 18 56 99 61 1 53 6 79 75 95 62 43 91 80 79 30 32 81 22 92 93 26 51 63 95 78 26 25 89 79 87 35 17 76 88 59 100 13 97 26 29 100 64 27 23 49 83 46 21 92 83 100 97 80 26 70 17 18 9 40 47 18 13 62 56 3 72 12 42 5 28 76 28 86 59 85 67 38 16 1 97 62 89 38 89 55 1 56 26 13 20 28 56 47 52 64 66 42 10 64 1
 78 77 56 28 94 76 42 16 66 11 92 77 66 47 77 27 58 50 85 41 46 54 82 85 1 40 67 2 65 82 15 55 98 11 3 7 76 93 54 36 14 34 89 25 41 68 18 79 56 24 67 57 70 33 65 29 70 77 37 21 86 66 14 74 73 26 22 79 61 55 38 27 9 47 11 62 50 11 55 74 55 82 30 72 15 48 38 30 100 59 75 88 98 77 46 11 70 81 39 35 70 49 42 21 42 36 16 33 37
 17 89 37 43 9 55 81 81 89 32 86 99 42 13 31 76 22 64 22 96 62 13 28 84 31 18 79 69 76 30 9 86 76 86 40 36 10 2 38 4 36 5 76 78 76 51 86 32 52 45 46 5 85 29 68 17 49 67 46 24 35 93 18 82 52 8 14 36 7 87 72 47 63 20 39 20 34 8 96 48 9 48 53 70 74 62 4 38 41 28 63 40 56 11 84 35 94 77 11 4 85 48 54 69 50 10 31 17 16
 3 95 99 73 45 99 70 96 41 62 30 22 11 13 66 10 86 54 89 99 67 61 97 65 13 74 63 89 82 30 98 36 21 28 67 53 4 41 8 36 16 85 40 38 43 25 29 19 63 56 100 48 1 33 72 49 91 93 62 55 93 86 39 86 66 49 93 23 96 95 20 63 62 91 32 3 67 55 65 92 49 42 9 1 15 73 77 17 46 57 58 25 90 65 64 26 98 45 1 3 74 41 42 93 34 50 11 6 51
 5 23 44 7 92 18 98 85 82 40 60 69 6 41 40 77 6 83 68 9 44 97 17 66 98 95 81 85 11 14 53 49 91 96 39 57 26 96 48 48 4 99 57 79 46 39 44 96 77 48 33 21 93 30 32 76 12 33 71 48 16 92 57 26 42 82 61 76 76 55 5 11 50 72 43 91 54 95 28 11 98 82 76 54 89 37 83 94 38 89 75 99 17 13 34 98 12 13 16 55 50 18 48 51 77 79 8 94 45
 31 55 6 60 38 7 6 84 36 80 98 14 26 40 42 17 55 100 48 93 11 57 65 77 34 33 41 60 11 64 73 67 10 97 96 16 12 13 22 90 65 50 73 13 74 70 43 92 39 29 78 84 11 67 59 96 7 60 61 94 77 34 64 73 20 40 95 8 88 18 79 55 34 88 35 73 81 25 1 37 92 65 89 85 5 10 27 25 42 8 20 21 66 51 14 71 7 8 9 68 55 31 76 72 71 41 73 42 22
 49 73 41 24 27 74 39 78 51 31 54 80 22 95 83 93 69 82 17 67 34 28 19 42 3 28 88 79 3 75 21 74 69 18 87 7 44 40 18 7 87 84 56 58 46 60 14 56 100 70 88 57 95 43 86 76 39 56 78 28 11 62 73 5 19 24 65 10 49 54 93 24 36 94 43 89 85 76 78 93 68 3 78 3 71 44 94 96 35 92 43 92 93 87 31 96 24 74 54 76 97 49 82 83 64 82 98 16 72
 76 99 23 61 12 58 11 86 91 53 86 92 68 59 70 52 85 53 38 92 29 61 49 14 5 89 16 98 49 78 16 12 64 21 47 38 55 26 95 46 67 75 31 62 18 96 77 78 35 70 22 49 56 18 13 17 90 21 93 2 12 80 51 45 91 61 16 50 88 39 65 40 62 63 97 39 51 86 39 16 34 27 14 27 98 30 57 24 54 7 16 96 100 52 72 33 30 74 61 40 4 37 42 72 89 80 1 49 8
 71 3 83 19 95 60 37 20 3 70 10 18 11 14 86 50 62 8 83 69 62 27 95 73 27 87 61 15 61 65 22 12 27 97 39 53 90 71 60 33 78 55 67 86 31 65 49 54 11 19 83 23 64 16 82 7 64 80 58 80 79 9 91 52 16 79 95 58 61 54 32 94 93 67 99 89 14 44 43 43 22 82 96 19 18 33 69 14 1 1 3 23 61 2 2 1 51 27 57 56 76 42 2 49 67 66 98 21 2
 60 96 24 54 57 5 99 89 78 90 82 96 90 54 78 3 2 82 80 52 3 40 77 54 80 99 90 18 70 97 13 13 27 80 90 76 39 48 86 25 36 50 46 56 33 89 31 44 20 41 83 71 35 46 7 65 67 6 4 26 61 20 18 2 31 37 84 33 80 21 71 37 48 28 40 23 58 95 81 9 54 87 97 31 72 30 79 59 90 44 42 70 61 56 80 83 27 12 80 63 22 83 86 62 64 20 80 39 3
 60 67 63 84 2 2 65 2 77 53 31 1 54 57 46 11 74 1 99 48 30 90 42 61 23 92 32 42 14 63 73 66 64 52 43 52 58 13 49 19 16 53 76 14 93 18 2 43 22 28 43 74 59 48 55 8 79 37 61 57 25 27 10 70 60 54 45 73 10 32 91 76 55 61 50 33 66 40 30 62 37 67 62 45 7 89 34 10 11 65 24 95 48 53 81 6 69 99 16 24 58 8 28 58 79 71 33 55 54
 28 95 61 12 22 59 56 55 23 63 62 67 12 88 3 69 74 88 60 60 21 54 82 10 2 12 63 5 50 65 68 37 36 46 17 83 78 91 10 61 7 73 2 85 73 63 2 95 86 51 69 89 7 60 27 39 13 1 43 6 46 90 52 13 14 96 32 15 41 70 29 71 58 54 35 67 31 94 42 95 65 85 10 51 44 38 29 52 66 84 40 17 81 42 75 68 69 12 86 70 99 5 14 47 30 98 54 27 12
 44 86 63 66 28 86 10 76 100 21 25 83 20 35 51 76 17 20 4 55 53 22 8 95 43 31 65 91 10 7 79 7 46 57 51 78 28 54 39 44 42 30 11 14 50 79 34 74 67 34 37 29 19 65 39 56 46 66 80 13 38 67 19 44 25 43 26 92 84 38 25 74 39 18 72 53 85 81 56 97 63 69 75 27 14 3 8 19 98 58 2 20 73 40 21 57 27 79 65 90 83 9 26 91 8 37 28 85 82
 88 22 73 11 26 7 84 51 48 12 11 56 64 69 9 32 39 42 52 79 10 59 31 58 38 17 20 81 7 43 99 19 14 34 60 66 91 83 37 16 76 5 85 64 36 24 11 66 86 13 22 46 11 38 27 17 62 93 57 63 3 29 53 16 43 28 87 17 7 52 83 88 12 15 81 91 52 41 71 91 40 99 21 56 75 90 58 21 36 40 38 48 49 54 44 78 69 15 81 76 1 1 40 78 89 12 18 82 28
 87 69 61 32 25 96 70 59 41 98 18 48 52 53 74 19 42 51 30 87 100 87 40 41 10 52 48 54 46 28 60 53 70 20 65 85 52 19 25 64 23 89 94 2 73 9 19 69 54 46 47 16 1 95 95 90 75 85 29 2 7 43 93 29 49 33 21 83 54 63 41 7 60 55 34 97 62 74 22 16 49 93 67 26 68 34 100 97 6 83 67 15 49 49 70 77 85 27 57 92 94 56 49 76 35 83 23 1 17
 82 87 29 55 72 38 93 65 58 49 5 79 39 45 75 28 10 19 2 38 55 61 13 86 93 74 11 21 80 26 48 63 5 9 82 16 2 56 77 10 2 17 18 41 52 20 35 30 61 100 48 22 34 78 62 82 81 19 87 75 44 11 68 59 74 28 28 39 91 31 85 100 76 95 99 68 24 80 63 39 45 40 30 80 93 21 71 60 85 57 23 78 96 43 53 43 13 38 23 25 31 67 15 38 4 5 49 78 24
 96 20 58 32 40 3 33 74 57 82 76 79 62 52 66 96 32 82 95 24 89 30 12 49 16 60 4 29 60 45 7 25 63 36 80 30 98 25 6 100 4 81 42 17 44 22 47 72 50 40 28 54 17 33 8 25 9 12 96 83 28 35 48 30 3 59 85 21 30 20 8 1 25 25 94 99 25 52 42 22 84 11 92 95 69 14 62 15 27 28 83 26 3 58 92 51 40 74 25 19 90 46 53 86 35 98 74 64 82
 70 17 30 94 27 84 90 33 29 16 15 20 11 100 71 77 66 92 5 16 1 71 59 37 33 53 28 28 94 83 9 79 19 7 51 16 71 90 67 51 67 87 35 51 92 38 20 42 46 10 15 96 29 61 98 28 16 56 89 9 1 78 38 21 16 88 52 13 58 81 57 17 86 72 52 69 47 46 64 9 94 60 5 57 1 6 3 91 29 7 22 53 65 42 17 69 34 9 63 93 34 84 64 24 78 27 54 49 42
 22 84 100 85 42 81 85 35 6 85 55 16 10 13 75 15 81 76 52 98 85 59 50 57 75 59 54 74 72 73 81 85 37 66 58 85 72 88 29 98 14 33 39 67 38 7 89 77 42 91 40 56 60 11 36 43 34 37 36 71 42 97 69 4 95 75 5 34 33 52 43 39 11 74 87 41 13 39 24 18 11 76 82 72 6 73 76 51 98 10 69 94 80 35 87 10 84 4 25 6 14 46 45 8 94 39 62 96 35
 63 64 80 68 41 54 65 58 91 33 89 82 65 24 24 71 6 74 7 53 10 52 53 63 29 94 73 92 1 36 86 63 24 58 56 48 22 68 55 45 53 1 4 40 13 87 51 91 5 2 36 20 38 5 100 61 46 6 19 47 47 75 43 1 90 80 2 31 33 99 95 44 55 5 47 4 21 33 45 5 15 70 36 93 83 15 78 17 89 54 6 69 69 55 89 70 100 73 34 95 17 41 12 98 32 100 19 48 14
 90 47 86 51 91 64 57 58 79 27 75 91 85 55 82 91 73 71 60 74 29 30 30 24 73 88 77 17 40 84 46 91 78 34 41 83 96 68 72 82 14 62 91 89 48 93 16 9 41 29 68 87 52 92 59 81 24 9 9 23 52 1 38 95 13 10 9 35 37 63 14 74 83 90 8 35 53 48 31 45 56 18 88 34 43 57 41 53 7 75 37 94 48 38 27 75 23 50 1 71 81 41 62 1 59 64 21 40 51
 94 58 99 42 47 50 85 99 68 14 41 64 83 62 69 2 96 49 56 79 35 87 27 46 55 18 69 70 13 42 65 17 8 81 100 97 95 96 44 89 97 41 36 40 74 51 75 12 22 17 98 54 41 36 38 11 74 63 95 1 41 98 26 88 97 30 59 66 66 43 91 95 88 92 75 31 99 98 89 34 59 54 85 11 33 25 64 68 83 4 60 52 70 23 39 62 36 63 83 33 85 31 40 99 19 6 18 56 21
 1 39 28 3 86 43 79 25 13 15 7 22 73 52 9 89 75 60 55 6 64 73 55 8 63 65 87 52 64 14 99 57 28 72 92 72 68 15 68 33 60 98 39 18 13 51 69 18 72 93 70 13 87 79 37 31 97 78 99 6 17 89 38 78 88 69 6 74 22 41 29 88 23 71 10 85 81 39 58 86 53 35 74 7 35 43 59 21 72 74 1 93 45 49 65 39 67 10 44 30 74 38 67 57 98 16 43 57 88
 68 32 97 71 84 45 23 33 75 30 54 10 11 14 57 38 94 68 9 5 23 85 83 48 74 44 41 37 77 26 14 53 95 88 52 65 8 98 71 52 22 58 94 28 98 67 91 2 62 87 81 87 85 92 72 90 12 65 12 29 55 86 13 19 55 80 76 34 37 82 58 91 42 41 88 22 50 33 77 72 33 97 1 99 91 86 15 30 10 86 63 94 99 30 39 93 45 15 81 14 74 74 99 3 63 22 81 14 11
 24 29 52 11 17 14 13 25 40 70 88 78 12 35 52 80 33 82 52 90 78 37 19 50 22 8 84 54 84 21 98 93 63 88 60 10 42 85 39 86 97 2 50 28 23 92 25 30 88 83 38 29 19 47 66 75 16 63 32 56 64 18 89 34 7 87 11 31 81 82 62 14 23 40 11 71 49 15 18 10 78 55 50 71 73 18 20 45 43 59 31 7 59 29 3 53 96 89 57 32 26 24 83 60 28 46 56 23 94
 37 47 50 30 84 6 66 87 49 24 10 79 87 70 29 82 87 43 38 83 36 8 80 75 57 31 31 12 55 99 64 73 46 29 44 41 40 81 90 77 13 5 41 56 86 16 50 68 85 50 36 1 95 91 76 9 13 15 15 71 67 19 96 11 14 31 39 28 77 76 1 51 10 73 25 36 94 38 26 15 64 37 20 100 81 55 27 85 24 1 22 98 51 51 77 19 9 97 35 48 84 8 79 52 47 89 27 97 48
 11 84 84 76 48 51 16 42 96 48 98 69 30 11 70 91 23 4 12 87 36 32 82 33 62 64 5 100 98 100 67 59 36 96 37 83 92 34 88 80 4 74 29 37 22 60 50 91 96 6 75 49 12 10 33 30 95 6 62 66 29 84 23 18 5 73 17 26 89 94 98 27 1 74 51 89 61 46 89 55 68 89 21 29 67 26 72 80 80 56 5 81 17 98 62 32 52 55 30 15 57 79 44 24 36 69 35 3 33
 76 45 42 67 81 35 76 61 75 79 40 74 23 53 84 10 65 70 32 28 15 51 95 74 100 58 17 2 41 37 94 26 75 48 38 27 7 8 87 5 45 33 34 67 87 62 15 85 26 79 98 36 92 39 44 98 86 13 78 20 7 13 70 42 90 54 23 59 59 84 40 29 97 89 64 53 30 29 30 24 98 86 67 93 14 45 79 100 22 76 35 39 78 47 72 87 34 67 19 39 46 89 27 17 35 30 66 62 67
 86 17 34 15 73 60 55 66 53 66 67 7 91 24 20 91 92 98 79 94 99 51 68 40 48 22 25 44 88 49 95 95 80 34 67 56 94 89 13 55 81 70 73 86 36 50 46 81 19 43 24 20 71 79 98 4 42 99 80 38 63 31 23 75 93 54 5 94 3 78 49 14 83 65 53 38 6 74 71 79 52 100 95 34 62 34 47 64 64 42 42 14 28 30 46 29 23 22 49 84 92 76 100 50 59 65 26 49 69
 71 8 54 91 42 39 67 8 7 3 4 71 72 17 24 97 11 88 96 59 19 80 97 75 17 44 33 30 65 27 8 14 2 58 39 83 9 43 87 65 25 98 22 98 88 16 38 19 32 23 32 59 35 19 60 97 4 4 72 9 22 29 50 48 18 8 32 100 7 63 28 26 92 43 12 62 2 9 28 59 40 8 70 37 42 56 53 60 87 80 78 88 43 62 8 18 63 52 68 11 6 74 95 88 86 25 23 76 31
 19 7 2 26 91 6 71 60 4 62 47 69 16 18 59 57 47 86 59 83 3 42 93 53 45 67 2 12 45 24 100 71 95 80 33 80 54 2 92 41 33 86 85 6 20 99 43 36 12 36 30 66 92 46 45 14 37 22 65 17 88 71 26 1 40 23 19 1 61 85 19 85 51 11 53 80 29 82 33 63 18 7 99 52 19 80 14 81 31 4 63 4 84 17 40 32 42 70 40 96 81 13 97 86 85 94 72 86 90
 76 92 85 30 69 27 93 66 87 1 39 67 30 28 21 52 45 33 24 25 81 47 24 71 64 62 96 5 76 5 73 99 10 61 17 29 38 41 18 66 100 84 21 14 78 7 13 79 61 20 31 70 13 16 64 99 24 67 73 3 44 18 19 51 35 90 28 33 5 76 37 57 36 94 32 73 6 18 2 10 33 57 42 68 65 12 7 83 2 90 36 75 19 29 99 68 36 84 81 63 28 11 78 73 52 85 28 98 7
 31 50 58 74 38 81 15 97 45 82 48 72 87 84 20 27 41 73 8 43 81 61 78 33 13 92 25 84 17 63 41 29 24 24 95 51 34 7 28 56 75 6 11 36 83 88 33 83 25 28 24 74 19 59 26 61 46 6 56 24 20 96 88 28 15 27 96 65 76 58 70 84 61 3 92 17 59 35 19 90 39 12 35 42 48 76 86 91 66 12 68 32 82 32 46 42 38 42 43 80 38 38 20 83 93 7 46 30 69
 31 18 67 85 1 75 74 3 82 87 34 2 87 100 51 10 65 51 96 85 57 3 31 32 61 8 72 44 78 36 36 79 38 52 5 74 18 19 8 9 8 72 25 31 100 62 83 32 3 23 45 1 13 49 51 54 44 38 51 12 50 33 7 3 37 93 99 66 72 36 2 16 85 70 27 37 63 22 40 7 13 6 56 42 65 4 30 72 99 97 90 91 85 91 29 90 44 83 78 95 89 61 10 62 70 4 85 82 1
 39 85 89 48 63 83 70 93 10 11 38 13 50 40 54 8 31 38 55 26 38 89 14 40 44 39 56 46 77 96 35 64 2 92 64 75 35 98 86 71 3 2 52 62 32 100 73 52 85 25 67 21 16 18 78 56 2 70 29 11 97 86 6 29 91 20 43 38 35 26 86 5 82 87 53 98 50 3 48 79 96 97 66 98 36 85 1 70 90 52 19 6 30 45 48 51 46 91 77 2 30 9 23 51 90 71 64 89 88
 19 35 48 44 31 69 60 60 77 90 14 16 89 61 6 51 79 19 57 77 41 100 13 83 26 20 84 82 80 15 33 69 8 88 6 48 20 38 61 77 75 27 22 70 87 50 54 31 52 55 64 91 77 88 90 39 89 16 19 41 40 42 64 56 90 82 94 26 15 23 51 48 28 21 82 44 98 21 80 78 7 62 16 27 99 72 90 35 79 28 84 92 49 43 3 68 6 57 59 15 31 40 48 44 26 52 70 55 48
 59 36 10 76 8 37 48 47 37 68 67 76 24 49 62 92 41 76 41 96 98 18 82 14 100 36 81 78 12 95 24 59 28 12 92 71 51 33 89 10 76 69 23 35 54 98 87 44 2 64 21 4 75 77 2 29 63 90 87 27 96 41 26 90 63 54 16 67 47 32 66 9 86 88 70 91 31 42 57 21 52 77 60 42 67 84 4 9 72 30 20 43 43 31 83 59 3 83 81 99 94 92 59 32 34 97 89 92 81
 94 94 56 69 13 99 96 16 61 55 87 65 58 94 9 6 82 23 77 97 26 92 3 17 77 6 1 30 85 56 49 54 51 4 37 42 73 55 65 41 82 72 25 61 4 48 43 29 4 80 68 34 78 80 13 90 82 2 45 23 44 69 93 64 74 12 56 45 63 21 89 85 30 21 31 81 32 94 17 94 77 67 52 55 42 75 12 30 34 87 4 44 97 16 94 38 60 12 30 27 1 6 18 92 96 81 72 80 50
 80 94 15 9 85 44 57 58 42 42 9 53 4 56 56 79 30 16 75 60 10 99 36 81 8 77 16 94 68 65 40 6 9 9 47 9 38 76 49 97 17 15 4 69 74 90 86 97 79 47 44 14 49 11 83 35 23 50 38 67 50 24 70 39 42 83 12 92 84 80 17 59 22 11 8 57 3 30 41 95 40 68 37 17 19 11 10 6 53 50 3 11 65 79 96 64 72 58 54 31 42 83 49 75 33 30 21 2 42
 78 23 65 16 64 72 37 68 99 48 24 29 42 39 78 42 100 45 81 2 12 96 6 38 47 78 36 3 66 11 92 79 46 21 62 14 6 44 44 56 38 47 69 18 42 47 43 6 4 26 50 89 73 44 61 41 80 95 43 95 43 57 15 55 87 35 85 48 36 62 9 12 54 76 98 27 28 76 5 41 48 20 10 76 27 50 17 80 1 91 64 65 42 81 56 14 54 15 83 26 5 26 84 4 78 65 38 15 26
 31 46 27 98 21 15 16 25 45 10 59 69 10 41 37 22 55 62 57 22 97 41 15 16 33 23 79 98 2 73 90 4 96 7 9 43 46 34 12 8 23 15 44 97 88 67 68 55 82 1 85 80 19 38 78 89 25 4 8 5 77 89 84 91 32 15 26 25 43 95 43 68 72 75 31 76 44 53 35 77 37 4 79 69 53 37 22 25 58 40 26 69 10 60 9 4 35 87 30 2 55 97 17 85 27 64 98 84 46
 26 46 94 88 80 44 45 4 9 64 39 52 12 84 14 83 26 33 18 82 47 52 92 61 6 7 86 33 29 66 56 96 5 7 28 54 92 86 3 35 80 92 84 91 63 20 11 95 15 44 64 85 25 67 1 27 80 53 59 42 26 92 58 9 22 80 55 16 97 47 22 89 33 6 98 29 27 80 24 95 68 4 97 71 38 90 72 46 40 29 34 63 6 53 73 100 62 20 90 32 92 3 24 60 93 69 57 93 8
 91 61 12 34 36 34 33 99 16 54 98 4 42 83 58 56 25 91 19 17 86 96 41 57 1 55 94 56 92 28 5 66 75 35 34 17 28 2 56 52 86 94 27 38 83 89 6 68 6 36 71 55 36 39 75 99 4 70 76 63 79 69 21 17 24 36 19 93 64 38 52 55 29 1 17 72 4 97 3 70 37 77 42 34 38 56 22 67 99 95 1 100 15 73 58 33 51 22 68 35 65 78 55 92 6 55 44 50 14
 57 28 62 2 60 91 72 58 71 2 46 38 74 57 9 97 71 52 9 87 15 14 2 69 15 16 79 69 95 5 47 67 94 37 37 77 22 25 51 99 21 98 51 71 55 87 28 81 9 22 60 46 51 42 39 40 72 31 23 7 13 93 16 51 10 13 81 2 92 71 15 18 22 23 85 76 16 2 29 14 62 18 60 2 38 50 20 93 7 46 84 67 79 22 68 50 4 19 29 72 99 69 20 67 100 47 23 95 78
 82 58 21 47 39 94 34 33 57 55 53 43 73 70 81 19 91 55 81 74 25 47 18 90 76 74 36 16 16 12 69 85 67 38 74 100 61 44 7 34 33 19 87 40 95 17 23 60 10 39 69 91 35 81 62 50 39 20 24 5 3 50 2 38 28 24 27 64 99 63 24 14 24 9 66 36 44 9 84 74 9 80 48 47 75 28 78 96 5 67 68 9 63 54 15 60 36 53 27 1 44 16 48 19 64 45 62 4 98
 80 97 87 42 85 98 62 43 30 10 55 64 56 23 96 81 1 74 26 45 19 95 82 30 32 54 49 47 67 87 7 12 36 80 39 45 12 52 37 57 95 66 6 13 10 21 74 17 25 58 88 53 13 75 12 84 57 62 21 95 62 63 43 40 45 66 31 73 36 99 86 88 8 24 48 56 92 23 75 100 45 75 81 53 79 41 75 10 72 38 81 1 24 43 4 85 26 67 92 64 47 42 49 45 23 18 36 79 70
 84 44 13 30 17 50 37 59 80 74 18 96 79 78 73 10 49 47 31 17 20 57 29 82 60 96 68 91 72 82 77 74 64 94 81 85 71 38 14 67 85 17 78 80 46 26 3 48 94 73 39 81 43 65 74 38 56 17 90 69 3 1 82 44 54 87 36 86 67 27 1 87 63 25 78 60 73 19 59 80 36 15 42 16 63 51 51 40 10 33 16 8 61 64 87 21 55 96 64 92 46 93 89 30 65 38 38 22 12
 53 67 5 25 13 83 34 84 97 14 95 50 14 23 76 83 82 75 100 66 18 72 57 25 36 42 34 15 93 34 81 82 16 91 39 81 69 31 42 58 28 84 63 23 18 87 16 71 48 92 7 98 8 22 93 54 19 63 91 28 54 48 27 12 16 94 1 3 15 24 52 42 97 17 99 4 72 73 76 30 44 63 88 53 53 42 98 61 74 95 44 30 53 42 76 59 31 23 64 76 75 52 26 13 73 3 64 9 27
 11 27 2 81 72 47 61 21 41 96 99 80 84 64 72 66 82 88 32 62 91 96 16 55 59 60 48 38 11 78 49 48 10 35 73 80 30 97 15 99 46 98 26 56 25 92 8 72 87 72 87 33 23 33 51 13 6 92 80 95 48 64 21 91 92 57 16 84 38 19 85 81 63 66 35 14 72 9 50 98 95 42 92 53 11 35 49 35 44 59 24 67 40 33 41 1 38 69 22 73 75 62 59 63 17 85 26 100 7
 5 6 55 20 36 85 13 27 97 100 93 45 89 90 22 3 20 3 96 95 29 64 1 7 24 22 44 20 90 76 36 86 82 96 8 37 24 56 52 83 99 22 98 37 45 80 21 81 71 56 71 32 51 72 47 18 76 53 14 46 63 26 33 48 59 77 11 51 29 54 52 12 97 23 97 98 3 35 53 48 85 43 39 10 18 56 8 28 91 12 66 68 99 37 19 40 93 83 92 33 8 62 39 7 99 32 96 30 46
 11 23 80 61 15 85 85 3 4 88 8 2 91 85 17 24 97 23 48 96 2 5 31 25 22 55 78 71 10 21 44 26 98 82 88 73 78 59 96 25 42 67 68 21 10 88 14 91 54 29 99 67 34 100 69 52 75 72 78 41 71 35 55 38 53 79 29 40 6 46 15 30 94 14 28 48 85 100 81 94 74 50 100 22 2 68 60 95 42 29 67 39 9 65 54 89 38 78 55 89 89 69 31 76 66 44 61 54 57
 7 42 1 66 16 71 83 71 27 59 80 4 60 44 15 38 6 15 12 32 58 94 95 53 73 1 88 100 23 18 24 87 67 75 50 41 81 27 31 67 93 9 76 46 11 99 99 46 43 32 17 29 97 54 83 30 70 86 76 31 13 63 13 79 41 56 8 20 65 45 99 89 6 79 10 12 45 56 54 83 24 14 37 41 32 23 15 17 16 100 65 58 79 19 17 25 15 91 77 74 95 91 86 62 86 49 36 76 56
 58 46 84 95 34 85 56 15 29 71 67 29 53 67 31 98 72 95 4 99 74 12 68 75 21 37 92 78 100 20 4 42 69 31 1 8 24 5 79 1 81 51 46 99 52 18 54 24 73 32 63 20 17 61 47 76 24 35 87 31 88 31 86 68 42 86 98 93 76 52 21 57 15 8 97 76 77 80 5 68 46 3 68 32 86 22 48 71 74 72 78 72 16 30 59 87 41 7 83 95 3 49 78 51 82 66 41 38 79
 51 4 65 14 3 49 51 54 81 15 8 17 65 36 85 5 12 96 82 34 39 68 15 84 74 35 4 87 82 55 28 23 76 28 10 59 22 58 83 47 43 6 17 9 60 67 85 27 20 35 14 78 98 14 84 67 75 67 31 68 48 86 72 63 68 99 69 38 22 33 34 85 60 71 89 1 84 65 21 86 32 96 31 65 94 20 6 37 17 80 67 21 49 74 71 53 52 96 39 5 31 21 20 13 58 51 87 93 71
 33 14 68 20 47 77 14 26 78 44 78 81 90 33 71 60 58 44 79 28 31 73 38 89 87 30 62 59 99 59 73 47 26 25 80 30 61 14 80 56 1 96 51 80 70 56 59 94 68 53 90 9 75 12 38 19 52 65 53 80 7 31 97 23 72 10 22 62 39 81 94 16 26 33 91 75 41 27 100 89 94 28 94 52 84 16 97 89 53 92 38 64 77 37 36 17 45 25 12 38 45 16 83 16 100 62 90 6 54
 55 36 3 60 72 100 99 15 69 32 17 52 7 6 100 75 26 31 74 10 93 37 40 28 69 54 36 15 70 32 16 77 69 35 34 16 36 8 63 29 23 31 40 20 100 57 6 41 28 88 61 76 92 24 53 47 43 90 88 2 83 71 41 94 92 64 30 55 29 15 76 75 77 56 76 72 22 54 37 89 58 8 60 29 4 54 77 83 69 53 100 80 75 73 69 9 63 61 63 55 99 7 16 74 98 64 25 37 1
 2 17 98 77 40 64 84 12 93 60 57 82 7 27 44 45 29 16 36 59 23 54 49 97 24 65 91 81 96 71 35 27 5 5 15 8 6 77 7 58 79 99 33 31 40 63 60 38 63 37 42 28 97 25 34 5 47 59 11 48 40 45 99 92 3 86 54 69 20 25 10 61 36 66 57 41 17 41 74 87 60 3 90 24 100 76 28 7 4 18 47 71 4 19 78 1 17 89 49 38 34 52 21 41 23 36 62 5 74
 13 73 21 46 43 15 33 22 68 73 50 57 46 98 26 76 56 27 95 82 10 80 7 44 7 42 98 83 66 90 52 67 27 59 59 50 18 18 1 34 57 29 60 43 98 6 26 3 15 1 67 26 78 95 35 80 1 62 48 76 87 4 29 81 86 11 61 59 51 32 20 19 25 90 94 57 37 35 40 51 1 10 80 90 81 91 49 83 32 8 10 61 79 90 23 66 53 95 69 91 71 61 58 20 33 39 32 26 5
 12 51 21 95 61 10 12 60 23 77 49 59 56 42 58 18 78 5 83 11 19 81 82 25 36 17 29 40 15 67 30 59 31 1 60 29 27 33 7 66 64 67 3 76 23 23 65 35 85 79 2 6 21 6 16 45 81 43 42 10 15 1 16 73 88 44 62 85 53 9 8 97 50 94 75 41 42 90 97 37 20 26 9 46 22 77 67 48 74 97 67 46 13 57 36 27 87 65 96 10 31 51 3 45 12 60 14 37 99
 39 30 64 51 39 95 82 93 75 69 1 77 75 100 76 63 89 6 18 69 87 90 70 12 92 49 34 45 54 98 56 10 83 74 35 77 1 69 13 25 21 86 21 21 100 90 85 68 9 67 64 11 86 79 26 19 91 21 20 97 50 60 30 79 65 13 38 18 3 34 87 65 55 22 10 43 51 21 84 3 40 37 68 65 65 45 100 82 31 41 5 39 10 35 76 10 76 14 70 20 1 9 82 87 32 88 47 93 59
 65 39 56 53 16 56 34 80 19 28 58 78 86 12 62 9 32 51 93 15 64 93 17 29 78 15 61 98 2 36 62 16 27 57 8 63 83 59 29 54 50 67 71 19 29 89 43 18 82 69 31 38 27 16 74 22 27 17 23 67 54 95 81 24 76 15 94 10 81 94 34 34 68 42 4 16 39 65 76 47 64 27 19 9 57 71 62 48 48 1 23 17 58 85 23 78 19 8 15 28 80 49 13 20 37 42 18 15 15
 64 30 8 97 83 17 53 86 69 94 31 48 90 35 60 73 8 78 44 72 59 72 77 23 80 41 66 53 79 42 23 12 18 40 57 11 77 12 8 90 13 9 25 92 7 67 92 9 49 59 44 5 41 76 97 98 14 52 47 99 27 97 75 72 9 45 32 27 54 60 62 35 1 63 40 67 98 52 86 26 15 99 21 6 36 99 51 18 22 23 97 22 35 21 29 34 52 32 10 64 56 48 64 8 3 98 70 23 99
 9 12 54 4 75 48 54 54 5 13 76 72 11 46 25 27 92 19 57 32 83 74 93 48 85 89 51 22 28 68 54 86 2 64 27 33 99 90 64 29 43 64 40 97 97 1 14 56 18 85 20 2 36 10 97 74 62 69 54 1 67 73 32 16 52 60 55 94 81 19 48 24 14 39 32 59 77 49 75 64 86 2 83 91 100 71 95 8 82 91 28 88 43 15 64 67 33 68 17 15 17 49 3 33 45 44 28 63 74
 3 9 100 73 10 17 34 27 92 32 9 17 77 76 9 33 55 99 21 2 72 37 73 92 21 87 85 37 23 11 51 70 65 39 34 37 64 61 70 28 35 36 34 9 24 30 44 21 81 24 58 89 92 27 83 45 84 70 48 52 14 61 84 55 10 76 38 21 68 3 27 32 5 33 97 20 91 67 59 37 15 28 95 38 80 11 45 6 10 59 95 90 66 36 61 42 51 97 45 97 81 34 67 12 97 15 7 44 93
 80 41 28 64 20 66 81 27 40 39 96 5 62 59 19 46 58 85 78 12 68 18 44 79 7 36 44 72 9 50 40 71 69 93 73 69 27 67 84 100 31 41 64 68 15 3 70 49 77 57 30 12 4 50 56 97 99 8 19 5 100 69 40 35 63 13 28 89 50 89 82 25 57 4 8 99 33 67 35 82 53 75 69 43 87 8 23 33 21 19 24 38 42 92 36 17 5 69 54 52 80 1 50 72 94 16 94 13 65
 72 32 24 11 66 11 78 94 67 67 20 53 32 80 30 13 49 55 2 67 46 90 64 94 70 96 84 47 80 93 8 13 71 95 100 96 86 64 18 86 47 86 98 51 15 67 87 92 20 31 36 97 45 92 25 66 18 89 96 90 54 95 55 73 16 45 67 13 89 35 6 57 63 32 14 60 47 67 43 29 94 85 97 86 32 15 35 90 68 15 63 7 65 79 32 29 34 51 72 85 84 99 85 67 61 95 50 64 57
 25 16 80 58 33 54 95 38 69 97 91 79 20 6 96 46 51 94 88 29 67 47 36 89 35 61 100 14 14 33 70 63 65 49 34 11 95 6 66 23 69 79 22 55 30 59 100 14 46 91 20 22 9 11 80 16 54 7 93 75 16 42 77 60 53 1 15 4 71 73 34 83 16 81 48 80 8 18 18 79 48 74 100 84 49 58 13 67 74 58 11 25 70 24 24 82 61 18 16 87 19 21 26 37 8 70 25 44 74
 2 98 63 12 18 39 55 97 16 20 54 14 23 47 58 27 91 1 85 74 87 84 59 6 48 61 76 20 62 21 62 52 45 11 85 74 95 23 34 87 56 95 43 52 43 8 35 13 25 84 53 68 31 37 45 10 51 99 21 14 69 96 40 3 51 66 53 32 99 1 43 54 35 28 3 5 85 26 41 44 78 26 25 62 57 87 95 1 68 88 15 25 8 50 42 79 47 59 16 32 87 93 9 43 68 26 36 69 18
 25 68 15 81 84 100 94 94 33 20 4 22 67 97 39 81 17 71 7 22 8 9 38 6 78 39 68 26 50 25 94 41 35 30 66 36 45 71 26 97 96 69 18 45 45 53 75 44 10 14 70 21 26 78 16 63 40 71 79 20 52 32 82 76 75 84 16 48 64 50 90 17 68 2 3 98 10 77 5 44 60 74 77 81 19 58 61 35 19 73 10 37 31 33 19 54 6 18 64 31 5 29 67 3 42 88 38 70 22
 47 42 55 99 35 10 31 42 30 45 71 6 88 52 15 75 41 77 97 88 16 2 31 54 29 59 75 96 30 70 93 13 69 51 64 37 47 99 43 30 12 88 53 49 63 45 71 49 61 26 10 79 15 21 91 92 65 57 58 65 48 18 17 63 19 12 89 93 69 96 33 88 4 99 79 41 33 24 94 55 20 7 63 59 49 84 92 87 31 100 82 80 26 5 57 70 66 64 58 8 42 48 67 33 67 94 70 45 15
 46 25 30 86 31 91 9 60 71 14 55 62 45 67 29 15 33 84 40 80 40 25 90 70 58 19 67 40 52 63 8 99 10 67 13 14 15 45 61 73 89 11 19 23 94 35 48 18 16 4 73 42 82 100 28 58 96 41 36 39 18 5 2 88 29 58 81 55 5 49 67 29 35 60 90 11 21 20 80 70 14 51 91 32 38 39 25 26 6 45 67 80 62 49 77 9 71 44 13 81 80 87 41 71 7 61 47 72 56
 76 48 20 42 47 37 7 53 73 78 9 86 33 95 22 13 10 8 53 16 31 77 73 57 93 1 83 22 70 39 60 76 78 34 17 13 42 28 3 38 78 36 32 22 90 53 97 20 47 1 99 98 84 70 85 75 71 20 51 98 49 79 89 77 8 80 18 32 54 31 39 6 87 18 27 67 93 37 8 27 74 43 70 58 17 52 36 74 38 17 43 75 33 29 50 25 50 21 59 92 59 33 64 20 38 94 42 81 8
 19 11 23 5 61 56 85 26 37 38 17 17 27 27 92 94 32 27 1 92 55 85 76 75 70 7 53 34 19 67 51 27 48 91 60 84 49 90 21 61 21 64 58 95 10 54 91 94 34 8 48 70 41 15 54 7 57 64 91 68 96 20 11 16 79 47 71 79 87 78 40 67 18 22 61 5 41 38 96 25 9 52 7 100 37 26 35 75 83 42 35 41 71 17 35 2 97 3 53 83 56 61 79 79 75 29 30 14 49
 89 80 26 9 88 66 77 71 49 90 36 86 44 4 5 63 32 8 31 15 51 82 64 24 53 61 77 86 41 58 38 85 52 15 83 36 37 65 19 13 95 8 46 43 82 54 36 24 38 95 86 67 79 91 22 18 41 76 26 78 75 65 69 79 16 96 90 64 47 69 17 37 25 68 11 8 48 10 34 26 54 54 12 45 85 35 90 28 15 51 37 39 76 86 92 64 40 3 19 69 77 3 28 39 48 76 68 96 55
 14 49 73 17 3 68 68 38 55 89 1 6 41 88 80 83 2 10 52 48 87 46 64 34 46 6 10 90 97 100 10 43 83 56 82 32 30 58 44 93 35 91 55 18 49 77 76 62 71 67 3 31 50 65 98 13 45 93 80 14 64 21 28 13 53 63 21 22 60 87 74 100 68 31 19 58 86 20 73 62 62 55 34 33 17 91 14 39 94 55 3 29 22 81 74 11 18 23 99 88 10 79 6 70 40 100 72 85 49
 4065 6621 1905 7688 5385 6542 5343 1811 2028 2306 1137 5788 2078 6646 4831 7205 10640 7647 34 9127 7969 5603 3797 10243 7796 1630 7514 8417 4424 3276 1881 7784 5499 7316 7594 4555 3993 201 1131 6477 8744 5361 4672 7004 8094 491 441 9400 8223 10713 8672 5719 9969 651 3907 7217 8979 1318 2201 7442 6604 114 9028 5487 4933 5596 8958 7165 9914 1560 5896 2029 2303 2573 5159 5829 774 5435 9787 6913 7112 5315 6065 9409 5073 4035 3849 5818 2952 8376 9300 8811 4382 764 2414 1090 1617 508 9213 6829 7901 4216 3592 2110 3958 10511 10633 6969 9033 8404 5658 7552 8603 1339 3590 7987 2313 2450 8429 6887 2062 4754 4094 10327