96 123
 76 51 2 86 87 70 91 74 34 57 54 5 55 57 45 3 22 3 9 90 32 53 73 37 41 46 83 49 100 40 69 95 19 39 63 94 47 19 90 24 46 34 80 84 40 49 32 6 81 38 27 8 41 14 72 58 15 36 89 72 28 42 55 8 91 14 56 6 11 28 22 37 97 95 45 23 27 9 79 37 15 63 82 40 86 37 89 79 89 87 54 42 68 4 8 90
 8 76 78 17 11 41 16 39 86 49 24 2 72 30 67 27 93 9 31 2 46 82 74 52 28 2 82 90 76 18 75 29 95 45 65 73 34 24 68 39 90 41 94 18 13 60 59 70 66 60 76 6 22 81 67 92 32 46 13 76 36 72 59 32 77 12 65 11 96 29 68 37 97 81 6 46 99 61 28 87 17 76 54 21 46 69 14 59 47 69 58 46 2 91 41 70
 63 42 51 4 15 1 43 91 99 93 2 66 35 36 14 41 23 44 45 14 72 82 10 36 34 53 65 88 88 99 16 9 67 95 85 5 17 44 96 27 28 100 40 24 37 88 69 84 32 59 55 49 62 24 13 80 23 15 13 97 24 39 62 89 75 66 43 81 3 29 35 83 8 20 17 59 99 18 59 74 75 94 84 36 94 69 8 85 63 91 62 75 55 34 88 81
 28 80 22 100 25 44 80 86 22 15 52 5 21 98 84 94 91 7 65 14 86 6 19 30 34 1 97 41 86 27 74 85 35 87 42 24 84 29 35 42 3 73 65 18 65 78 29 2 3 25 89 85 55 83 73 48 53 59 72 42 26 23 83 12 14 49 3 96 88 37 86 16 25 50 77 97 91 71 3 76 60 4 77 40 92 92 2 5 21 38 42 38 46 81 70 73
 85 10 83 59 84 57 33 93 79 93 90 22 58 56 45 79 41 78 26 75 53 3 12 6 14 22 22 71 89 47 58 93 59 96 34 48 72 51 47 19 15 93 87 41 21 51 37 93 31 91 82 40 93 9 37 75 77 80 19 70 90 38 40 12 75 56 67 4 98 93 73 8 35 82 70 74 98 88 52 79 69 86 59 74 1 96 83 47 29 50 63 29 97 64 10 60
 94 36 27 12 22 21 71 59 42 44 94 22 32 47 31 5 48 24 72 42 99 42 43 1 43 72 77 59 60 84 93 14 11 27 75 18 58 91 92 49 48 54 87 49 84 77 55 2 28 2 6 58 56 12 7 25 68 35 38 58 12 38 5 76 69 3 74 17 55 33 24 8 36 45 56 86 11 40 7 65 50 88 64 42 89 71 32 66 42 93 14 58 12 81 57 94
 37 43 17 8 25 94 2 8 77 57 85 31 99 48 66 7 27 45 55 19 39 78 84 88 65 92 19 86 83 84 66 22 15 91 100 94 100 16 20 9 70 48 79 6 79 48 20 48 30 50 98 34 70 81 28 52 70 94 81 53 95 27 49 35 74 91 74 10 4 91 28 41 55 8 86 10 28 92 63 63 14 5 22 30 95 41 59 5 65 22 95 27 94 29 15 47
 54 42 25 57 62 71 13 82 86 31 21 39 45 37 68 65 8 82 63 99 3 94 1 19 29 88 22 23 32 31 51 47 99 46 13 48 21 55 60 64 60 86 67 81 51 80 90 27 73 28 37 65 51 90 64 85 95 88 7 59 58 12 86 100 70 38 15 30 28 93 75 3 22 40 97 69 91 9 78 15 74 66 32 29 34 73 90 77 62 68 50 85 72 42 25 53
 66 40 98 86 27 95 24 45 20 45 48 33 89 35 29 2 25 67 33 90 72 60 14 47 19 15 99 90 50 14 15 80 72 49 93 76 54 62 20 21 85 58 41 38 50 45 25 90 92 88 75 26 48 66 87 37 87 36 14 77 19 54 32 73 13 16 75 100 52 12 72 73 40 71 17 4 8 97 25 26 5 38 29 17 47 55 90 50 79 61 87 66 25 77 18 94
 59 77 97 100 11 99 74 100 33 47 2 80 47 64 30 25 87 13 67 28 22 98 84 92 88 68 27 48 71 75 54 34 29 38 66 23 76 96 25 76 39 9 98 84 17 91 63 10 47 85 10 98 95 69 36 69 8 98 2 75 64 25 83 81 66 91 74 12 79 88 55 10 12 60 77 86 14 81 100 75 69 79 78 29 73 64 88 68 15 1 100 57 24 1 69 80
 75 9 98 88 48 30 100 34 89 74 32 93 14 86 55 60 34 56 24 73 6 98 81 9 86 32 38 54 99 58 80 52 25 28 54 87 20 62 44 17 30 98 77 47 31 19 74 63 39 49 7 62 8 3 47 96 68 62 75 51 38 2 29 19 29 37 95 78 40 68 7 34 11 69 97 92 2 6 94 99 97 92 85 39 14 5 56 45 23 85 9 71 28 37 90 39
 60 54 16 71 10 56 93 58 23 77 72 62 70 3 24 67 33 49 79 1 18 18 16 76 13 38 6 90 56 30 4 90 99 81 17 86 32 22 2 68 97 1 36 36 39 17 78 49 52 41 77 16 62 86 33 5 74 65 28 95 58 55 42 53 54 8 57 65 93 56 44 13 11 59 13 85 12 92 98 98 77 99 28 96 71 57 20 4 6 93 14 70 78 36 86 76
 74 98 52 33 18 25 80 84 51 68 62 31 16 23 28 2 88 99 6 38 83 33 82 51 91 87 1 85 43 89 20 81 66 69 13 34 53 27 8 36 91 91 37 85 91 13 12 97 36 23 4 34 72 51 66 15 43 61 47 21 13 1 45 67 61 9 99 96 55 15 100 7 60 93 11 72 28 95 40 8 1 87 39 15 65 32 55 11 72 56 65 81 9 29 12 98
 17 58 99 81 58 95 96 7 41 84 20 68 24 80 28 90 91 35 16 4 82 2 24 81 78 36 11 16 28 30 25 74 10 39 18 26 10 17 21 82 2 57 11 34 28 7 80 78 60 13 66 63 48 13 61 79 52 30 87 79 89 59 57 73 22 7 58 21 43 29 13 16 54 89 85 63 68 96 21 56 27 86 90 3 58 8 65 88 83 66 30 62 55 73 4 25
 62 19 44 93 59 92 99 96 12 7 57 90 83 73 35 46 66 52 24 14 83 29 93 48 41 47 32 84 50 65 30 94 81 87 65 46 90 22 82 15 48 42 100 41 13 56 61 99 27 54 43 61 25 83 44 38 64 48 92 92 56 61 77 53 68 45 80 18 27 48 51 8 26 68 22 46 54 82 59 97 79 64 34 71 14 88 7 52 28 49 73 69 86 63 95 100
 76 88 12 99 48 83 79 4 23 43 28 49 44 63 89 51 50 88 23 36 10 65 2 62 93 13 4 89 11 22 96 57 28 28 90 10 51 18 75 58 97 84 55 94 75 75 34 30 32 81 25 56 44 23 7 50 72 75 92 54 30 50 76 69 81 89 66 75 15 66 21 4 60 8 56 89 51 61 13 29 1 13 17 13 16 85 66 4 95 100 52 85 27 20 67 1
 46 82 48 8 30 72 96 87 45 68 20 6 92 33 18 100 100 21 39 90 93 26 25 21 69 84 28 91 32 27 56 54 38 33 6 39 72 69 28 33 57 13 3 88 91 99 38 85 68 53 22 70 67 5 29 95 43 25 9 14 36 97 44 44 33 83 58 81 78 22 88 62 98 75 22 75 41 7 18 20 55 7 7 95 1 45 25 42 54 26 32 53 53 50 53 15
 10 42 78 55 58 50 69 5 4 92 76 80 15 21 79 91 98 19 7 85 67 56 15 10 16 45 13 97 70 65 26 16 62 26 82 82 64 79 18 97 42 4 35 10 52 66 26 28 39 58 45 49 54 91 92 93 67 51 58 27 69 45 20 37 55 76 89 39 57 39 96 92 84 23 6 24 1 14 4 20 60 44 75 54 12 56 68 53 24 34 62 25 100 8 13 81
 77 100 83 81 94 48 58 9 99 27 35 25 17 35 100 60 2 36 40 44 93 47 70 35 57 86 92 11 10 97 66 93 96 80 12 31 21 70 71 73 96 41 96 69 1 44 10 99 72 49 44 99 32 13 22 79 75 18 35 16 8 77 45 77 40 12 85 13 13 39 79 18 35 50 21 85 9 5 83 9 30 71 90 81 6 13 41 57 12 50 57 78 9 64 28 59
 80 29 6 89 59 34 3 64 67 91 9 59 22 76 34 90 89 44 5 87 2 51 21 76 78 12 4 78 30 38 79 65 83 32 88 43 31 60 36 77 53 73 95 70 68 27 97 20 52 20 35 89 37 20 98 53 66 61 45 9 26 65 34 78 25 78 38 49 89 69 37 43 24 18 79 68 80 37 59 24 66 69 83 100 57 85 18 14 55 4 41 9 56 64 24 13
 43 61 41 59 51 65 71 46 80 94 33 87 63 31 35 61 6 39 38 68 91 83 94 44 20 60 50 70 66 93 86 60 52 15 78 65 23 2 8 95 40 100 60 32 15 35 46 30 32 80 28 24 46 82 90 57 77 95 39 19 64 67 85 57 5 64 59 69 40 3 32 92 44 69 51 80 22 29 92 49 6 79 62 96 74 55 100 6 63 74 57 66 25 22 94 9
 10 35 84 83 54 11 79 13 27 50 43 4 29 56 81 82 89 88 93 32 65 42 82 40 2 51 25 59 97 12 38 50 7 47 44 48 82 36 94 90 15 13 56 79 69 15 82 55 34 62 42 51 88 11 58 30 55 7 12 67 13 80 54 52 42 30 44 38 19 45 21 81 37 1 21 70 45 82 77 28 58 38 60 46 33 64 69 78 35 32 4 51 96 57 6 34
 92 62 98 42 32 69 68 93 42 64 66 76 69 23 54 87 81 25 1 47 99 20 38 66 37 19 15 75 21 83 26 59 44 53 10 69 47 29 46 69 24 10 5 26 9 87 81 83 71 99 48 99 77 97 38 38 74 96 33 94 70 41 14 4 61 4 5 33 94 80 37 92 64 4 63 23 53 94 22 49 19 37 33 30 23 2 35 17 63 10 92 59 27 25 94 1
 49 62 46 12 19 14 2 22 50 84 72 5 3 1 35 34 53 27 15 50 41 19 7 83 52 44 7 77 53 57 76 80 21 76 20 82 40 99 43 18 29 38 15 33 33 35 26 9 41 47 28 97 58 67 15 9 16 48 39 65 16 19 29 1 87 26 6 49 36 79 85 42 88 41 16 44 90 91 10 27 44 75 99 56 45 47 40 52 81 99 10 75 36 3 79 97
 82 22 83 58 33 30 77 82 93 79 90 48 20 35 39 77 98 1 42 62 46 79 39 10 34 61 9 38 85 95 40 84 11 94 69 44 59 43 32 45 80 12 89 73 69 63 10 82 14 97 72 74 46 66 86 37 50 91 61 52 13 29 7 41 78 59 49 22 25 28 10 34 15 39 3 5 88 33 7 37 55 65 73 100 34 45 57 23 31 20 1 16 89 50 30 66
 42 91 53 88 22 25 64 33 49 34 96 25 51 72 51 40 58 6 60 77 92 49 31 56 24 41 64 74 25 36 37 82 100 6 27 84 60 45 51 28 98 49 54 30 2 12 12 44 57 40 30 94 38 61 16 22 45 47 60 42 17 78 13 42 2 61 44 84 6 90 22 10 69 88 94 10 12 51 63 57 83 63 74 57 18 24 52 41 48 63 76 30 76 47 86 16
 51 37 41 81 58 63 17 84 61 11 49 9 56 68 95 31 44 88 44 96 74 45 94 26 98 68 67 8 46 38 30 64 22 15 82 75 88 44 14 7 55 74 35 92 73 76 4 61 38 26 39 69 76 88 81 22 30 49 32 61 91 89 79 41 73 69 37 40 60 83 18 16 83 32 3 18 23 82 18 14 29 26 87 37 26 98 37 71 29 79 79 10 36 52 60 61
 61 89 14 27 56 67 30 94 87 84 82 77 62 68 44 52 70 91 79 87 47 16 38 38 59 38 27 8 18 64 14 65 6 42 64 75 65 69 50 50 92 38 69 100 36 43 28 54 45 51 25 27 55 87 45 22 14 41 3 84 27 38 9 73 47 30 25 57 100 10 78 87 96 39 79 89 8 38 69 3 57 26 38 19 36 57 48 15 6 55 72 78 40 97 12 98
 23 61 18 67 73 19 57 66 55 23 22 15 9 27 59 99 99 52 27 5 9 50 74 87 57 23 13 99 48 80 47 2 94 61 36 88 18 57 35 70 26 31 63 95 24 27 8 9 87 5 55 47 89 72 8 65 89 67 66 28 81 20 84 51 78 65 30 37 93 14 89 32 90 81 96 83 18 25 35 31 64 66 65 85 16 28 86 49 93 93 97 9 18 82 54 91
 40 93 36 64 22 88 32 2 24 71 36 73 45 93 4 64 12 10 53 18 37 28 34 12 30 10 54 28 64 36 35 71 70 92 51 51 71 15 42 49 68 93 15 70 24 27 12 76 89 22 42 88 42 55 50 27 50 35 75 90 1 22 96 84 13 14 59 43 68 79 1 30 100 5 61 6 81 68 27 68 90 28 65 60 40 46 97 88 24 67 12 59 4 97 84 90
 11 63 45 6 69 84 17 41 27 80 35 25 13 36 24 18 96 92 88 13 79 62 64 15 60 82 99 43 71 36 58 70 27 9 98 99 54 73 4 42 9 10 45 17 50 15 22 18 20 19 61 67 64 15 27 95 36 23 95 33 57 11 70 88 66 21 58 36 47 79 61 7 71 36 66 49 37 79 61 82 31 4 38 29 75 72 26 36 41 21 99 37 4 86 28 17
 47 69 3 58 85 46 72 71 75 45 35 97 66 29 83 57 28 71 38 47 54 8 71 97 56 65 12 18 79 43 100 28 100 43 9 91 95 88 10 3 43 29 80 99 8 49 5 67 98 50 16 8 57 52 80 62 46 6 39 28 3 48 77 9 84 43 84 35 73 7 31 82 39 94 8 76 38 33 15 25 7 45 50 90 62 70 27 19 91 100 29 79 63 44 50 93
 31 100 23 41 12 47 53 89 51 17 43 93 18 34 50 88 23 14 14 7 21 14 42 4 10 16 61 3 86 23 83 21 76 56 70 83 94 51 15 34 36 55 17 40 34 17 78 48 81 62 35 32 57 94 90 13 76 57 32 11 70 27 54 73 79 5 15 22 25 89 2 92 63 98 45 48 62 38 18 9 32 66 18 71 59 60 36 32 85 50 76 84 42 51 11 63
 40 6 92 77 34 22 16 90 40 43 61 58 20 82 71 75 50 44 25 84 21 80 49 44 99 64 57 57 74 50 95 48 90 57 36 34 52 97 70 90 96 93 17 98 83 59 88 16 97 6 81 24 89 70 88 73 71 32 9 42 24 7 36 3 5 12 21 18 94 45 94 43 68 12 100 77 54 5 25 23 91 53 86 53 46 91 68 88 36 94 100 99 53 96 7 51
 56 19 70 86 87 53 88 53 86 2 7 73 4 30 58 65 71 55 58 87 63 58 28 80 46 62 11 38 37 89 31 70 27 35 48 56 69 92 26 14 88 25 62 34 5 17 98 74 55 66 99 84 34 84 13 82 56 99 27 57 17 64 49 38 11 84 47 35 94 82 86 25 48 38 57 32 25 85 47 92 40 22 62 14 51 37 36 94 59 10 4 100 47 30 100 100
 73 40 1 17 53 32 55 1 64 73 6 63 68 9 71 55 16 66 43 46 46 73 68 58 100 58 54 41 55 50 71 7 31 57 53 43 21 28 24 20 55 77 51 77 78 50 32 89 32 31 4 89 17 95 47 21 71 47 83 24 94 62 59 47 81 15 80 72 11 81 17 82 84 65 48 28 10 71 54 53 93 12 7 74 43 21 21 40 78 94 48 87 56 50 76 79
 74 100 55 87 65 1 89 2 70 60 8 82 9 61 16 89 45 35 68 72 4 34 100 83 59 100 17 35 82 14 71 17 49 29 11 28 79 73 9 93 23 2 37 45 83 89 7 32 90 1 60 53 86 63 54 72 67 89 19 37 46 43 84 16 95 33 92 98 35 66 48 28 46 56 82 10 82 34 5 11 21 71 81 90 43 44 52 35 56 33 65 48 22 61 69 15
 40 22 87 75 12 81 1 21 28 47 64 87 67 90 74 82 18 30 41 65 57 66 2 34 28 41 1 74 3 12 70 2 3 86 98 45 30 98 9 84 54 21 31 71 7 18 90 59 73 57 33 94 89 96 64 87 87 60 37 69 95 21 29 24 3 14 32 5 53 61 51 7 48 86 27 96 89 9 67 86 32 91 38 88 22 43 34 6 61 42 40 58 76 1 60 5
 64 53 22 18 88 95 11 88 44 18 51 69 71 35 48 9 85 67 43 20 93 50 13 91 46 67 54 52 81 66 54 49 76 99 33 27 5 73 65 2 90 9 10 16 80 82 98 18 51 66 32 75 85 21 54 31 34 79 60 25 53 8 20 40 77 56 4 85 10 63 52 12 26 5 94 85 58 34 92 90 34 56 45 74 17 59 87 70 34 23 11 76 32 42 35 24
 2 44 77 40 22 40 39 84 1 72 66 49 96 84 3 71 96 36 93 72 56 61 55 23 25 30 55 35 16 47 70 41 38 8 32 54 30 85 42 63 28 92 94 67 48 12 99 81 91 19 1 82 53 58 27 67 7 4 35 74 77 3 96 91 50 83 70 41 12 86 69 87 50 69 17 12 36 75 64 25 22 47 92 80 77 53 97 80 95 24 77 56 42 72 86 43
 78 20 44 3 28 55 7 66 21 94 65 100 69 23 82 29 48 75 53 48 53 75 99 8 99 91 47 21 94 17 12 2 42 37 65 20 48 81 56 24 74 41 3 86 9 89 33 10 63 27 5 6 16 3 47 70 43 79 93 1 42 58 77 88 32 85 14 37 69 24 43 48 40 35 19 82 53 100 53 20 79 61 31 16 17 66 35 11 17 8 96 47 25 60 41 89
 64 22 10 79 75 54 35 46 21 29 15 61 92 57 32 7 21 55 41 21 81 44 46 91 19 85 17 57 51 78 45 78 23 93 8 38 23 62 48 75 90 35 47 8 13 100 5 10 22 96 57 50 82 28 80 74 99 87 96 18 90 26 58 90 58 21 79 47 66 84 88 33 86 39 8 85 45 95 62 94 49 13 22 31 24 44 59 46 63 55 96 98 72 46 40 7
 47 85 40 24 48 89 26 88 96 36 10 7 11 80 57 46 29 21 92 39 53 73 10 29 23 55 63 3 63 33 88 59 3 19 37 84 88 51 54 54 88 87 62 31 27 48 82 23 19 28 80 88 11 36 78 48 83 22 11 50 79 25 49 23 26 17 43 81 57 33 80 98 67 86 78 49 76 33 37 63 15 96 99 3 68 37 7 3 36 54 47 53 26 12 86 37
 83 10 22 71 78 85 71 16 64 98 84 42 30 68 47 45 47 35 58 71 44 46 85 99 80 85 16 3 79 67 49 15 70 43 70 93 2 96 6 68 12 50 34 96 94 22 38 97 6 3 27 30 89 19 94 91 41 75 7 19 59 74 85 67 36 23 51 67 78 69 1 48 68 26 72 92 14 68 12 81 89 100 75 70 49 53 7 72 26 10 93 77 7 79 74 92
 77 12 89 46 48 56 6 62 80 7 90 62 89 63 87 28 37 72 32 52 53 23 72 18 56 94 91 37 90 87 83 66 70 34 13 89 27 78 50 48 35 27 7 14 53 66 68 72 77 19 1 48 30 90 3 61 57 19 37 48 10 13 50 46 22 12 82 72 41 40 61 74 62 17 46 19 57 19 55 50 85 19 73 45 100 90 40 12 86 14 86 72 60 83 88 70
 68 98 92 26 77 61 89 38 74 40 11 6 67 80 67 71 79 15 42 29 34 65 38 42 63 22 85 24 64 49 44 54 51 61 13 19 18 66 50 65 27 63 55 83 33 26 28 31 12 18 56 83 90 16 34 59 23 24 34 93 48 70 31 63 72 60 97 86 90 74 17 31 63 44 50 52 6 33 82 89 43 16 26 86 27 16 4 51 77 95 74 70 37 3 87 87
 16 29 55 81 10 100 3 29 60 66 47 16 5 1 82 82 79 38 40 48 46 28 13 53 56 12 48 75 83 69 4 61 93 90 71 97 34 70 76 35 79 12 82 3 2 24 19 28 35 31 76 95 100 59 100 2 83 72 17 47 96 11 74 27 22 50 60 95 2 31 10 35 16 29 64 85 37 75 43 2 30 52 93 95 3 47 3 53 20 90 63 55 83 66 62 24
 1 89 95 81 24 9 75 23 20 12 31 84 76 63 69 19 87 11 43 86 55 47 49 85 78 81 28 43 42 73 71 33 4 55 34 56 84 46 17 90 43 34 72 68 98 4 71 69 46 51 58 36 65 16 3 59 71 15 94 77 48 26 53 26 46 50 53 59 93 81 4 14 82 10 37 58 2 17 46 80 95 94 66 60 14 74 41 78 99 56 77 9 38 99 45 40
 32 20 76 19 69 29 54 50 51 80 74 6 90 98 31 87 25 24 49 33 100 31 8 94 84 33 93 94 72 69 100 89 36 50 11 91 84 57 44 94 22 43 26 83 8 93 3 97 44 12 78 13 34 74 93 42 4 28 29 67 44 64 47 77 34 51 70 31 31 50 16 96 68 32 8 29 89 70 25 21 85 82 29 15 59 45 48 12 70 20 77 19 85 56 25 40
 24 78 10 88 98 14 21 71 35 70 82 10 82 17 70 51 54 80 81 45 25 48 71 29 18 48 99 14 76 9 1 4 30 80 52 87 63 5 53 98 56 73 87 57 14 98 18 8 80 63 95 99 52 92 63 50 70 37 5 67 20 43 65 25 26 21 45 3 4 37 95 22 6 67 88 87 98 34 83 3 33 52 10 91 4 86 80 36 36 57 3 5 95 70 50 25
 48 48 35 8 90 35 29 2 92 94 5 66 83 38 98 31 78 80 35 39 3 65 5 81 83 90 34 50 3 44 30 49 33 44 85 46 74 82 37 88 100 80 7 22 61 59 59 17 44 91 16 82 30 99 6 66 80 49 89 37 82 3 3 6 93 78 80 74 6 67 10 96 92 63 31 13 17 83 14 11 60 54 42 85 14 30 36 45 42 33 61 99 100 88 18 89
 61 82 7 30 93 13 29 96 56 10 99 80 45 30 56 88 33 41 48 55 52 68 37 58 16 51 100 66 66 44 63 70 32 40 80 44 1 29 70 62 34 18 48 49 76 69 32 9 24 25 79 94 9 72 18 24 74 85 20 45 96 40 79 58 55 79 49 30 100 32 95 18 52 80 35 45 79 32 16 44 94 38 29 21 59 100 86 53 100 43 67 35 33 5 15 19
 97 54 59 83 91 58 8 4 14 1 5 28 75 20 5 93 37 55 51 21 32 39 44 82 74 28 91 38 86 18 91 50 43 15 86 30 68 3 75 36 67 85 53 35 69 66 2 23 27 98 22 51 44 31 94 48 29 4 14 65 20 79 15 13 94 81 51 22 5 36 77 13 9 14 33 56 56 18 81 2 16 82 24 90 27 45 84 95 90 51 52 18 34 78 37 55
 23 82 59 56 51 41 51 55 21 44 88 17 32 4 84 28 14 48 54 48 50 6 13 94 38 75 29 53 9 95 53 55 80 99 31 100 2 52 90 60 52 63 11 65 44 3 17 20 31 22 38 27 85 79 14 9 55 24 21 92 7 58 84 33 71 33 53 92 54 75 36 5 64 37 7 64 16 61 38 36 62 89 70 37 82 29 57 64 86 33 53 88 79 59 30 53
 86 99 33 78 28 73 84 64 72 81 61 47 72 35 53 18 79 96 78 67 97 55 99 57 41 95 56 45 57 55 22 31 88 95 94 9 13 65 33 40 93 25 65 1 75 60 33 19 61 31 30 1 1 4 89 29 44 65 11 39 99 38 34 64 96 99 51 5 42 86 43 46 3 88 14 54 86 73 87 36 90 23 61 32 7 90 8 43 97 1 43 24 73 67 30 21
 50 48 16 96 12 10 82 72 58 12 70 85 50 76 91 9 71 53 41 30 57 61 86 21 71 97 75 3 31 58 57 4 55 19 15 44 55 39 71 27 25 47 41 31 78 95 54 9 39 99 84 87 45 3 52 44 73 82 68 66 72 34 89 36 16 67 98 86 2 80 69 42 88 95 48 70 31 69 96 36 49 59 20 97 8 60 44 91 37 16 49 6 21 16 85 86
 43 60 79 36 37 83 9 77 24 48 69 12 91 49 83 48 37 76 44 23 79 48 77 2 57 48 60 96 35 21 80 11 30 8 70 37 22 30 6 99 27 25 26 58 17 20 2 73 65 99 31 57 57 44 12 43 27 74 40 77 21 89 89 53 14 58 56 37 25 26 93 3 97 63 54 46 100 82 98 71 34 54 29 51 56 34 41 19 32 43 55 18 79 18 87 6
 25 49 70 8 35 37 54 87 82 96 28 53 55 99 65 23 55 76 25 53 72 98 14 72 98 14 94 82 2 59 29 23 100 88 57 35 45 96 83 54 20 19 56 88 16 42 97 8 48 76 55 62 30 84 52 54 54 30 38 99 18 64 68 63 90 29 34 41 87 99 85 26 76 17 82 20 89 41 74 8 9 33 42 72 11 23 21 66 31 5 26 75 78 6 54 65
 34 10 34 23 92 70 87 62 100 11 24 99 14 28 74 78 33 24 41 79 81 60 47 35 18 28 29 9 28 6 2 23 55 27 33 40 79 59 88 38 35 69 95 96 25 17 12 81 40 36 78 9 62 9 25 63 61 10 36 96 54 10 15 93 40 29 88 39 74 27 78 39 44 33 90 13 42 91 55 52 50 7 97 65 8 76 46 85 40 80 20 63 72 77 10 39
 96 49 71 80 85 90 84 33 77 67 1 13 11 7 79 26 16 68 59 32 24 85 86 73 65 12 96 3 60 66 37 3 97 86 87 2 69 84 80 58 47 47 18 12 91 95 26 47 4 40 31 11 41 68 53 18 39 69 90 38 30 30 82 17 1 2 46 48 73 7 9 70 94 7 77 82 70 68 12 59 50 93 45 69 34 99 34 76 2 86 99 19 33 35 54 67
 44 76 17 45 4 12 74 21 12 52 18 43 88 37 33 3 22 34 63 4 25 93 54 61 88 75 70 39 7 9 36 70 34 52 5 70 34 13 65 2 65 26 83 39 22 34 72 49 78 100 83 65 18 98 60 95 16 89 45 84 4 37 36 18 19 66 53 31 23 18 92 27 69 88 95 24 92 65 46 55 83 9 31 60 8 54 72 75 6 42 68 64 41 60 80 64
 59 51 37 25 4 96 46 64 27 25 24 36 8 41 21 54 56 89 71 30 60 80 5 84 89 85 69 84 63 73 74 76 72 10 14 76 3 20 60 8 19 98 67 73 64 65 95 80 42 74 26 84 68 44 78 73 29 80 40 58 73 40 30 96 80 27 87 65 20 36 16 43 76 31 14 32 34 2 11 78 65 58 68 59 93 79 60 3 69 46 100 37 70 15 87 52
 85 43 15 82 6 30 13 32 97 22 83 88 69 76 27 27 47 41 57 19 52 63 27 66 84 33 26 75 54 93 23 90 49 3 95 50 11 20 72 37 18 28 39 60 13 60 20 11 87 45 53 13 91 51 45 5 90 36 94 7 64 34 31 70 3 25 46 50 1 99 75 45 6 36 72 82 74 75 55 42 50 76 29 91 98 13 55 67 82 67 81 97 86 52 32 4
 14 38 84 86 14 6 89 52 17 95 55 9 85 33 71 7 52 35 94 77 2 64 73 94 8 70 24 66 36 40 77 49 30 22 3 14 16 32 39 33 54 91 32 86 77 31 13 86 58 15 93 41 79 59 53 1 90 92 17 39 35 47 35 86 81 19 68 5 98 19 10 98 46 22 3 93 88 73 17 64 100 15 44 33 99 50 61 80 2 91 36 7 46 3 8 82
 54 5 76 76 53 76 55 18 13 82 16 53 14 53 95 88 56 61 63 63 26 93 69 6 71 32 46 25 22 65 65 48 20 11 39 54 80 57 14 19 16 65 25 99 33 84 53 34 15 16 36 43 22 63 13 32 6 44 9 97 80 62 10 74 66 23 93 58 89 47 98 80 85 61 48 48 21 76 15 89 98 63 73 29 99 83 2 54 57 71 40 94 40 25 83 28
 33 56 23 13 87 74 28 74 49 46 69 3 64 34 52 10 5 100 64 45 96 36 66 76 16 53 4 1 59 6 75 30 33 57 39 100 22 6 56 17 65 33 47 44 9 70 89 100 60 55 9 31 96 67 70 38 74 99 67 67 39 95 17 78 47 43 64 21 43 48 23 99 89 23 55 42 21 19 67 3 98 59 69 43 32 23 86 71 72 9 97 50 31 80 49 2
 80 33 97 71 19 38 5 94 30 38 36 23 19 72 7 76 58 60 27 32 46 2 83 9 67 81 85 87 39 70 15 33 2 84 89 63 13 29 100 25 69 49 42 17 29 80 42 24 32 38 75 6 3 84 75 91 58 98 78 42 62 4 59 60 55 24 91 68 53 32 37 54 7 57 15 2 48 87 78 60 34 84 25 96 6 74 61 71 13 33 15 78 18 79 82 92
 64 100 13 21 20 26 67 4 81 62 1 19 71 32 62 7 42 15 31 3 33 56 68 66 63 79 31 96 80 96 26 96 55 22 33 22 23 30 100 86 23 85 54 42 60 33 80 80 54 17 42 50 32 72 34 27 56 5 38 53 66 27 1 93 57 65 79 33 39 40 93 19 24 85 6 6 20 36 15 87 67 50 47 84 15 30 25 61 23 2 16 32 54 9 15 49
 73 99 64 16 15 24 55 86 94 32 50 71 21 43 53 78 100 60 90 11 45 14 5 38 60 69 78 61 85 23 49 29 83 11 49 19 56 14 62 88 72 88 69 73 33 87 5 26 41 93 80 13 80 45 17 35 59 33 34 32 52 54 75 73 16 55 51 60 36 31 35 40 5 6 79 78 35 37 71 68 26 23 46 80 33 43 95 50 77 71 4 30 53 68 48 49
 55 98 31 82 10 90 77 88 87 49 17 81 7 74 26 27 74 49 96 54 60 51 8 29 47 29 28 2 69 30 24 68 10 19 36 44 32 17 26 70 98 14 79 29 14 29 33 73 44 88 72 52 1 12 33 46 10 83 66 50 48 7 57 46 70 45 16 91 92 66 31 78 64 98 56 17 99 89 72 91 40 39 39 93 96 6 3 68 90 68 23 9 48 10 40 45
 31 2 14 91 78 24 86 54 90 8 9 59 53 92 56 53 54 5 57 59 80 39 69 49 1 83 38 90 59 19 98 12 63 30 71 8 70 58 67 75 6 66 46 29 58 99 16 26 70 71 83 61 47 21 88 68 27 14 99 76 52 48 12 75 64 60 34 86 62 85 90 49 42 33 40 27 52 95 78 52 59 62 38 98 47 27 40 90 78 30 18 63 26 15 60 95
 76 92 79 41 16 18 18 64 54 90 93 75 74 42 91 45 91 75 51 97 35 35 89 27 11 47 64 72 65 91 6 78 48 9 34 17 5 48 96 40 11 72 50 30 96 53 20 31 1 6 46 36 34 33 93 67 94 98 29 34 61 63 31 17 24 15 20 24 80 100 27 71 89 86 64 8 65 55 66 33 48 67 71 41 85 49 37 60 19 13 92 41 32 52 59 82
 92 13 13 39 98 54 98 85 42 17 53 24 34 14 69 50 45 47 48 94 78 16 69 52 27 27 43 41 44 56 64 75 16 69 33 41 96 88 3 52 18 94 93 16 13 90 40 18 52 74 100 74 67 90 61 1 22 45 98 33 74 72 6 52 79 91 8 40 7 89 29 100 39 60 32 98 44 88 94 78 57 40 58 6 75 10 21 89 13 76 46 45 54 4 11 27
 82 95 91 45 69 4 12 95 52 62 36 52 60 25 67 64 75 86 37 39 48 17 55 56 13 6 82 57 54 35 88 15 47 20 31 56 12 91 99 72 71 29 23 6 49 44 3 8 24 33 13 28 59 33 86 4 4 15 51 39 64 100 43 74 48 23 47 23 75 39 51 9 9 54 91 60 59 81 55 33 84 69 50 7 38 96 12 32 32 61 33 73 62 62 99 67
 37 67 50 15 86 28 28 27 67 75 93 18 71 18 50 88 59 75 28 18 57 21 52 74 90 91 26 65 85 56 2 65 62 75 45 56 63 14 97 64 21 20 48 94 41 2 39 16 35 58 53 37 3 59 59 13 10 63 93 67 100 76 8 95 79 44 62 25 93 96 38 6 29 24 46 53 3 60 91 31 83 13 1 70 49 19 72 12 94 96 43 73 9 13 68 21
 51 27 6 3 59 69 64 76 2 100 61 67 92 85 69 45 25 22 72 95 35 96 51 97 88 77 60 65 56 8 66 38 57 52 23 2 50 16 70 8 17 15 22 93 39 30 14 2 72 92 21 75 93 81 100 43 97 14 52 47 77 93 35 85 15 94 57 37 33 62 27 73 72 22 60 68 72 51 30 20 32 74 45 6 72 56 7 66 4 89 55 12 11 32 37 55
 39 4 99 26 83 32 64 56 75 25 3 15 50 56 13 56 65 68 65 53 77 99 34 54 25 35 12 70 34 80 44 3 72 20 43 12 85 78 31 36 35 51 60 16 40 50 85 52 10 57 38 78 33 36 15 50 30 1 22 8 18 94 78 53 6 67 10 26 77 97 2 79 8 98 16 48 86 57 27 12 74 56 48 54 71 35 47 70 38 48 15 47 12 79 43 25
 38 82 98 48 2 56 39 70 70 69 92 70 91 57 74 11 62 91 91 7 37 32 60 84 71 66 21 45 6 84 43 3 68 7 71 64 70 78 12 94 34 7 79 11 95 13 39 17 13 52 24 74 42 11 53 67 7 32 66 94 46 38 98 66 85 91 65 83 11 67 72 8 32 76 36 28 97 92 32 85 99 68 34 68 76 51 68 68 4 86 62 33 7 12 68 21
 24 39 1 14 51 15 14 88 24 15 100 97 25 55 50 77 64 12 57 55 85 73 51 98 59 39 74 70 11 65 72 60 82 69 36 91 34 6 74 73 83 87 25 79 20 4 41 46 81 1 4 19 82 84 4 25 8 71 37 93 40 57 21 35 78 52 2 79 39 52 57 12 34 13 73 73 91 54 14 44 42 53 84 21 19 91 96 80 48 3 34 23 75 68 43 8
 94 35 81 16 56 30 38 94 97 2 98 70 21 7 54 12 74 25 33 7 84 2 78 58 25 79 41 65 81 79 22 49 30 35 80 65 96 38 11 61 65 74 97 11 90 34 72 13 13 9 61 38 21 4 4 66 11 39 39 98 68 98 19 17 40 18 57 31 33 67 6 35 26 70 66 5 97 66 73 53 71 51 42 93 60 8 69 71 95 39 18 29 6 33 43 88
 29 77 99 25 52 35 61 5 76 75 19 88 37 22 77 74 28 69 80 42 86 50 20 73 86 33 64 37 75 1 21 4 63 80 55 89 73 71 2 62 84 18 66 80 81 60 47 36 1 3 94 69 86 70 36 32 33 51 33 41 85 19 12 66 47 22 53 59 49 38 3 11 82 17 57 33 43 17 33 48 49 81 67 48 24 91 13 10 3 85 25 18 82 71 56 73
 21 45 34 36 23 55 15 18 85 44 60 72 7 39 97 16 60 86 30 34 45 32 19 23 80 35 32 26 26 35 92 49 54 68 39 39 93 39 9 95 32 87 67 75 3 3 2 70 71 97 36 73 61 29 96 29 55 43 84 98 42 7 41 52 85 15 22 28 92 12 89 15 49 7 19 12 73 68 73 23 60 80 9 31 27 8 59 45 11 63 76 53 11 42 99 65
 44 51 90 21 83 39 20 23 25 1 93 2 99 83 16 90 14 72 93 41 43 71 19 1 8 38 88 75 62 66 56 94 71 77 86 47 30 53 92 67 19 89 61 23 95 52 2 73 99 13 6 66 100 61 24 83 82 84 100 73 51 9 37 83 81 74 75 38 81 32 53 60 99 54 35 20 8 19 11 15 41 64 72 15 43 11 79 12 30 9 88 39 10 9 28 97
 23 67 47 17 88 76 62 4 69 68 81 23 56 8 62 55 16 73 5 34 36 78 8 21 43 91 58 4 83 86 6 1 2 82 80 94 17 3 33 92 69 94 85 24 56 3 18 1 42 3 57 19 24 89 94 79 15 2 85 30 68 14 100 79 73 3 31 59 47 81 20 45 36 24 12 84 40 65 32 94 52 1 49 34 39 39 77 32 91 77 64 3 12 92 66 57
 30 77 19 24 38 23 79 64 66 37 17 17 5 89 84 20 83 37 54 22 41 17 53 25 99 77 78 13 45 14 64 41 90 67 21 80 23 56 45 49 94 16 92 8 28 42 64 56 59 28 27 68 57 64 100 38 49 96 79 2 85 9 45 22 70 80 48 51 92 31 38 36 81 61 74 49 52 74 40 57 78 92 49 36 75 49 26 22 96 45 33 58 29 29 99 14
 92 75 95 63 95 84 87 15 17 10 67 34 42 50 97 58 28 23 36 85 34 56 62 95 95 58 86 37 13 34 3 85 63 89 48 55 27 57 41 10 35 48 80 71 70 27 29 46 25 79 33 50 20 81 4 15 76 4 2 91 48 65 98 93 34 92 63 90 70 55 64 3 95 94 44 55 40 58 7 92 53 1 22 36 3 26 9 98 63 2 56 18 20 80 81 16
 10 67 26 87 13 93 13 51 30 51 27 33 80 31 62 95 100 72 6 92 86 75 30 37 86 52 77 72 26 2 65 5 25 36 86 55 71 24 56 79 83 21 23 28 85 41 53 25 14 46 70 15 10 98 3 42 53 90 43 26 15 8 8 47 48 50 18 66 95 15 58 15 71 58 2 8 50 98 11 86 77 42 61 52 39 68 53 49 51 88 29 40 74 4 6 79
 84 30 55 40 25 2 19 15 18 44 67 10 100 13 99 75 44 89 53 77 83 73 80 16 96 25 28 77 28 17 14 52 12 42 15 49 87 60 83 2 97 18 100 100 45 12 89 36 72 30 4 70 51 17 8 61 42 88 83 34 22 43 97 43 86 57 25 77 7 59 15 47 24 7 28 21 26 39 11 5 38 19 39 22 88 61 53 43 66 1 62 31 18 73 29 37
 12 50 59 4 94 80 80 2 73 49 14 50 42 57 44 57 60 6 80 86 79 43 4 4 72 73 77 60 42 8 4 61 30 9 71 6 93 23 10 94 96 72 17 7 7 25 25 41 100 54 93 77 74 70 10 81 46 21 41 65 14 42 26 45 41 66 98 6 85 11 94 61 62 56 24 5 4 100 40 62 75 2 19 66 80 51 61 87 38 30 64 10 43 53 10 39
 30 94 38 50 73 53 40 68 62 42 32 70 31 49 92 2 73 34 98 99 3 29 10 41 41 39 75 58 28 21 47 53 66 93 48 11 54 35 27 66 41 77 40 88 37 32 91 92 92 72 38 29 90 20 36 37 58 23 3 99 82 53 22 69 92 57 23 1 3 79 94 23 10 39 70 48 65 42 91 74 22 22 22 32 48 98 88 59 43 6 30 26 89 14 14 80
 70 88 82 58 84 57 95 93 38 89 42 53 23 90 15 26 60 65 32 65 8 98 76 85 79 40 91 43 44 62 92 39 35 84 34 9 22 56 96 93 99 27 6 83 1 33 34 68 18 85 60 84 60 94 16 23 66 97 63 24 45 60 63 54 1 82 18 31 67 62 46 96 75 83 43 3 5 68 23 9 11 49 49 30 49 88 32 47 77 25 8 100 7 3 8 57
 90 31 28 79 90 79 78 8 23 6 33 38 75 57 28 17 50 39 98 76 82 28 33 63 43 61 66 7 87 52 75 33 23 25 13 19 91 84 86 97 51 94 32 11 17 1 7 68 86 27 54 73 95 14 92 61 47 48 38 14 56 74 3 34 7 40 88 64 14 65 89 83 28 70 75 65 61 3 27 92 83 15 45 18 58 15 77 54 22 12 15 97 35 7 80 56
 17 89 26 38 75 19 40 70 65 39 33 77 65 91 97 54 17 4 62 73 71 92 12 78 87 91 54 91 38 15 56 89 8 48 88 32 7 20 43 22 91 94 26 58 18 75 46 8 41 69 15 22 10 95 35 11 93 55 91 50 34 32 4 14 89 54 7 94 46 18 72 63 63 57 75 49 52 56 70 87 28 37 32 50 100 16 3 90 48 25 63 14 63 81 25 89
 37 88 85 94 100 59 22 67 19 21 44 40 73 15 17 43 16 38 57 83 88 59 94 76 2 94 5 64 31 53 57 34 2 89 52 26 25 76 6 47 95 100 69 32 16 23 88 4 21 93 42 51 51 38 87 62 12 68 80 40 89 22 42 4 13 3 11 52 92 4 45 85 22 24 2 50 18 8 86 3 54 96 10 52 2 65 23 52 62 62 90 61 38 59 3 67
 51 60 76 22 52 58 62 93 18 47 34 25 73 45 84 28 44 8 29 50 87 16 63 100 88 24 21 29 62 78 87 42 92 86 49 43 77 77 58 17 89 23 1 29 22 69 30 50 97 48 30 3 84 68 91 97 49 72 36 81 64 31 6 35 79 25 78 70 70 39 9 29 47 56 48 86 87 45 40 65 88 26 95 31 83 86 74 68 27 10 20 64 44 70 90 17
 48 91 70 80 41 14 13 73 19 63 89 64 65 2 89 24 57 27 5 81 37 63 46 77 8 49 72 10 11 23 41 44 51 10 49 87 73 67 16 31 21 87 4 40 20 55 3 36 7 60 98 91 80 68 9 29 94 73 64 37 95 71 21 51 83 60 19 42 51 3 80 20 39 59 67 5 29 97 63 31 94 31 53 72 54 95 61 10 86 88 32 39 53 6 50 4
 89 28 63 47 15 80 12 78 55 77 63 65 62 48 38 64 94 83 73 47 71 16 68 52 56 97 98 85 86 60 74 58 18 23 4 35 70 32 13 89 11 40 9 43 25 68 8 14 1 11 40 21 27 55 49 46 30 47 48 46 31 39 66 61 93 80 4 38 60 8 92 88 87 73 94 36 89 52 97 85 9 96 40 67 14 2 79 62 17 21 27 45 78 5 3 13
 89 39 96 4 100 45 45 51 30 15 20 63 69 53 19 5 62 3 60 21 85 28 36 6 92 12 6 11 13 16 67 3 62 48 66 79 14 50 22 80 24 73 55 47 56 73 94 38 72 27 81 44 72 77 4 87 12 84 69 3 9 21 18 75 25 51 66 99 71 13 48 99 39 7 100 90 75 70 25 50 22 44 66 11 51 12 33 14 30 35 11 52 2 17 74 98
 7 37 31 17 38 66 47 91 23 77 24 41 16 89 25 53 12 92 14 13 87 2 38 48 13 99 93 54 59 62 13 48 26 76 88 91 39 25 74 76 59 89 79 55 51 77 75 29 34 24 15 95 52 32 41 60 12 27 88 32 74 50 74 21 77 91 6 28 14 48 96 66 17 16 81 59 79 30 4 54 100 94 38 1 81 91 86 55 83 77 28 40 16 25 76 96
 42 57 25 15 16 100 15 57 2 43 21 98 59 62 2 69 77 24 31 22 49 90 53 13 14 92 17 70 35 37 10 59 99 41 5 55 41 65 72 32 28 11 96 40 64 17 61 100 6 99 77 8 23 90 16 26 53 41 4 75 32 100 81 48 35 39 56 44 97 10 48 30 41 55 69 5 51 10 1 92 71 6 5 53 37 91 84 16 71 33 64 7 95 80 79 57
 79 54 2 4 36 99 51 31 99 34 58 52 21 60 48 14 32 45 1 73 4 91 66 76 18 80 29 88 98 55 8 23 25 25 28 88 12 99 12 42 28 94 65 1 25 60 54 31 28 42 9 16 1 26 25 78 8 68 73 63 23 80 28 55 74 87 7 39 33 84 4 31 72 30 75 74 86 100 31 37 64 85 95 55 5 24 18 72 85 85 97 52 45 98 36 40
 91 61 41 54 4 10 69 33 32 95 74 99 86 36 89 68 49 49 76 2 20 39 70 27 24 65 69 42 45 20 44 95 48 66 90 58 30 78 64 100 31 96 39 48 63 39 55 74 27 9 58 65 67 51 45 29 24 76 65 91 1 58 81 94 25 72 80 11 69 16 23 7 100 5 83 75 25 11 20 18 78 66 53 41 100 12 1 64 58 74 88 86 90 69 16 38
 39 91 66 33 29 6 16 83 58 92 23 31 13 53 73 5 89 100 27 40 84 59 41 55 38 49 58 93 64 9 26 68 85 73 40 92 33 2 16 48 68 10 36 39 23 91 47 86 48 25 90 47 30 28 36 13 84 34 51 69 18 77 83 93 15 44 86 100 59 68 39 41 50 74 6 1 68 87 4 32 27 97 93 27 35 100 7 8 94 93 75 46 72 39 30 34
 24 38 66 12 60 48 38 74 46 25 75 11 69 86 36 64 11 19 47 69 8 75 98 78 95 37 36 58 81 76 62 56 67 86 92 7 29 92 45 11 51 82 24 76 28 45 84 65 24 59 87 96 65 79 71 61 43 97 57 18 74 25 3 83 69 37 13 41 27 16 17 62 89 9 18 97 78 50 12 67 19 31 100 53 1 54 95 37 18 25 57 68 100 31 78 30
 72 14 60 91 38 74 65 81 46 52 10 12 93 1 6 38 13 96 72 50 66 42 29 83 40 69 92 36 97 18 79 37 10 49 40 92 43 56 36 76 60 57 15 31 31 70 90 87 9 80 46 93 26 56 80 20 31 55 19 66 98 17 58 60 17 39 25 97 13 40 76 89 72 58 53 16 100 33 35 38 39 57 39 70 45 50 60 23 21 14 25 89 90 21 51 8
 29 16 39 22 57 73 31 48 21 33 14 36 88 32 15 83 36 91 86 70 6 70 58 39 54 19 22 34 26 59 49 55 97 43 85 94 53 6 17 18 63 99 87 94 66 63 61 13 89 97 53 56 66 83 58 15 68 98 95 97 88 88 9 82 97 89 82 50 48 96 69 19 62 86 46 35 44 35 18 6 62 39 80 90 78 80 25 34 38 15 92 89 78 78 86 87
 28 74 55 30 31 40 33 44 70 68 78 76 44 40 28 45 1 47 18 18 35 76 12 54 17 53 5 29 77 98 49 43 34 31 53 55 24 3 58 59 73 91 79 65 14 47 35 52 32 7 25 22 48 11 25 50 90 80 14 95 1 95 89 86 85 9 84 71 10 49 22 81 55 78 82 95 62 17 6 6 54 17 36 39 71 100 13 85 44 62 68 42 14 15 25 28
 69 54 4 79 9 84 2 26 12 77 3 48 28 11 48 7 29 92 92 95 40 66 47 100 95 52 7 43 59 9 20 71 65 63 80 55 89 11 12 96 95 9 99 3 30 48 5 5 54 12 50 68 58 42 4 65 2 48 18 39 40 60 53 75 42 13 44 33 68 23 76 31 52 11 65 34 89 44 73 91 41 100 59 41 83 57 78 19 9 21 40 15 97 59 60 57
 97 37 56 55 65 37 59 99 93 4 89 33 58 13 1 98 90 13 53 10 32 64 14 29 85 11 42 64 78 41 86 18 26 90 71 69 81 21 55 34 59 77 18 58 3 23 58 1 33 31 68 77 17 78 15 52 6 64 94 35 69 22 22 24 90 34 43 15 54 76 66 89 42 95 66 77 10 17 89 36 49 26 91 75 72 28 15 5 32 100 72 30 43 67 100 71
 52 11 88 49 65 11 84 29 14 53 75 58 14 1 73 9 1 6 63 87 42 6 43 80 44 6 83 26 73 18 19 46 36 1 40 76 48 51 61 68 26 36 88 93 72 24 23 19 10 50 9 13 89 20 30 73 78 41 64 43 29 10 82 83 36 47 15 20 87 46 54 60 78 34 90 87 43 53 83 96 56 38 15 76 67 93 25 8 28 2 68 24 1 61 33 62
 54 49 8 2 40 55 48 86 47 70 13 52 50 92 38 78 45 74 43 79 61 61 91 40 7 34 69 56 72 75 52 67 32 94 52 23 33 99 89 92 7 79 89 57 40 52 22 39 65 1 34 29 54 20 89 24 12 82 79 71 32 60 6 1 19 94 20 35 9 65 80 77 39 10 29 5 11 68 1 2 92 55 5 85 96 47 57 4 27 86 77 14 9 48 80 95
 57 92 2 45 80 85 87 65 96 3 63 53 60 94 88 32 52 51 98 27 64 88 7 56 79 51 26 96 66 1 84 48 8 7 52 85 47 55 63 55 14 83 22 21 19 80 11 70 89 87 7 65 10 87 24 79 9 25 55 83 11 4 72 69 93 99 8 74 28 63 9 23 95 50 1 84 70 98 21 5 39 41 5 87 98 42 13 84 90 91 22 49 39 62 6 28
 15 73 46 2 56 38 87 92 20 84 83 88 38 69 34 71 39 57 15 54 94 19 69 57 27 42 5 31 42 93 54 16 67 77 14 52 40 18 16 63 70 11 45 93 57 84 26 28 70 42 29 63 98 8 98 29 6 5 18 15 18 56 28 67 78 88 25 20 11 74 72 32 47 47 29 47 20 65 81 36 59 13 4 9 28 77 4 67 100 47 69 34 81 77 27 26
 84 18 31 15 15 42 28 79 70 12 1 73 29 64 93 76 58 66 32 4 9 79 20 38 42 73 11 55 88 87 64 45 29 4 6 82 16 26 87 23 10 46 59 71 50 8 5 97 89 85 94 81 100 16 23 76 9 56 98 64 65 93 82 67 4 96 99 4 31 36 4 41 6 80 91 82 35 57 68 18 86 45 52 100 42 40 63 37 50 24 80 87 78 26 19 99
 63 57 7 74 6 23 13 65 19 1 14 87 74 51 42 33 96 10 61 5 29 69 58 98 66 49 25 14 56 63 93 35 73 87 30 47 47 75 30 38 10 52 76 47 74 74 40 47 33 21 68 15 26 51 94 18 10 46 51 31 27 34 13 76 55 61 21 43 48 75 96 43 93 22 33 40 99 4 37 3 17 97 85 70 41 71 9 60 69 46 21 83 16 75 70 35
 82 54 5 55 41 36 10 90 92 53 15 81 36 66 89 25 36 39 31 71 13 47 64 100 83 85 87 74 14 52 6 4 93 18 100 21 34 9 73 4 18 39 15 24 13 25 49 100 18 18 45 43 54 12 42 78 72 43 64 54 86 46 24 69 76 83 71 13 1 39 51 13 28 94 50 66 81 77 82 83 11 45 32 48 64 64 18 63 39 21 39 77 78 62 32 68
 90 54 43 72 6 26 69 80 62 57 8 34 46 81 65 22 50 62 62 100 89 22 77 73 83 72 12 88 28 55 95 26 67 96 60 74 77 44 30 19 40 19 87 47 84 93 10 74 39 63 82 84 70 6 74 45 87 46 11 13 9 51 27 56 66 76 24 55 43 95 25 27 53 42 25 74 50 61 44 26 47 71 1 6 66 5 58 45 18 28 31 1 71 41 58 82
 34 2 67 97 39 91 99 74 21 92 21 14 62 3 15 84 17 31 8 92 50 33 24 74 15 8 9 57 17 41 40 37 34 88 19 54 79 46 89 20 75 98 24 20 4 35 93 17 77 80 53 37 28 1 65 69 67 94 64 80 59 72 10 34 81 100 59 74 84 26 80 61 80 20 74 6 16 11 33 28 63 71 19 77 17 31 8 32 7 61 50 86 17 14 44 19
 89 99 88 49 45 21 62 79 68 94 93 94 28 50 49 70 2 64 71 79 6 50 73 4 51 16 50 47 7 97 59 9 92 96 1 27 37 60 21 76 49 98 9 23 83 44 10 9 91 8 64 59 68 23 67 96 31 66 34 12 46 23 57 50 13 65 56 32 91 79 18 71 86 19 18 29 79 57 74 12 21 82 100 18 85 21 70 47 40 85 28 17 94 71 62 78
 13 6 84 91 67 22 58 78 35 34 17 84 52 53 82 11 71 99 46 10 77 45 5 17 58 42 28 23 92 70 31 87 49 47 23 25 99 17 97 32 92 26 55 17 41 42 25 47 70 2 87 22 85 88 2 5 88 53 7 90 51 84 19 60 88 38 93 78 51 67 46 71 68 1 67 97 59 13 8 21 26 88 89 78 45 55 54 65 97 7 57 2 19 88 15 19
 63 32 70 39 14 70 62 100 83 58 51 70 38 70 1 87 78 40 41 68 74 20 37 74 78 91 85 76 70 38 29 2 47 34 34 88 74 22 51 94 31 41 40 79 24 59 12 25 63 80 71 44 77 69 79 93 33 59 75 67 71 99 21 56 52 13 71 97 28 92 86 90 39 76 90 57 74 52 42 78 21 22 4 55 53 62 61 99 10 48 66 85 22 25 35 66
 29 10 43 33 81 20 3 32 54 80 17 41 96 29 35 84 41 89 77 74 69 18 19 47 15 98 20 44 2 89 72 79 54 18 43 26 60 8 50 18 71 1 68 90 32 94 17 43 28 72 13 1 70 30 90 43 13 37 3 2 14 97 59 48 37 37 79 73 26 3 6 7 91 14 36 68 72 16 50 9 93 76 30 43 36 10 30 1 38 49 75 83 13 64 89 48
 18 12 50 85 72 53 85 76 27 15 77 40 12 24 31 28 63 7 95 12 85 66 27 47 75 51 8 41 94 82 67 36 76 68 60 21 21 91 26 72 78 22 37 68 39 29 66 71 51 16 55 50 26 78 66 82 22 18 35 20 4 55 6 52 6 16 44 82 97 54 64 25 42 88 63 78 18 37 94 44 28 1 46 43 16 25 84 66 7 77 96 24 30 42 34 63
 75 40 45 51 38 37 57 29 81 46 49 3 14 7 98 65 47 86 92 29 55 87 61 47 39 16 22 95 60 70 1 58 9 23 69 20 77 49 33 88 45 80 71 92 20 82 18 91 59 90 20 79 57 37 52 99 82 63 7 17 79 94 64 32 59 59 42 4 95 56 63 4 17 97 58 69 17 22 14 26 2 23 59 87 16 18 70 79 96 5 7 92 64 80 29 67
 2367 9010 1182 4435 8523 5553 406 8061 3337 3774 8461 1148 9255 6143 3714 7182 4394 6476 9000 6529 8724 2546 5265 3843 55 4690 7767 119 2725 7124 2255 8883 859 790 8993 5616 1508 7029 1094 1841 4773 5770 2778 7647 7727 407 4601 1961 6048 5887 7852 7316 8251 6972 8209 3637 7703 154 8375 4171 580 5887 2889 5470 2992 7050 808 149 5953 4419 6019 3556 4881 1977 7989 5742 1875 9010 1066 9587 6199 6454 8352 8221 6903 8372 2156 1864 1856 4994 8850 2283 8316 7059 614 2152 7453 1229 7633 3992 6683 6945 1442 3305 491 5025 6447 1276 7029 4157 7676 918 9299 4466 5423 8833 4455 7904 9161 170 4700 4401 4020