91 111
 54 100 14 87 93 5 45 61 85 85 74 54 12 74 88 6 64 37 56 90 27 44 37 26 37 85 3 17 56 12 99 24 68 51 86 41 14 84 86 21 5 49 81 93 68 51 68 82 68 13 60 35 88 2 95 1 100 42 88 2 93 29 47 39 26 82 60 54 50 54 51 71 50 17 3 67 42 20 33 55 68 9 32 79 53 64 43 53 84 13 60
 88 42 32 49 97 49 41 7 48 88 22 18 84 59 10 37 79 86 19 60 62 65 28 90 28 94 36 2 45 91 62 2 8 23 35 65 50 92 76 50 65 46 3 14 60 65 21 23 56 88 100 63 80 87 99 4 96 87 52 82 78 80 81 26 35 5 65 77 14 43 44 95 42 23 72 33 77 75 93 20 55 38 72 63 44 69 40 97 65 35 30
 47 91 34 93 59 10 75 74 42 11 2 51 88 71 91 81 29 79 58 27 71 63 6 20 44 7 2 100 60 67 51 22 18 99 27 75 64 65 77 5 69 63 95 51 10 24 36 32 2 56 25 72 100 76 7 6 90 61 43 2 58 23 95 2 100 95 63 25 84 8 81 77 87 58 74 63 30 43 60 17 77 66 80 90 23 13 63 83 71 84 59
 40 21 60 4 79 53 9 97 24 58 39 59 14 88 82 67 85 34 72 52 83 20 13 77 33 82 14 35 77 98 79 73 95 35 21 63 89 62 59 50 75 74 8 49 56 67 89 76 64 77 74 72 60 42 84 72 67 9 85 76 81 61 93 60 29 90 11 51 92 74 50 23 81 91 44 91 11 26 30 10 82 88 65 15 40 65 34 11 53 1 90
 14 91 25 18 20 47 52 78 62 57 38 17 27 32 43 66 1 47 5 9 45 17 81 57 44 87 98 35 92 32 56 71 4 29 86 6 98 14 88 50 21 75 44 53 22 63 35 61 49 14 6 14 12 62 91 51 45 83 65 33 1 70 87 98 40 38 8 4 71 46 72 63 31 15 35 97 54 24 67 92 100 15 30 79 19 34 3 32 14 22 14
 3 55 6 78 44 58 87 32 31 90 97 34 64 87 43 85 89 60 10 8 80 39 16 75 62 17 74 44 57 11 40 35 26 17 17 61 94 96 37 53 23 73 26 41 12 76 54 20 58 8 100 2 9 38 44 86 53 8 95 63 29 93 68 20 80 57 92 77 64 4 18 61 9 36 85 68 82 23 64 14 18 26 71 12 7 3 20 87 96 88 52
 16 50 74 71 60 43 7 34 23 66 95 18 26 84 76 59 91 72 37 77 10 96 36 17 39 66 76 94 100 29 27 82 49 24 25 7 81 70 41 46 19 4 86 36 28 9 67 5 100 89 20 78 39 92 36 75 61 26 66 57 47 14 74 48 89 73 69 96 93 85 27 8 40 8 89 64 90 8 26 92 1 49 92 29 76 64 9 37 36 54 78
 70 87 53 20 56 15 46 5 98 97 84 85 83 10 38 96 54 93 50 79 29 71 99 96 96 47 34 87 28 84 23 34 100 47 71 33 11 30 16 73 10 68 56 42 6 31 40 51 71 73 26 66 42 98 42 18 48 91 65 14 45 41 53 44 27 10 15 95 32 37 14 80 44 8 87 62 53 1 97 58 20 46 90 37 87 80 15 69 68 11 71
 98 26 6 88 90 21 42 54 45 35 92 30 99 70 65 16 24 2 54 82 69 88 97 73 65 34 49 76 67 5 100 19 22 45 58 14 42 85 46 57 97 89 90 47 49 26 87 12 65 22 58 66 47 30 41 81 1 92 26 21 54 14 26 77 49 100 6 19 98 95 5 63 15 32 91 34 94 99 57 96 29 49 80 79 70 33 39 57 22 7 16
 16 14 25 22 53 72 62 74 40 32 76 97 38 25 67 62 52 32 42 8 14 40 88 10 30 8 63 82 20 40 46 11 32 12 32 48 50 100 84 64 7 92 33 100 50 79 31 30 61 1 93 49 79 9 52 26 62 53 48 65 63 84 62 2 81 52 45 8 10 56 19 29 90 63 82 68 96 36 86 55 70 85 75 95 6 48 72 46 48 52 11
 43 41 89 3 62 97 56 38 17 94 16 64 85 65 20 77 2 20 71 11 70 67 75 28 45 95 84 53 51 64 49 26 33 98 76 46 45 94 39 81 36 42 40 49 54 75 1 41 15 36 55 82 26 39 21 80 53 38 3 21 70 77 54 18 87 11 57 96 65 72 17 20 79 96 95 67 77 79 48 78 56 11 87 65 36 7 91 56 77 87 36
 10 80 94 49 87 20 14 88 64 13 81 4 86 14 45 14 64 98 33 85 98 57 53 82 62 69 72 56 47 23 75 18 34 26 62 73 32 36 92 27 46 24 64 22 59 26 24 65 4 44 34 68 58 13 47 100 36 16 50 95 14 32 57 38 22 69 3 45 6 96 97 7 74 88 37 40 39 19 15 57 64 24 30 23 52 100 35 62 86 16 80
 96 57 37 43 69 83 23 68 3 67 41 59 5 26 78 23 75 55 81 53 22 36 18 30 53 73 32 70 40 38 55 95 21 3 87 52 83 46 82 10 88 22 86 63 9 46 64 91 90 67 27 46 58 77 48 24 73 69 90 81 7 74 84 53 57 71 89 33 16 89 46 56 35 60 48 84 29 23 55 32 61 76 93 14 38 43 61 32 22 65 69
 43 48 49 77 48 75 82 91 9 77 23 70 14 72 6 49 62 1 95 54 60 96 41 67 45 73 67 87 96 53 97 38 47 90 10 94 45 36 80 67 55 27 7 1 49 33 93 73 55 54 91 84 40 91 38 56 62 19 40 58 85 66 98 70 16 63 56 59 13 21 55 53 78 4 4 52 70 89 30 93 32 48 22 32 29 72 64 84 47 74 40
 58 8 73 63 54 55 100 91 38 88 52 52 93 53 68 99 17 15 92 81 35 40 98 45 18 40 61 5 61 78 92 10 61 71 47 48 64 73 28 22 40 58 64 34 59 74 31 32 26 15 58 62 18 1 73 72 80 19 60 25 95 54 86 86 81 86 82 4 77 53 68 22 41 28 39 63 26 10 10 88 16 40 75 22 67 33 100 24 40 19 44
 49 68 37 38 81 3 19 20 75 13 91 63 58 68 41 96 1 31 3 69 41 65 65 75 84 38 92 27 14 97 44 33 89 46 93 23 16 76 22 53 30 33 19 99 91 93 93 6 52 43 23 88 74 80 38 64 88 64 91 68 31 84 14 84 55 68 4 11 48 18 34 96 20 64 21 30 35 50 46 74 13 6 47 77 46 62 91 75 77 98 17
 61 28 3 80 21 14 99 64 33 54 83 36 61 25 3 86 26 29 86 99 92 31 27 7 93 99 37 4 15 99 60 68 4 49 27 22 77 58 43 84 5 82 55 28 93 90 12 64 4 6 82 97 7 85 5 63 32 83 16 50 33 66 19 19 83 84 72 39 27 14 4 26 59 55 38 12 11 69 87 66 21 25 8 61 53 32 22 81 91 53 14
 4 78 4 94 7 98 34 25 47 85 72 79 14 96 97 97 11 43 22 47 70 72 25 3 46 21 32 75 65 31 88 27 10 74 4 98 43 83 95 26 63 16 83 98 11 38 45 99 3 68 84 66 11 6 59 3 64 11 11 18 98 58 21 81 82 66 92 38 26 80 90 21 81 36 4 52 32 27 73 19 55 47 63 75 60 46 100 15 5 72 54
 51 48 84 38 19 44 57 82 97 30 97 100 4 69 50 3 12 18 25 27 38 67 11 35 37 41 87 6 2 84 67 23 71 87 27 48 18 51 96 68 82 100 23 45 19 20 2 55 48 6 14 83 49 72 55 9 75 11 59 59 7 18 39 87 1 54 29 15 4 59 9 87 43 47 84 65 34 41 77 66 57 24 50 65 96 82 100 58 29 19 32
 20 80 25 89 83 59 95 44 18 12 35 41 1 34 32 17 74 36 27 10 97 16 65 87 33 96 28 72 97 67 65 15 27 28 55 51 65 17 44 46 6 98 61 27 50 37 48 92 6 45 41 50 29 35 84 91 69 87 83 15 15 53 8 45 39 47 12 7 16 4 44 49 61 98 96 39 21 46 96 58 58 19 44 68 28 27 91 41 28 82 88
 41 33 50 52 11 66 94 83 86 20 59 60 99 56 4 95 6 36 17 46 18 15 84 42 88 96 38 26 52 12 65 11 35 31 53 82 71 85 12 85 66 72 53 48 54 57 4 26 28 19 57 78 39 86 48 85 15 53 8 16 70 4 87 53 84 65 39 40 13 42 4 12 62 64 23 32 88 38 64 81 6 32 18 14 72 87 73 86 4 46 67
 90 73 76 12 44 78 26 58 52 40 63 6 54 11 84 55 1 74 51 6 51 86 74 96 57 22 18 17 39 100 8 58 1 43 11 69 26 38 5 57 93 22 89 61 38 19 16 68 9 46 16 37 86 6 82 42 61 36 54 21 85 44 99 11 35 91 72 92 94 77 67 50 48 22 57 51 63 14 94 36 77 58 52 21 60 37 47 44 27 66 31
 99 6 92 86 86 41 36 69 44 55 86 22 95 59 41 34 4 44 95 47 2 35 54 31 2 78 97 67 75 40 30 6 86 89 30 99 19 24 23 76 48 37 55 42 65 23 57 36 23 32 23 61 63 5 7 35 11 57 58 81 62 96 3 62 42 47 14 60 68 71 45 92 52 59 77 43 28 29 84 38 25 90 47 3 72 74 24 71 32 60 84
 43 69 62 98 25 32 46 6 52 19 80 24 67 17 57 87 65 15 13 84 19 84 7 26 81 31 98 48 17 43 83 57 92 89 59 44 22 30 8 83 64 58 9 77 67 18 38 74 85 18 61 92 90 94 27 16 14 40 50 47 12 43 5 42 6 74 64 19 39 62 61 90 57 96 32 20 33 1 90 52 61 87 85 47 64 55 52 39 71 25 21
 90 69 61 69 54 77 14 83 41 8 20 37 12 19 59 3 52 89 68 63 70 70 73 78 28 48 98 62 19 70 53 57 74 58 55 49 69 95 63 25 1 34 32 79 12 58 94 35 43 79 20 22 34 5 58 94 38 6 49 55 37 82 19 30 30 44 21 5 75 15 55 73 59 46 85 44 24 28 59 20 39 52 86 72 93 4 76 70 8 44 96
 43 93 62 60 91 78 5 92 98 32 81 49 69 89 12 80 26 24 7 11 34 36 16 41 8 91 53 28 29 97 47 52 80 50 12 73 31 15 40 70 96 51 8 31 30 13 91 91 30 94 19 42 70 26 6 42 51 38 36 99 18 66 81 65 70 51 25 61 78 33 64 40 93 82 46 5 66 97 53 92 63 78 92 15 79 93 48 53 36 1 92
 67 16 66 59 29 100 69 69 77 98 36 95 21 98 50 91 49 30 49 49 85 12 98 60 33 17 38 16 63 84 88 85 72 71 26 66 89 31 43 57 39 24 56 31 85 12 85 78 90 18 70 16 59 13 58 52 74 31 11 33 79 90 68 98 17 29 99 42 59 44 79 88 2 28 18 36 68 43 37 30 84 37 78 4 86 39 38 23 37 46 97
 44 15 72 73 34 11 11 60 41 61 78 66 12 22 77 73 14 26 43 92 22 21 77 62 56 34 34 18 25 84 53 42 24 51 51 91 23 38 42 89 93 38 73 61 54 37 1 60 75 37 23 98 54 17 31 86 100 91 23 72 58 10 25 62 53 79 35 90 87 70 57 13 99 50 73 69 82 11 48 76 3 26 42 65 54 3 31 41 49 69 65
 1 60 99 39 34 23 67 35 30 8 87 60 75 92 18 51 40 42 80 81 26 87 17 96 4 12 56 30 28 31 81 5 79 65 71 28 49 28 28 53 79 94 25 46 97 75 48 62 38 90 75 95 53 62 21 17 85 42 52 80 84 100 61 63 46 56 70 31 29 29 95 70 59 99 30 95 8 29 42 19 75 8 3 61 55 77 84 46 14 40 80
 72 66 11 90 90 3 41 62 62 94 86 52 63 85 11 11 11 91 37 24 32 30 22 37 62 18 12 89 43 14 12 6 58 94 2 85 2 100 65 4 55 43 51 30 90 81 14 80 10 84 71 33 43 94 48 90 46 12 42 34 68 40 64 52 13 55 69 95 68 38 80 64 78 57 84 35 9 18 94 32 100 41 14 18 31 62 88 43 77 27 59
 13 9 54 46 42 36 3 70 22 62 9 77 72 65 63 29 68 54 33 81 2 46 55 43 31 76 12 14 6 20 40 23 43 48 64 84 58 74 82 72 7 61 78 51 52 94 40 3 9 42 92 94 57 96 55 16 57 66 91 21 99 71 80 59 67 79 54 38 74 72 65 78 10 42 89 6 76 62 7 99 97 54 65 52 78 20 73 98 16 29 32
 46 94 95 22 92 91 49 20 12 49 31 67 64 52 99 6 14 43 68 94 95 62 45 67 32 36 73 1 53 8 4 72 75 40 76 74 64 57 53 6 92 18 52 65 95 61 9 90 58 4 72 11 47 63 93 18 49 86 30 5 11 77 4 16 24 72 32 95 78 49 33 13 46 20 46 18 53 65 96 60 64 72 74 38 38 56 2 33 81 82 64
 48 9 39 12 43 58 27 32 75 61 82 18 17 80 69 61 2 30 15 24 99 29 93 89 23 86 29 84 99 85 46 33 29 58 25 55 36 74 97 17 77 35 30 73 32 87 58 37 69 82 51 20 96 25 68 30 69 37 41 42 54 47 20 10 38 88 66 82 91 12 75 76 68 17 10 37 10 39 75 19 3 72 94 24 58 89 66 1 24 15 28
 64 19 7 69 1 2 13 87 99 16 58 42 54 75 85 73 97 51 14 14 35 85 11 84 6 17 51 35 30 13 25 33 29 67 9 68 29 60 86 97 34 19 27 7 9 4 21 30 54 39 68 27 87 1 10 71 61 93 50 83 40 46 41 18 78 41 5 94 41 15 79 15 79 31 47 36 63 82 70 89 50 12 66 90 42 4 9 75 98 83 29
 17 22 30 68 8 42 20 6 74 7 9 32 47 11 47 41 49 23 67 46 13 62 59 99 63 88 59 3 25 49 12 62 79 87 37 65 85 100 32 63 8 50 37 52 81 20 20 79 29 37 61 71 57 86 12 54 54 70 81 76 55 95 68 62 31 83 91 3 12 92 45 61 25 18 11 84 33 67 89 42 86 7 9 92 44 89 27 34 73 67 96
 55 88 42 17 87 4 87 86 68 96 19 10 65 46 87 27 76 57 53 85 85 73 56 98 78 96 45 2 54 89 26 76 54 98 81 28 29 56 42 61 65 78 69 35 90 25 5 55 30 74 80 66 95 62 20 4 52 69 91 88 68 78 63 15 79 2 85 54 67 64 100 24 69 64 54 4 65 62 67 98 13 17 56 30 85 55 27 54 37 7 61
 67 23 95 87 81 90 36 88 44 87 81 67 44 57 14 27 89 68 99 59 23 16 30 18 62 68 31 44 32 73 31 30 45 3 73 18 62 52 76 91 13 16 90 47 100 41 70 61 18 20 75 42 75 89 1 73 67 25 99 59 55 82 90 61 96 5 59 24 45 35 80 6 50 4 63 39 67 7 43 97 1 71 65 6 17 26 87 98 42 51 81
 59 1 8 49 72 38 86 85 61 72 89 60 64 27 31 35 20 45 16 44 90 84 6 54 86 6 94 13 33 81 95 92 2 72 53 64 32 81 98 33 8 75 91 78 42 53 27 1 81 31 30 49 94 42 32 96 98 89 11 76 20 19 35 72 12 88 60 63 15 76 96 55 13 16 8 35 78 47 10 5 8 93 45 26 74 47 32 13 58 90 30
 49 31 65 51 10 37 65 57 21 54 88 2 84 85 87 24 84 78 39 70 7 96 86 56 86 48 94 21 43 61 21 7 43 46 41 86 20 27 10 48 20 82 31 62 62 6 52 46 84 84 59 3 35 20 70 49 43 40 16 2 78 93 15 34 13 60 75 2 93 95 2 36 34 43 50 81 47 20 82 71 23 15 5 84 40 58 56 56 97 36 12
 23 5 88 66 83 76 65 64 32 60 33 83 12 36 5 95 20 50 80 46 29 7 62 14 30 72 38 51 20 95 73 8 15 79 95 83 73 19 22 43 83 18 78 38 91 42 21 93 24 14 44 81 93 81 97 42 31 93 28 41 66 23 5 26 9 50 1 86 28 52 29 4 43 62 92 44 52 29 72 27 22 64 62 16 38 53 37 35 63 31 72
 19 64 13 49 82 60 16 87 73 58 54 21 28 47 38 7 7 41 30 31 56 85 1 55 52 78 41 8 30 27 53 37 97 30 49 34 1 50 6 75 17 74 76 26 89 29 30 21 36 1 30 46 45 28 2 89 1 2 41 93 92 51 40 59 78 74 94 84 10 86 82 48 49 64 32 13 39 44 17 49 21 43 18 31 53 97 1 39 4 93 73
 80 58 5 44 23 6 60 49 14 92 34 72 63 87 65 33 17 87 86 25 71 23 5 51 76 87 25 8 93 67 81 97 26 4 57 80 38 63 25 19 7 18 11 65 2 68 42 21 25 67 80 16 31 59 83 96 30 2 20 20 45 9 99 87 6 95 18 93 96 13 3 54 81 30 73 28 25 59 54 40 88 78 38 98 10 47 62 44 98 26 24
 83 9 2 32 44 13 37 32 97 35 47 29 8 79 60 30 81 81 77 87 33 47 63 32 2 9 25 53 89 35 16 51 70 100 1 83 46 60 46 19 49 17 1 76 33 14 99 95 100 81 79 54 9 78 34 77 95 6 72 71 14 89 63 1 79 60 85 41 77 7 21 41 1 8 6 22 29 8 3 19 80 32 72 15 46 88 5 5 30 45 45
 44 10 23 97 12 66 58 71 14 88 23 90 80 64 8 35 11 79 8 28 27 8 2 32 44 18 11 10 18 1 77 93 91 14 36 70 98 17 5 1 25 52 39 43 42 45 88 37 27 36 9 83 94 23 75 89 14 13 33 46 14 75 98 55 47 59 16 6 59 38 68 75 75 54 38 30 98 22 2 62 33 22 32 66 79 37 8 64 89 43 87
 84 13 74 27 73 37 13 84 4 77 83 99 43 9 23 74 44 81 84 32 20 78 43 67 69 52 50 51 7 52 46 69 56 3 5 54 93 75 13 5 94 9 42 25 79 63 49 44 55 49 24 79 91 80 98 37 46 66 54 53 24 68 42 86 30 61 87 28 52 31 30 65 87 42 47 11 14 68 8 24 83 47 45 48 75 59 5 55 80 97 93
 22 95 83 89 28 65 55 28 97 71 60 23 18 67 87 47 34 23 66 11 45 29 56 70 10 55 17 59 48 63 94 67 45 90 38 1 91 93 61 58 27 51 84 53 8 39 74 17 98 81 72 85 22 9 70 23 75 80 67 78 7 81 75 88 83 24 20 59 16 47 36 15 58 98 88 81 17 73 54 10 76 91 7 48 71 44 47 62 94 69 99
 95 71 54 92 48 7 5 80 58 23 52 42 23 31 64 36 60 14 70 38 81 67 31 98 47 72 8 51 4 60 44 56 88 60 92 29 29 1 34 96 94 89 100 73 35 28 25 16 19 3 63 93 69 45 9 85 7 55 18 89 89 52 88 45 42 81 34 85 5 22 19 86 5 41 27 76 36 94 87 25 24 49 23 43 17 40 97 99 80 43 14
 82 64 81 47 96 34 84 65 94 64 86 60 57 20 55 97 70 65 92 19 73 33 14 80 75 43 46 80 32 36 99 100 13 61 20 84 50 94 2 42 11 32 77 88 92 58 1 57 13 58 13 79 17 94 16 96 6 26 86 30 89 16 94 7 68 68 25 93 1 75 31 78 39 82 49 31 7 96 32 42 89 41 64 48 52 89 84 93 82 78 56
 73 95 13 74 32 14 72 59 17 36 32 22 14 21 62 69 1 29 68 97 39 73 34 53 13 7 5 78 89 25 72 75 60 11 16 52 50 85 50 29 86 21 56 16 3 48 5 18 7 53 91 85 21 24 18 76 4 7 77 53 35 2 40 76 87 14 81 83 41 52 75 76 22 88 29 74 47 83 28 60 71 20 94 47 20 51 6 23 44 38 1
 47 2 63 64 21 8 47 94 41 71 78 60 18 41 50 76 30 39 46 42 13 95 14 60 50 36 9 29 29 76 54 84 66 36 53 63 93 76 81 83 40 22 14 76 83 71 23 64 16 18 27 97 70 44 94 50 26 83 61 63 83 82 10 64 65 3 34 23 28 44 96 25 89 94 27 60 58 23 59 66 70 63 46 48 27 60 70 65 30 39 45
 79 36 96 59 97 78 100 62 92 10 90 36 98 11 54 54 52 72 21 39 70 56 69 99 43 88 77 28 56 42 98 37 46 30 65 45 58 17 5 10 79 89 43 74 72 31 46 79 3 5 29 91 55 38 10 58 37 1 59 57 89 52 87 44 90 22 16 82 96 92 7 69 8 15 33 75 8 61 16 43 94 20 80 19 83 61 50 32 75 7 44
 91 58 16 35 90 61 53 92 42 55 78 9 78 86 5 13 66 49 73 17 12 19 16 26 25 30 26 75 2 33 98 6 94 90 99 85 70 91 1 38 86 69 91 86 41 89 35 29 86 72 9 10 47 97 91 53 46 48 12 61 60 9 16 86 48 26 43 14 75 37 67 36 13 58 71 10 76 6 56 28 97 96 6 60 96 68 97 67 52 44 58
 40 30 36 28 6 94 50 100 34 46 20 44 52 62 54 71 72 74 92 4 26 97 53 50 42 10 54 31 4 40 96 13 57 56 29 30 10 8 81 26 99 32 96 88 88 5 6 67 18 9 19 64 17 4 10 85 41 84 81 30 27 14 74 34 81 40 63 60 16 88 30 94 24 53 59 82 12 88 12 8 90 75 41 76 75 30 50 96 10 1 49
 10 90 100 5 61 48 91 73 57 23 16 97 75 86 6 57 15 94 77 59 62 48 10 58 100 18 12 80 28 44 57 51 32 100 32 48 52 41 5 49 45 20 46 84 77 54 43 71 53 99 96 53 49 52 95 80 96 74 82 76 71 25 76 63 2 48 3 14 25 31 46 100 17 47 21 41 48 11 72 45 44 37 39 99 13 70 7 51 6 67 15
 39 27 34 21 73 60 45 93 89 29 96 63 96 7 93 28 29 33 47 22 86 46 80 19 20 31 65 62 64 12 44 58 98 35 13 23 80 71 85 65 75 80 51 65 27 82 27 54 93 10 2 41 21 8 62 22 31 100 68 55 51 49 82 89 85 4 40 50 53 43 47 78 79 49 7 72 90 34 66 2 33 20 84 74 21 38 25 30 64 11 50
 42 6 13 88 25 27 98 59 56 1 75 81 81 80 16 7 65 59 76 97 87 11 38 27 77 20 51 64 64 72 77 15 8 51 97 83 1 60 4 32 16 73 7 33 38 62 20 37 29 50 60 65 49 62 42 88 64 8 60 43 47 61 51 73 24 44 2 36 3 97 87 2 4 8 12 22 80 40 37 59 31 55 57 79 92 68 49 68 79 26 56
 50 8 77 96 90 88 29 49 18 53 56 70 42 44 70 1 24 24 18 11 38 53 4 67 27 33 52 10 81 53 19 10 16 38 20 8 9 41 55 65 58 16 13 62 69 47 84 50 92 38 30 73 97 3 24 46 38 99 32 42 36 89 40 71 94 33 3 99 27 79 6 21 13 32 59 48 65 85 35 61 43 72 61 30 64 79 75 39 70 35 4
 8 20 27 93 42 75 82 28 19 62 44 8 21 65 16 34 58 87 44 38 82 22 87 86 69 62 75 62 45 14 63 45 50 61 60 13 38 93 91 39 6 65 6 85 10 23 51 55 47 75 56 39 73 66 83 2 71 58 90 91 88 95 65 28 74 75 19 40 35 34 30 57 65 44 82 47 98 59 64 32 25 75 57 27 96 59 46 26 97 55 49
 100 70 57 4 19 97 61 7 48 94 20 53 49 28 77 4 34 84 81 69 66 64 18 67 91 87 72 76 1 98 1 61 96 28 5 80 69 66 93 66 14 60 19 33 67 11 75 49 22 25 58 86 84 72 93 90 14 65 23 6 75 65 27 25 77 54 77 74 27 85 82 70 5 25 5 86 77 39 86 69 85 61 93 16 7 23 76 23 84 80 96
 60 88 45 39 82 40 85 69 22 8 26 1 87 92 69 98 20 5 29 63 33 24 13 22 72 89 16 34 30 22 75 23 41 56 86 4 45 87 31 60 37 20 9 58 49 88 32 34 84 80 44 38 37 42 78 33 86 50 84 20 85 68 48 54 57 9 98 4 69 68 87 6 86 75 32 3 63 67 12 93 22 7 71 84 8 28 64 60 39 12 30
 4 94 51 42 30 24 94 17 42 26 74 92 39 74 87 79 82 98 11 28 19 90 4 34 58 45 46 56 28 66 50 34 53 32 2 86 47 46 3 12 54 7 10 94 15 76 64 14 55 29 68 31 85 37 90 11 60 78 86 77 40 27 39 57 38 33 7 66 47 20 75 36 73 91 87 55 88 66 49 60 91 93 30 38 66 44 62 11 55 63 49
 16 70 46 2 97 28 95 67 94 85 6 54 44 76 65 53 53 33 88 19 32 91 71 47 39 77 49 21 80 93 24 93 43 31 43 80 46 17 93 8 69 61 25 50 62 42 74 93 17 10 77 88 3 28 28 27 36 18 71 54 13 48 22 78 22 58 53 96 16 67 79 11 48 14 71 19 31 27 1 12 27 82 71 57 91 50 18 74 58 92 96
 8 7 48 46 48 22 38 84 8 74 89 1 39 55 22 89 49 88 63 26 99 82 1 60 43 45 95 19 28 90 56 64 63 82 6 7 9 48 22 40 46 55 10 37 74 47 87 32 72 5 30 82 88 60 17 24 23 94 45 60 25 43 96 19 39 26 71 2 81 88 70 2 38 2 29 3 74 98 33 5 74 66 55 95 46 57 52 25 62 36 57
 26 3 99 90 62 77 5 90 38 75 45 97 33 88 62 27 44 79 93 49 76 14 97 14 19 75 22 24 53 87 70 96 96 6 12 92 39 20 79 55 51 71 20 72 25 14 87 92 20 15 42 87 3 40 55 50 3 71 99 28 73 38 56 41 36 44 53 77 16 55 100 24 4 87 53 26 72 22 68 31 53 50 51 80 38 24 22 33 55 70 60
 16 22 1 78 29 61 78 14 14 6 29 54 69 9 39 63 3 43 68 42 65 91 63 62 14 69 38 85 78 54 55 49 61 87 34 24 83 59 36 5 9 71 12 95 17 68 35 33 65 8 39 36 19 25 60 49 74 63 70 23 29 46 19 89 15 26 43 43 57 11 53 18 8 93 36 25 100 12 37 37 37 15 92 69 70 48 97 54 87 70 46
 95 74 14 80 81 96 71 16 82 67 96 81 3 78 34 99 94 54 18 78 58 2 18 30 96 5 18 82 51 92 55 64 98 2 78 40 86 48 100 4 36 1 92 54 89 62 2 87 86 2 34 99 91 77 30 69 50 31 90 33 29 13 52 20 57 6 92 93 84 99 48 28 1 60 22 92 4 29 90 33 5 7 4 81 32 99 69 50 72 16 5
 17 61 60 27 32 38 15 80 90 53 28 6 8 67 94 20 92 95 63 39 79 67 55 42 16 6 1 80 3 36 46 27 78 65 98 86 81 48 43 8 25 1 24 81 73 57 49 100 34 6 14 55 53 78 18 14 86 87 52 13 8 58 24 34 31 6 16 9 78 87 81 30 91 61 42 1 50 8 30 5 60 37 20 47 55 32 42 53 68 89 22
 38 96 71 55 78 34 79 85 90 53 42 46 48 99 96 62 82 21 19 81 100 30 68 13 29 68 10 67 24 21 70 30 42 67 32 13 1 27 91 39 61 55 29 79 99 69 6 30 83 66 36 24 25 20 29 77 20 8 7 32 38 30 24 1 27 69 10 63 2 8 89 42 22 55 34 30 28 100 79 22 34 45 54 34 13 43 15 26 70 16 27
 31 61 61 64 1 63 20 66 84 66 61 89 4 41 90 72 24 2 55 6 16 5 38 62 63 63 72 19 30 1 67 98 4 96 1 56 41 72 29 74 36 21 66 65 48 20 18 36 71 95 8 66 11 33 42 76 34 92 54 39 5 85 14 30 22 95 44 75 92 17 81 33 68 62 1 1 11 18 84 50 58 62 66 17 22 74 54 6 85 62 3
 13 30 82 12 51 96 86 24 45 99 79 88 12 70 34 70 66 28 69 69 54 39 23 99 74 89 31 92 94 22 5 74 74 8 80 56 3 43 39 67 32 89 49 74 95 73 46 87 85 96 2 55 98 98 56 79 20 15 76 54 68 77 8 18 48 50 33 67 23 97 48 68 90 50 88 41 27 86 79 100 25 68 27 80 40 6 83 7 24 24 77
 69 20 42 79 46 37 6 79 58 1 94 55 22 35 21 21 8 56 25 34 94 70 59 79 51 54 3 47 29 68 95 14 4 40 3 98 76 37 73 41 83 28 23 5 14 3 79 71 81 50 71 28 31 81 85 51 91 6 16 12 38 27 25 96 51 35 71 85 40 26 18 44 50 70 20 28 62 38 89 1 76 4 67 86 58 100 90 9 78 22 59
 93 21 18 37 84 78 92 41 15 94 77 3 84 40 32 15 88 4 98 9 76 52 94 39 65 34 99 79 35 91 65 56 42 54 85 79 23 55 91 17 76 98 16 86 55 36 58 20 33 57 85 99 7 25 18 81 66 17 25 41 81 84 63 75 89 82 31 1 18 48 86 77 26 6 58 54 92 5 85 60 12 63 54 4 10 53 30 52 31 57 95
 42 8 81 47 45 83 74 35 100 12 96 33 51 27 80 25 53 94 9 97 51 39 22 88 52 24 44 47 52 95 47 98 62 23 48 20 82 46 1 9 57 87 8 49 73 67 76 92 51 29 58 51 52 10 56 6 12 37 16 57 82 69 45 36 15 74 64 32 21 25 83 1 75 87 51 35 50 45 36 90 81 95 37 25 39 88 24 17 59 28 74
 56 37 6 32 16 34 70 47 93 60 66 82 52 24 39 53 17 44 7 20 22 3 12 29 93 30 21 11 26 95 13 34 20 40 19 9 26 16 12 91 89 41 26 45 57 64 32 26 77 16 85 46 6 35 80 82 47 41 100 97 5 8 99 76 23 47 30 40 46 17 45 31 48 83 81 41 25 24 20 31 5 60 59 98 34 69 5 94 16 59 46
 14 1 22 91 46 44 5 79 57 33 40 18 87 3 1 85 18 55 84 10 48 46 77 6 85 65 82 92 14 31 13 9 33 4 80 34 51 31 7 96 77 27 14 76 58 2 46 70 16 22 20 32 65 15 17 44 2 67 86 55 34 95 13 75 64 84 5 54 90 54 10 63 76 76 63 94 11 85 37 60 40 55 11 98 75 58 34 32 40 100 100
 11 94 26 38 87 9 45 69 69 49 15 13 43 74 42 67 22 1 4 45 60 75 87 43 56 4 23 84 89 90 16 33 36 59 94 4 90 65 94 75 38 26 42 38 60 72 88 93 29 81 43 41 39 36 32 75 94 41 69 9 16 68 63 16 81 62 11 11 80 17 90 68 73 33 76 69 70 89 49 39 93 71 83 70 88 19 37 51 22 43 68
 56 100 13 57 32 74 47 78 32 12 51 19 36 38 55 59 11 17 75 15 33 51 92 34 17 20 43 65 39 76 55 22 2 82 20 3 78 43 42 83 32 71 31 41 64 72 22 11 47 43 26 23 2 22 74 17 91 12 71 59 49 83 82 99 41 56 83 51 23 75 54 10 29 94 14 91 60 61 49 20 7 31 42 75 58 74 88 9 57 52 76
 12 25 48 23 89 87 65 52 43 74 49 69 49 75 90 84 73 5 13 46 31 7 35 51 84 54 31 96 95 23 43 51 62 41 13 26 70 20 92 16 78 13 53 14 41 5 89 20 53 41 82 87 65 62 28 79 74 41 63 80 36 61 27 75 26 62 61 49 51 72 65 64 54 60 68 28 33 18 91 48 54 60 81 2 76 96 16 20 93 46 18
 48 32 12 83 7 69 41 3 30 29 81 60 67 45 35 92 27 18 29 93 47 50 40 5 11 17 61 15 96 75 23 34 70 56 90 33 1 45 8 66 58 23 89 62 38 84 24 57 71 57 43 23 5 19 52 82 10 60 54 23 12 48 47 70 93 90 74 83 93 24 38 71 81 94 55 10 59 65 98 97 36 13 78 96 18 46 68 90 75 51 20
 30 10 38 71 9 99 25 27 74 34 15 92 52 25 43 20 24 12 26 56 61 73 90 85 68 78 44 78 35 34 98 63 46 12 65 80 26 63 93 81 92 72 83 15 40 28 20 51 39 60 100 75 97 42 3 78 89 100 69 13 82 59 43 81 93 77 51 43 92 38 75 91 96 76 39 69 81 19 66 64 93 52 39 84 94 94 53 27 36 66 49
 73 92 99 52 29 54 96 61 45 15 51 43 62 32 38 89 70 43 50 34 34 95 66 30 52 65 96 52 8 29 95 77 82 38 57 26 28 16 3 83 7 6 40 16 5 14 49 35 70 32 43 13 13 50 38 90 89 75 11 81 13 59 76 11 4 58 88 28 10 44 26 67 75 70 75 44 93 24 37 80 99 68 69 54 87 79 80 67 46 4 17
 59 70 83 10 34 42 44 38 56 11 26 11 54 71 47 64 89 96 69 71 27 51 45 47 20 3 33 99 57 45 8 23 53 85 28 40 59 56 91 60 31 89 55 8 52 41 15 75 65 2 97 78 100 53 38 75 80 64 21 60 60 5 17 64 92 84 54 1 28 4 76 12 91 88 2 54 66 33 24 51 29 92 94 75 60 37 1 59 74 10 60
 35 99 60 35 59 96 62 36 77 79 35 81 74 54 51 12 11 43 13 64 70 5 53 72 35 83 37 81 30 13 22 71 6 38 23 63 89 45 82 95 3 76 6 87 53 65 42 64 39 37 31 69 7 59 60 61 53 60 71 47 65 79 43 40 78 11 94 43 64 14 78 9 36 59 9 52 17 59 4 76 52 7 65 58 41 50 91 66 21 30 22
 28 47 100 75 91 27 94 58 12 73 85 71 70 81 32 42 37 84 43 84 36 38 48 88 39 54 83 16 90 78 38 47 70 93 20 17 71 99 29 91 22 60 34 96 90 37 37 47 7 34 70 21 79 65 65 28 5 52 2 55 50 5 6 74 75 76 83 41 1 43 62 47 81 95 35 39 88 32 32 87 52 20 14 29 20 32 99 14 59 42 68
 78 81 84 62 62 65 16 2 82 19 14 76 85 40 4 76 25 56 36 15 65 24 43 80 47 69 1 19 58 20 93 77 77 21 27 90 75 54 59 50 20 17 70 24 27 11 29 54 87 38 56 73 35 91 80 61 37 69 82 55 67 33 42 10 95 70 70 83 90 13 80 39 17 46 4 74 69 13 79 4 36 73 61 51 13 53 27 61 70 68 78
 68 77 69 90 39 37 17 70 59 62 85 31 64 83 2 94 59 38 59 66 44 99 26 80 97 62 61 41 21 52 31 98 23 9 37 57 63 62 66 13 95 86 6 33 50 95 37 33 88 25 53 49 14 15 96 65 12 59 75 43 5 86 27 14 53 41 97 97 53 40 96 55 9 84 49 10 49 93 77 68 42 86 58 74 40 1 92 56 55 1 39
 36 85 42 88 2 19 20 25 86 46 53 62 17 78 38 76 97 2 57 76 16 46 21 81 99 52 40 56 36 95 91 76 27 72 20 44 62 26 88 11 72 13 100 98 48 76 8 54 83 53 2 5 25 82 26 96 40 19 60 10 74 49 49 49 66 9 14 16 84 5 90 6 64 80 28 56 69 7 57 32 7 58 73 81 5 51 29 10 1 3 59
 20 58 5 30 68 18 74 15 17 75 99 91 47 82 20 25 12 59 86 81 11 3 66 41 34 2 28 24 10 48 33 80 61 3 87 36 97 82 25 67 65 89 94 81 64 49 84 100 83 54 22 40 77 22 4 43 48 97 88 61 6 32 42 81 65 5 75 11 50 72 75 34 54 51 13 91 60 14 53 47 14 75 46 51 76 44 41 95 37 7 41
 35 43 10 18 64 31 16 28 57 51 55 38 50 97 98 36 44 41 2 32 87 4 44 43 89 44 30 47 63 90 100 3 50 38 6 33 80 94 75 35 56 68 4 69 47 64 9 21 8 3 52 14 68 2 61 51 68 93 15 86 31 34 45 41 18 72 28 28 83 97 77 67 53 96 82 73 3 35 67 4 42 79 83 64 53 55 66 44 57 40 3
 53 11 45 65 47 77 32 85 14 60 40 35 95 81 46 76 23 64 26 41 99 71 14 56 67 48 65 96 97 23 84 1 5 95 77 50 90 70 64 14 75 84 11 89 39 31 11 68 60 72 35 41 7 66 98 46 52 85 29 7 51 25 5 14 65 17 18 67 57 98 38 16 23 61 26 1 87 42 68 73 49 24 21 61 40 1 5 9 32 43 22
 98 10 4 95 95 27 99 52 25 47 63 34 63 70 80 6 30 88 20 13 41 67 1 54 49 11 69 90 33 42 58 39 42 34 37 27 72 70 70 54 66 36 42 86 70 65 67 22 34 65 54 62 83 39 13 14 9 68 60 96 53 48 9 87 98 3 16 9 52 70 77 60 84 99 47 85 62 15 76 8 62 88 85 74 11 89 9 99 18 95 93
 11 69 83 31 63 3 57 65 21 49 45 50 78 9 89 62 71 14 22 69 75 67 19 80 53 27 21 24 25 31 5 37 73 83 50 61 61 12 39 96 6 75 64 75 26 6 20 40 69 91 54 83 56 43 35 38 2 26 95 57 10 32 67 86 98 83 67 4 51 76 46 24 99 34 83 86 91 52 12 17 53 92 80 57 58 43 48 56 38 32 77
 36 98 21 30 7 100 81 32 16 69 28 5 40 54 54 35 75 58 42 80 96 52 5 10 80 99 18 21 86 78 59 93 20 23 81 50 63 40 23 24 54 40 28 4 75 72 28 74 42 36 23 65 31 77 38 50 100 52 79 10 41 5 39 88 46 59 77 2 97 43 96 37 57 53 10 91 28 12 7 81 65 34 97 90 89 6 78 76 99 38 97
 33 67 98 72 98 77 77 31 28 37 23 77 80 36 74 27 60 58 5 14 25 84 31 70 73 31 55 1 28 5 7 49 15 83 83 25 34 85 87 89 39 53 62 46 28 75 81 2 63 16 1 70 20 17 96 18 23 87 39 84 20 24 73 72 94 18 13 70 24 96 95 61 42 4 15 13 51 71 14 11 78 57 8 37 11 49 2 36 28 59 9
 80 69 85 53 76 19 48 48 6 3 41 37 28 32 98 6 66 30 68 33 15 80 62 41 58 12 66 43 17 83 50 65 45 53 33 16 3 24 89 4 36 54 91 86 40 97 3 4 20 20 56 43 63 9 31 86 33 91 99 84 51 96 82 47 30 99 91 30 79 73 53 5 41 45 22 40 82 28 80 59 77 73 72 100 48 72 79 71 61 17 60
 44 75 23 84 55 97 40 66 40 41 72 61 17 81 83 53 19 52 4 58 16 71 77 95 45 48 90 59 45 98 75 21 47 82 24 20 87 27 94 95 21 89 74 5 91 33 55 55 62 32 21 68 81 97 36 23 74 98 46 15 95 89 28 74 10 58 82 5 76 96 42 31 42 31 98 18 85 24 27 38 40 72 91 68 30 87 54 51 91 8 80
 12 98 81 38 48 59 97 65 3 37 57 59 68 76 51 71 8 32 21 4 48 42 61 97 5 18 72 100 43 34 82 84 70 59 8 32 46 97 19 8 91 46 52 33 49 38 58 94 20 51 26 21 32 67 22 42 68 50 85 6 88 67 35 37 93 67 28 51 31 93 20 8 49 19 27 95 36 50 43 58 18 74 51 42 68 33 8 85 3 86 46
 24 78 70 100 44 81 2 22 73 31 69 34 7 39 85 1 73 23 14 51 5 55 43 60 41 83 78 83 35 15 36 61 20 38 12 82 18 83 79 51 50 25 79 21 54 56 79 59 89 50 79 40 19 87 33 85 87 65 82 96 40 29 11 99 56 72 34 74 58 29 82 52 42 44 71 40 93 11 23 17 7 79 52 75 21 9 64 12 86 48 78
 58 32 67 44 95 53 99 26 15 89 19 41 22 55 66 57 91 6 98 50 41 55 81 43 58 100 11 71 87 54 69 63 47 17 71 68 71 48 93 52 59 69 42 10 93 36 57 82 51 35 7 99 34 31 33 90 40 66 59 9 44 30 98 51 13 28 92 78 73 56 33 35 84 11 66 59 83 99 15 68 15 83 82 5 79 5 2 12 62 88 36
 8 98 93 62 36 66 29 96 57 8 79 78 69 27 32 56 10 83 63 26 35 32 49 43 7 90 96 2 67 89 69 13 52 60 82 31 99 8 18 19 9 2 5 96 33 51 66 7 62 86 24 37 82 86 27 79 22 28 89 100 75 92 8 12 93 74 25 3 74 33 17 12 17 84 2 83 82 98 61 35 5 30 44 32 36 44 77 24 5 61 27
 31 91 90 18 93 55 22 20 73 17 84 85 34 39 67 83 95 52 100 71 35 96 48 11 64 10 72 86 83 42 75 22 15 68 69 32 30 62 25 69 43 13 38 77 78 95 57 60 59 76 10 50 64 90 12 22 60 16 67 19 79 55 45 91 97 93 69 20 1 46 43 90 36 52 25 14 80 16 68 50 69 45 76 55 43 87 75 72 89 54 41
 53 38 47 99 31 43 26 31 32 69 41 99 46 76 61 8 38 2 63 97 90 36 76 78 71 67 83 38 5 9 48 79 66 65 43 44 29 65 80 17 66 63 63 38 90 63 89 26 83 62 7 47 77 82 58 40 35 59 15 79 35 43 52 56 19 54 6 69 74 86 87 40 48 45 4 26 39 80 6 44 51 28 88 93 3 77 58 51 2 62 40
 8 4 52 97 79 83 3 58 26 72 57 22 35 11 26 75 58 38 28 76 27 90 29 21 34 95 34 3 64 8 76 89 73 62 50 100 25 68 21 59 43 35 46 8 69 54 41 69 79 63 39 10 98 98 59 32 51 80 90 8 29 39 51 100 18 94 51 95 86 92 94 96 6 79 96 44 37 74 23 98 56 18 14 38 17 60 4 38 18 36 59
 52 24 90 88 30 32 93 12 72 19 71 8 78 13 3 82 25 2 40 100 2 2 67 46 79 27 19 98 45 30 55 51 93 70 39 59 28 21 51 31 35 70 75 17 71 83 88 37 71 91 79 70 1 60 21 6 26 61 39 38 5 2 47 93 86 80 87 47 22 84 96 60 62 2 32 50 42 89 45 89 100 9 47 9 53 47 92 80 89 90 67
 28 43 62 19 77 67 4 81 59 93 68 1 44 27 89 10 98 85 23 97 4 6 100 66 76 7 48 79 20 94 63 83 98 22 41 54 40 36 66 51 88 65 82 2 6 6 71 46 94 53 44 62 48 17 93 57 65 37 85 87 14 52 62 76 100 55 85 15 81 57 60 25 92 54 25 42 50 77 8 1 12 83 4 15 24 89 87 73 57 41 40
 53 57 1 30 20 10 5 53 63 88 6 46 23 10 51 97 73 9 16 16 15 45 87 12 98 80 58 100 69 92 75 62 21 68 39 27 78 17 63 85 6 36 12 10 38 31 30 40 97 26 68 77 8 99 14 75 91 14 34 72 91 50 59 53 69 94 89 84 80 79 19 39 71 3 66 79 3 53 23 24 56 100 95 56 60 89 46 55 43 85 8
 1 38 67 16 44 93 67 86 17 98 47 24 44 40 89 56 50 65 91 47 1 89 45 97 15 20 4 88 59 29 68 26 92 41 19 1 19 11 100 2 69 95 87 20 32 5 23 41 65 53 79 55 48 96 54 25 84 47 35 77 61 37 76 22 28 37 29 57 42 83 35 3 10 25 66 46 75 73 4 48 18 95 42 23 78 73 3 31 92 11 63
 2 89 88 58 8 89 18 9 51 50 88 93 25 77 70 97 16 65 22 87 78 46 69 7 24 33 89 92 17 73 24 79 51 63 46 45 26 56 56 7 16 31 37 91 47 75 94 35 95 25 13 45 38 37 45 82 80 77 39 5 31 31 32 97 15 2 21 28 80 33 12 45 100 45 24 9 34 46 23 1 6 21 83 27 80 73 52 19 97 82 94
 70 31 15 3 51 37 86 91 98 87 3 46 15 19 96 18 4 31 11 71 2 100 6 15 19 29 68 77 41 83 16 98 61 24 90 9 9 78 12 55 5 81 79 3 49 67 33 87 50 79 93 45 10 52 80 62 74 67 28 29 71 97 59 76 25 79 96 60 93 99 5 9 94 21 89 95 37 20 100 48 65 60 52 56 65 80 10 76 63 14 9
 98 61 43 76 63 86 33 22 34 83 45 76 65 94 5 47 54 69 46 99 20 19 90 67 78 42 100 16 37 99 51 55 49 95 58 49 65 28 23 63 63 85 79 47 4 14 43 57 61 25 75 20 92 18 96 69 99 79 53 85 3 54 76 84 80 83 25 94 32 72 89 69 29 76 19 58 45 14 39 100 2 23 42 69 17 36 93 43 62 1 81
 28 36 42 34 21 47 24 8 8 33 8 8 15 98 82 44 19 1 30 13 6 13 34 8 25 53 8 11 20 99 24 58 25 68 12 43 82 30 86 30 39 69 69 78 19 11 90 38 53 40 26 80 55 33 41 91 36 5 71 45 62 14 37 25 59 9 7 42 40 100 11 62 6 56 40 47 29 57 4 47 93 9 23 97 53 92 55 100 45 74 30
 14 52 100 65 59 15 91 83 54 65 9 77 13 19 81 64 14 1 100 74 13 78 22 24 86 16 61 52 42 48 5 86 38 81 61 95 47 40 42 93 63 26 15 57 91 21 71 5 58 32 5 65 16 81 87 67 6 62 84 21 30 33 95 46 85 15 12 6 28 29 99 42 51 51 94 72 36 61 44 94 66 27 76 12 82 46 88 89 40 87 53
 5274 751 1470 4343 4695 1187 1372 414 2974 268 362 926 1062 7077 8 8624 6183 5300 8860 4917 6830 5258 7004 6818 2563 387 1195 818 6221 4888 2108 6096 7833 2285 5390 5210 4239 7001 8641 198 7916 7074 6862 3171 8746 5791 8032 7772 2048 7243 403 1253 3899 4435 939 5535 6283 5054 4955 5228 4252 1013 7561 4672 5289 2487 3510 453 7633 6008 5569 265 2447 280 2044 4819 1487 8652 3089 8920 1058 8133 3194 916 2165 1527 991 7703 8413 426 5861 987 6042 6387 6403 6843 987 1020 5078 415 223 3341 7002 8227 393 7505 721 1636 5964 2720 3564