91 97
 52 52 80 38 93 82 67 98 62 19 33 25 12 16 99 51 25 92 29 65 73 72 57 65 35 52 47 63 62 19 22 11 66 47 10 86 79 2 6 50 84 81 11 21 60 8 87 61 87 88 95 58 69 79 5 12 43 25 95 65 68 95 75 40 55 68 91 44 51 38 91 5 25 37 88 87 7 72 22 65 65 18 55 60 58 98 100 56 18 58 80
 43 16 86 46 50 29 68 73 94 43 32 48 87 16 18 52 59 16 26 55 81 92 1 24 30 72 4 37 10 100 78 58 77 80 74 72 24 15 30 36 8 30 75 76 99 17 65 8 77 46 6 83 88 34 64 6 42 79 52 60 22 96 33 24 43 28 69 13 88 69 20 48 37 92 72 75 14 73 42 55 32 73 85 58 69 58 35 64 94 27 52
 12 42 98 5 92 62 17 19 50 21 90 41 17 44 6 91 16 59 50 39 66 36 88 56 16 58 2 10 13 46 100 67 2 13 96 11 19 47 23 35 22 84 47 82 58 22 74 9 92 78 74 88 60 61 14 7 18 94 17 31 83 4 13 10 93 40 74 24 37 12 90 74 62 76 43 74 39 21 29 77 2 67 96 48 91 98 7 37 38 40 19
 64 56 26 55 38 11 48 33 11 62 84 43 89 18 95 44 10 5 18 78 86 4 53 64 97 59 45 52 56 74 91 28 41 69 4 82 82 69 22 78 34 55 93 83 83 73 6 42 55 61 16 72 59 15 9 15 24 8 5 31 26 87 59 79 38 13 45 92 95 30 71 89 49 70 10 37 66 18 47 40 39 60 16 28 87 53 76 24 90 73 71
 40 66 17 29 51 73 87 80 20 93 29 41 78 40 48 51 70 79 92 71 39 51 11 17 40 88 6 94 32 79 89 91 23 75 23 3 53 44 16 51 84 50 23 9 88 25 93 99 90 16 93 62 6 22 54 85 62 88 45 92 28 9 75 78 17 97 27 44 38 80 82 82 9 96 13 21 21 76 51 98 59 75 40 98 41 84 84 47 31 37 28
 69 35 54 41 66 59 59 22 44 43 22 81 85 72 14 15 4 74 71 25 2 18 49 88 30 30 29 26 35 19 55 45 18 3 91 62 33 20 71 51 10 40 53 90 24 54 32 46 85 25 76 71 32 79 32 10 89 4 54 19 19 89 32 61 41 62 51 21 87 4 68 68 47 13 11 46 9 60 70 82 22 34 46 3 90 19 38 75 56 19 66
 33 30 41 72 65 70 44 37 39 44 29 46 80 64 65 33 43 27 89 23 49 99 62 73 56 14 84 85 44 94 67 3 88 84 4 16 91 31 2 36 58 33 19 59 24 92 96 36 39 79 53 35 95 36 56 29 27 68 48 49 88 68 34 63 6 23 42 36 22 55 52 91 84 31 26 27 31 66 92 93 56 2 10 68 60 19 46 55 25 13 77
 39 10 21 67 49 18 55 53 25 34 39 16 96 67 2 21 14 82 23 16 25 78 74 41 23 85 44 34 53 81 84 58 52 7 96 2 8 89 14 66 55 82 93 67 18 46 30 94 14 32 44 47 53 35 20 99 60 28 70 54 41 40 25 93 43 56 6 18 85 79 23 88 57 51 37 48 13 56 57 42 7 49 1 58 76 45 78 11 16 51 52
 52 81 76 72 72 36 44 84 86 37 24 18 88 20 96 64 13 90 79 45 12 75 61 84 61 77 3 38 21 33 30 20 84 33 94 90 9 6 100 63 58 61 23 40 23 65 25 8 53 7 10 56 93 77 22 58 50 20 42 16 41 64 24 53 34 1 42 13 58 28 61 70 50 79 58 71 35 15 88 62 87 76 81 1 43 57 65 56 63 35 17
 97 37 29 91 78 49 80 88 16 53 86 99 92 88 11 3 1 88 96 75 12 49 88 52 85 87 54 2 33 80 10 69 32 48 47 72 10 2 24 21 27 29 76 92 36 68 63 68 20 69 88 69 9 60 65 57 96 9 66 38 71 100 13 35 85 55 77 66 35 13 54 14 99 93 12 37 35 28 97 26 30 25 15 46 3 12 40 79 25 86 84
 67 13 96 20 65 4 61 27 53 31 43 28 21 88 41 8 83 27 42 34 81 53 90 54 73 35 98 29 83 69 55 93 90 90 9 30 88 6 10 52 71 6 35 26 36 9 87 87 46 56 51 48 36 32 27 49 29 13 51 99 27 85 1 69 31 73 95 21 26 7 11 26 46 92 76 82 15 91 86 34 46 17 71 56 27 43 40 55 100 35 64
 20 33 57 42 7 46 43 68 8 25 6 92 73 4 46 6 36 31 22 12 51 63 58 74 3 5 68 30 100 83 93 59 78 40 70 30 80 95 1 58 54 35 70 52 17 88 64 14 54 30 21 12 90 61 17 22 22 69 79 49 62 45 95 15 97 90 76 16 37 60 27 17 6 93 90 49 79 75 71 42 28 35 3 8 7 80 17 37 63 85 93
 15 55 59 50 97 31 58 47 39 10 12 93 64 15 33 73 20 7 61 26 92 40 69 42 37 58 35 96 38 13 88 26 74 21 79 58 13 69 11 48 40 89 78 14 7 70 94 73 42 46 75 65 48 39 97 92 11 27 82 69 42 67 95 40 19 4 51 49 81 94 76 42 27 91 49 7 61 70 54 81 30 96 84 5 20 53 93 4 15 89 33
 89 6 17 54 25 79 100 2 5 43 34 17 43 9 30 90 85 74 51 18 22 85 98 63 29 22 88 98 90 73 60 8 78 12 59 71 34 6 80 22 36 38 10 10 63 20 69 39 86 98 74 37 39 60 98 69 68 100 74 14 58 45 96 54 49 78 100 89 15 88 24 25 4 17 56 75 78 57 1 12 35 27 83 63 15 30 46 79 83 40 46
 21 68 87 54 24 22 81 50 30 76 54 86 9 27 1 82 66 35 38 77 63 54 14 28 10 5 5 50 30 38 70 96 57 27 57 91 18 95 22 11 79 90 78 2 28 44 63 53 19 96 34 60 34 8 53 10 24 16 23 24 36 83 30 90 80 48 59 26 33 29 42 78 27 73 33 48 89 5 88 69 44 72 66 43 42 53 24 77 21 31 26
 50 49 34 5 69 56 1 72 42 91 16 55 40 88 71 6 63 61 19 15 44 59 1 87 47 55 16 79 48 80 13 72 76 3 28 1 95 55 41 77 84 90 26 30 61 21 45 66 94 13 8 98 50 81 89 86 72 51 26 62 89 64 37 30 87 10 36 31 30 44 61 66 80 29 85 58 95 19 99 28 63 3 58 82 82 68 41 48 61 99 80
 70 67 89 99 87 13 4 24 84 96 78 20 79 29 70 59 26 30 52 26 96 59 56 1 13 28 52 68 87 47 77 45 27 32 87 47 32 48 74 51 98 8 39 77 2 89 63 35 6 20 54 93 2 99 7 51 75 35 90 30 12 80 72 26 35 86 87 21 86 73 76 46 49 44 99 47 46 57 20 83 74 49 44 55 8 84 23 97 62 73 31
 72 80 10 38 3 60 7 23 48 6 64 87 19 46 50 37 50 30 31 40 83 49 82 67 43 13 56 51 59 16 57 87 14 57 13 59 27 7 14 52 43 93 42 8 58 29 34 99 99 4 97 70 52 32 100 65 27 63 53 51 99 10 49 24 60 41 36 24 14 27 93 5 15 46 88 20 1 16 95 70 25 50 67 29 5 25 11 41 93 9 20
 72 63 87 52 21 60 79 58 97 20 69 53 10 43 41 51 53 71 9 85 38 4 77 1 9 86 2 74 82 50 49 79 14 30 2 26 10 52 12 53 34 95 23 30 39 9 91 87 12 66 36 48 21 18 26 91 48 100 57 71 63 75 12 52 46 46 77 24 33 91 85 98 63 31 73 25 20 96 87 69 1 58 30 95 5 56 31 7 48 78 35
 7 28 31 28 36 33 94 44 74 52 75 59 55 82 49 86 81 69 49 21 10 69 67 57 16 67 7 31 60 84 79 29 88 17 35 40 82 25 79 35 17 49 47 10 22 23 82 46 95 68 84 50 2 6 42 50 100 65 23 40 45 96 65 79 26 67 61 24 8 68 59 75 70 6 49 64 41 41 7 2 88 8 11 60 87 61 63 69 34 55 13
 66 86 40 86 52 73 4 34 96 42 76 74 39 77 66 40 17 21 43 77 61 32 1 46 9 99 40 73 27 84 31 92 57 19 19 30 42 75 83 49 25 60 38 80 88 93 2 81 70 80 24 34 25 99 43 54 87 62 33 21 43 25 84 36 100 33 8 9 87 43 61 12 43 88 43 53 52 34 49 72 39 36 61 54 85 56 29 47 87 4 74
 40 2 45 53 87 7 85 58 57 81 18 35 25 82 47 37 35 70 92 90 37 16 76 71 61 73 56 10 97 75 49 55 74 78 8 24 94 71 2 76 75 79 54 81 12 31 83 22 46 73 34 100 17 73 13 31 47 16 2 54 19 42 2 81 39 10 35 89 46 11 3 69 84 84 35 88 100 37 44 84 60 32 7 92 54 67 18 99 17 83 17
 68 34 66 20 67 77 65 32 2 19 16 87 7 20 79 55 70 37 65 47 11 30 81 73 66 20 37 23 20 73 5 49 83 72 64 12 82 71 28 55 15 92 34 87 19 53 44 53 13 19 49 57 94 16 21 58 90 89 54 41 11 27 46 68 66 73 35 2 71 48 5 85 8 54 95 86 35 33 10 65 81 25 98 21 42 66 24 12 78 30 30
 62 79 68 53 38 16 50 38 61 57 77 57 32 94 35 98 81 45 22 57 11 24 15 44 62 58 62 80 34 14 94 31 76 100 49 19 5 14 54 88 2 76 24 51 51 39 78 16 60 12 47 32 54 95 79 80 4 93 41 26 76 12 1 95 83 44 56 70 25 83 69 2 92 10 4 27 36 95 4 72 43 85 34 48 43 92 1 79 83 44 82
 47 18 78 35 79 74 64 96 1 62 82 75 100 39 38 61 35 22 44 9 26 100 94 68 20 21 66 45 9 26 42 85 70 10 31 23 14 10 100 80 82 66 14 20 20 61 86 6 24 96 80 51 7 26 6 100 43 72 72 2 1 33 67 98 33 23 43 95 5 20 93 32 13 14 66 78 8 53 86 61 16 77 74 58 81 9 86 44 75 93 30
 51 92 53 95 84 84 89 21 71 12 37 89 70 99 96 96 58 48 20 62 46 12 83 9 88 41 22 1 37 48 75 35 50 20 18 8 46 25 22 61 38 4 28 44 36 30 30 3 81 18 16 18 86 28 42 52 71 20 48 80 60 62 10 76 86 35 44 44 12 31 70 1 88 88 41 87 49 80 91 69 19 36 53 25 13 54 49 5 99 41 56
 52 46 87 44 81 76 4 85 87 75 5 89 29 80 53 88 39 14 7 66 12 24 64 48 50 52 35 41 83 63 40 62 31 56 84 17 27 9 59 80 11 58 5 86 33 47 56 4 36 49 53 86 56 19 86 26 75 44 69 95 19 15 73 8 11 60 88 67 60 96 61 20 37 5 11 52 13 91 52 16 16 13 100 20 44 78 60 50 37 74 82
 16 45 38 79 96 32 51 56 30 23 24 39 91 78 84 24 78 52 12 12 19 17 5 74 83 16 81 5 54 83 78 21 39 54 54 81 55 71 41 37 80 42 78 3 3 90 78 78 91 8 76 39 90 37 29 84 9 82 75 29 79 98 24 19 39 33 87 39 90 55 46 80 32 86 10 7 59 66 58 34 65 53 64 5 59 90 16 29 59 6 91
 28 15 71 49 75 37 12 27 34 83 89 47 17 23 37 85 65 11 43 28 19 69 61 44 70 18 19 10 71 35 44 32 1 10 74 64 62 46 96 97 51 62 79 34 84 67 82 24 55 41 63 7 94 35 12 1 55 7 57 21 68 40 80 87 80 61 61 81 46 26 53 39 2 37 19 78 64 57 10 71 8 23 43 4 90 50 23 54 98 36 18
 46 14 75 15 60 58 74 79 58 83 7 56 53 30 88 11 55 70 33 73 16 36 91 44 61 72 36 34 95 54 4 12 32 88 12 84 22 88 93 44 38 2 25 44 99 89 37 21 77 29 94 88 7 74 37 90 8 85 1 81 49 6 54 81 40 39 45 2 79 3 47 27 42 12 52 87 10 53 78 11 2 68 50 100 22 55 17 87 45 57 74
 31 79 100 27 43 85 44 54 62 64 15 65 6 74 80 93 15 84 53 80 61 32 38 40 11 63 49 70 64 3 33 21 66 91 42 81 98 89 34 40 46 50 57 19 4 55 30 34 86 65 74 93 31 71 8 4 54 47 15 79 82 3 89 9 4 45 60 78 49 57 94 88 57 75 68 18 75 15 14 34 9 14 52 94 4 17 58 76 82 85 26
 100 69 29 58 72 98 93 55 63 20 56 97 29 65 58 99 94 12 31 66 35 75 35 55 81 11 52 96 72 60 84 24 96 88 34 53 17 79 45 98 80 97 22 30 78 1 75 85 73 98 71 12 29 40 21 46 5 73 91 12 96 57 97 62 50 37 34 34 97 13 97 54 43 80 33 53 40 59 73 96 77 77 45 35 87 5 59 94 11 63 82
 17 14 58 29 59 13 36 88 28 87 74 54 40 73 81 83 24 24 79 12 70 64 97 87 87 58 30 7 81 7 5 36 25 73 75 87 7 58 20 42 37 41 35 42 90 49 55 75 57 15 73 100 30 35 57 56 58 91 71 36 83 44 64 99 17 32 84 31 76 20 68 25 98 89 40 54 78 40 84 25 37 30 61 73 25 50 36 75 27 94 20
 71 49 58 49 32 69 60 97 95 20 38 82 50 84 98 23 94 6 65 27 11 74 69 55 87 82 96 13 41 2 91 32 56 18 76 53 23 43 57 62 9 88 3 10 94 34 40 85 65 86 65 52 5 51 78 71 78 100 11 5 22 1 76 82 73 97 81 42 28 13 20 12 31 82 48 70 85 38 67 45 76 71 10 17 41 14 29 6 92 1 46
 58 87 67 72 5 19 21 27 100 92 59 4 27 63 84 100 86 32 1 82 70 96 89 35 99 71 66 52 93 54 40 30 20 88 38 40 82 77 38 4 12 55 28 28 37 26 38 95 40 19 78 49 100 79 77 55 67 59 69 41 90 30 21 12 61 16 51 32 80 3 65 77 14 30 99 12 51 77 13 59 49 62 22 44 96 59 20 21 19 41 86
 39 63 85 20 13 34 34 10 58 21 15 71 56 57 7 75 14 26 54 14 32 81 84 41 87 46 11 93 27 70 95 19 40 68 87 79 57 52 61 77 22 52 25 73 29 37 91 46 52 56 25 30 9 68 67 78 63 82 77 97 7 3 7 55 96 38 92 57 14 96 97 69 40 44 63 8 94 58 63 6 65 43 49 90 24 45 45 5 46 11 59
 81 74 12 91 29 48 47 36 72 53 66 66 49 18 29 40 54 21 10 17 59 65 39 53 68 65 20 75 87 8 32 98 59 74 73 79 45 86 71 84 89 81 59 47 27 82 81 61 73 47 45 75 17 66 42 96 74 10 75 14 49 66 76 66 21 29 49 45 58 70 9 82 99 54 74 15 60 29 52 60 42 84 75 36 20 12 38 80 21 26 83
 41 74 14 37 18 94 38 81 94 5 45 64 70 73 17 82 77 56 96 1 38 74 44 35 52 53 22 21 23 55 73 4 90 27 47 67 57 35 38 70 48 46 72 21 63 73 11 90 73 78 29 86 51 64 40 52 82 5 48 47 98 73 87 78 19 33 61 72 30 13 44 84 4 44 34 33 70 12 98 62 56 24 56 9 5 55 1 39 48 75 4
 83 37 23 24 8 61 32 37 56 98 83 22 68 10 61 38 44 35 68 97 6 78 57 100 37 32 68 76 100 54 51 63 45 76 56 26 57 42 2 83 16 56 45 8 97 65 79 15 29 5 62 58 21 96 15 82 100 63 35 4 49 97 26 76 57 86 93 23 60 57 40 89 79 22 87 64 39 91 82 16 4 10 18 15 91 95 30 75 7 50 99
 11 60 28 2 50 28 22 65 21 35 4 99 26 63 14 80 93 50 24 34 38 53 53 48 4 33 94 33 89 17 59 69 56 36 70 91 67 29 82 70 84 90 25 59 76 61 33 100 66 67 44 6 15 22 84 7 42 3 95 63 90 84 80 54 3 36 6 72 24 59 38 100 62 66 68 89 92 98 84 7 56 25 49 74 72 82 83 19 81 67 45
 15 87 50 24 44 85 100 48 27 32 66 17 39 99 55 88 84 72 78 94 1 97 12 36 13 50 76 81 86 73 74 23 57 84 12 40 39 8 66 80 36 33 25 17 96 15 30 16 71 40 59 67 25 80 64 22 66 99 11 14 89 81 25 97 32 37 58 24 26 98 76 57 94 78 99 44 57 6 50 51 13 96 10 27 46 84 24 68 36 11 99
 97 17 69 82 93 57 45 67 70 69 94 60 77 40 6 42 66 79 83 92 4 56 60 3 45 4 3 45 32 17 10 65 1 56 47 80 53 65 24 20 61 26 38 9 70 27 33 79 74 30 48 79 95 12 43 45 77 53 33 84 41 94 41 85 86 45 31 68 16 47 89 5 88 59 75 5 59 31 31 65 55 27 25 35 95 60 51 87 97 35 87
 34 36 51 69 75 5 59 54 28 44 94 71 44 6 65 47 31 85 13 92 99 44 46 100 94 88 71 1 26 79 13 60 52 38 38 67 60 55 24 49 56 4 88 7 74 52 1 58 65 78 9 89 5 32 60 49 6 13 42 21 73 95 29 60 45 8 87 24 30 55 82 19 2 6 26 100 80 23 1 85 34 67 72 66 20 79 31 15 35 71 10
 54 83 67 74 15 16 8 29 26 9 30 37 80 29 58 18 6 55 5 58 91 91 42 80 69 17 12 66 23 87 26 75 93 70 63 1 80 49 70 70 22 49 22 30 46 52 46 4 94 46 63 87 12 23 58 3 22 59 29 98 8 92 61 94 29 19 3 37 60 4 6 6 53 94 27 75 31 39 90 83 94 94 36 2 35 50 57 2 69 73 76
 79 75 76 39 33 10 21 97 10 76 72 93 94 85 25 81 14 52 75 53 88 20 36 65 54 59 34 36 100 12 98 71 68 95 9 74 32 19 86 18 59 9 90 64 46 90 36 9 19 48 35 53 1 25 97 48 59 74 18 80 17 15 27 66 63 37 98 36 60 73 73 46 32 89 88 16 44 4 37 88 28 93 31 5 49 1 16 15 58 97 61
 81 38 27 92 1 29 7 78 96 60 34 93 24 7 14 17 73 36 9 95 61 95 3 80 7 19 1 37 48 41 87 32 37 46 41 21 80 66 37 92 90 31 47 25 26 36 78 56 73 12 43 19 44 22 75 97 45 30 93 77 17 62 100 72 41 11 77 97 84 67 70 14 56 14 72 40 62 66 14 95 54 50 83 20 19 37 15 42 24 44 78
 77 59 4 94 1 39 9 23 3 46 3 42 73 65 5 64 27 86 52 65 2 40 12 88 51 34 66 47 64 64 60 82 26 53 54 88 16 21 90 77 59 39 61 20 53 6 89 12 21 72 49 91 28 36 22 70 1 30 71 90 45 11 53 44 35 76 75 40 100 14 13 35 7 3 25 67 13 36 100 8 26 74 33 67 59 40 21 73 91 89 48
 78 23 28 6 5 49 95 74 62 80 100 22 40 5 73 54 47 79 54 80 37 96 58 96 24 61 64 5 5 87 13 61 72 59 48 21 21 36 79 30 27 80 40 35 54 41 77 13 58 61 93 39 60 69 98 11 73 84 87 80 47 60 25 83 97 68 44 69 6 10 59 92 85 30 71 63 60 92 54 99 18 40 79 8 31 62 77 56 8 57 65
 36 76 42 73 43 73 3 89 36 38 30 94 44 15 76 98 30 37 87 3 22 88 48 19 37 70 49 82 100 73 51 42 94 38 83 34 39 44 17 13 8 26 11 81 17 98 90 67 62 96 3 43 60 43 99 88 71 90 70 95 61 31 89 61 58 68 17 70 77 31 32 22 1 57 67 38 46 10 7 30 24 38 60 80 54 52 83 95 24 36 47
 40 99 84 60 85 36 71 51 12 90 57 41 27 1 58 4 90 72 93 26 87 13 45 81 8 67 45 38 26 47 79 48 71 40 43 50 84 7 33 52 81 25 19 35 8 99 18 41 24 24 24 68 13 25 2 10 41 35 50 67 5 11 43 61 68 91 25 76 6 86 34 59 63 10 53 15 12 74 97 61 37 11 44 74 21 40 83 48 67 25 7
 10 31 48 51 1 44 28 14 89 89 3 5 55 42 20 29 61 28 15 89 88 76 25 19 4 31 26 14 19 69 30 1 50 87 13 7 27 73 94 73 4 56 21 77 94 9 39 58 84 92 34 90 61 43 62 59 68 13 10 39 94 73 82 62 34 96 16 38 20 13 9 56 19 74 10 93 61 67 46 42 58 8 76 60 93 22 83 98 11 19 68
 34 16 21 28 9 50 3 74 74 64 4 19 96 61 80 89 40 62 54 54 21 49 28 3 92 51 8 25 99 4 12 4 54 91 78 34 70 51 55 76 72 89 31 42 11 45 58 7 47 25 59 89 16 78 33 25 73 49 1 97 75 97 59 11 52 38 95 63 68 61 34 13 89 63 18 79 55 66 17 43 86 100 97 89 69 16 24 96 74 30 60
 74 95 84 70 32 98 64 30 73 32 98 60 93 76 23 27 67 4 24 70 85 99 76 44 93 83 92 47 82 30 48 24 19 8 7 80 22 50 60 57 99 30 56 92 72 51 60 24 16 91 2 7 51 12 91 92 12 49 16 33 95 93 36 79 46 56 28 89 67 48 64 39 87 18 89 74 3 22 56 95 48 70 18 61 100 25 53 10 14 20 26
 43 19 8 4 66 5 43 63 78 33 68 23 76 96 42 92 54 11 31 49 86 51 95 18 37 85 57 18 43 42 5 73 33 32 4 41 32 3 17 39 86 40 52 87 2 99 3 81 35 57 74 61 51 12 65 40 27 16 71 78 81 38 19 24 100 66 94 95 46 72 81 68 19 63 99 52 58 93 52 93 78 68 79 40 30 58 15 78 61 86 72
 29 40 37 13 24 66 77 52 80 13 76 33 70 65 66 72 20 8 94 65 24 18 51 75 54 30 18 52 5 47 59 16 96 81 84 1 67 19 5 79 45 80 71 6 43 70 73 34 11 50 25 59 43 95 35 5 79 62 22 31 23 66 78 65 35 15 97 100 32 26 100 3 33 6 31 12 23 60 68 91 9 12 67 93 96 68 75 65 69 57 74
 67 73 57 65 50 8 4 31 21 29 99 50 60 16 38 48 59 41 64 21 74 38 70 93 97 100 61 48 83 43 95 49 3 12 8 97 59 46 59 20 15 18 76 96 99 60 70 74 6 73 47 4 62 67 79 22 11 59 14 74 13 9 89 7 62 56 78 4 71 54 25 30 13 29 21 32 93 85 67 35 21 16 38 10 54 46 10 34 37 78 84
 35 94 71 82 58 17 92 59 75 13 35 2 77 78 52 98 28 33 5 53 46 43 12 28 65 57 12 17 29 11 32 17 23 1 45 94 91 52 95 9 41 68 51 43 33 10 59 44 4 90 96 6 34 98 51 75 81 68 74 3 83 97 55 26 37 42 2 66 95 93 33 94 49 98 67 86 71 89 23 73 64 8 95 57 16 26 41 63 48 12 9
 47 40 31 14 91 75 63 47 58 89 35 25 33 92 26 76 11 86 40 88 54 36 37 99 68 56 54 56 13 80 66 89 38 52 63 83 68 4 94 49 1 67 67 93 31 49 78 15 89 52 20 59 10 50 58 98 11 85 24 43 80 18 99 24 100 44 49 78 83 2 32 16 66 93 87 70 87 95 66 61 18 21 96 41 76 79 75 78 74 9 11
 35 61 16 71 30 79 79 62 39 49 16 31 90 58 15 29 52 9 53 90 55 33 76 85 28 57 99 34 89 72 32 39 91 86 93 25 95 84 21 60 35 27 37 58 81 39 59 52 89 65 44 43 80 29 85 64 85 65 30 96 38 15 74 63 71 59 22 78 50 41 90 96 70 58 9 49 49 62 39 54 77 8 65 20 20 70 4 93 16 10 22
 28 39 8 39 21 14 87 35 30 10 65 19 38 8 24 44 95 69 78 86 42 79 79 16 25 78 26 37 45 74 45 38 12 37 81 93 13 1 93 76 84 56 95 33 100 77 29 39 17 14 19 42 21 40 33 60 25 91 95 31 9 27 19 75 49 4 53 65 68 70 9 41 73 20 24 34 87 76 25 73 21 22 60 29 3 32 30 88 76 92 61
 81 80 39 17 36 2 2 25 66 30 11 67 64 83 22 12 7 30 14 4 80 94 90 20 39 50 8 30 17 68 75 32 76 20 89 84 10 49 27 6 32 72 44 18 42 45 63 91 44 50 14 79 45 94 86 78 87 28 63 25 33 57 34 61 94 94 21 29 28 96 47 58 79 84 26 7 82 61 10 46 84 55 8 30 86 6 6 24 98 98 35
 76 21 76 79 59 3 31 78 81 7 28 70 33 76 81 74 49 76 83 71 81 85 12 34 12 38 97 6 40 88 71 98 16 38 54 91 10 36 86 74 95 67 17 34 12 29 48 44 70 17 58 88 37 28 25 91 12 16 44 78 28 3 90 35 81 95 33 98 54 46 34 3 42 2 70 6 23 18 95 41 29 22 45 71 93 18 48 42 51 61 14
 95 59 75 7 100 18 74 38 23 18 24 28 88 53 24 1 1 60 34 91 33 52 28 87 47 100 57 64 75 16 85 57 32 84 78 80 21 39 71 78 73 91 85 51 38 53 36 9 16 31 43 73 3 49 80 47 77 69 41 99 80 23 20 13 69 95 63 10 64 3 98 28 93 10 30 55 55 57 54 44 95 22 45 2 16 91 68 83 5 35 11
 23 28 55 3 19 32 80 26 24 85 70 69 8 50 2 76 41 76 40 10 63 63 7 34 14 77 63 26 95 64 59 35 41 6 94 21 88 34 98 93 44 50 86 13 59 11 28 32 63 23 4 14 10 86 32 3 90 59 68 14 46 70 84 47 98 17 16 19 62 72 58 21 43 37 76 73 74 12 91 92 59 45 70 18 32 13 20 45 1 99 48
 14 86 74 44 46 6 7 85 97 10 13 57 2 76 82 35 84 60 29 89 79 19 49 75 100 67 54 28 76 100 78 86 20 2 50 62 6 79 19 78 14 1 99 47 54 22 93 9 72 18 86 74 9 98 40 33 15 45 35 46 48 28 42 100 3 33 95 6 46 71 87 75 83 6 8 17 99 65 55 36 28 13 14 30 89 43 2 94 29 84 39
 83 53 91 61 28 23 34 62 92 83 9 2 46 93 79 33 46 86 63 10 8 45 40 22 52 70 83 91 67 90 100 45 50 70 31 33 53 16 51 71 1 39 60 39 19 79 3 25 34 44 14 63 9 99 25 63 67 78 19 36 19 56 70 39 10 26 46 18 42 11 89 63 66 14 46 56 56 2 43 9 70 62 90 28 80 38 71 28 20 3 61
 39 27 84 37 75 86 99 73 35 28 31 76 68 79 86 90 53 27 97 4 58 13 59 5 37 4 62 29 9 32 4 84 86 27 9 35 76 89 71 17 19 85 35 96 9 41 41 95 83 31 65 15 51 50 50 80 62 23 36 31 59 91 95 26 77 92 62 91 15 8 97 30 9 45 100 95 89 40 9 63 46 34 88 95 67 60 2 96 85 15 30
 11 23 47 17 85 51 55 86 32 45 93 4 66 97 74 89 50 59 35 10 21 79 71 35 22 24 96 18 40 9 16 28 37 34 90 45 58 85 99 62 54 3 90 15 46 76 69 45 26 1 5 27 58 79 77 15 100 86 87 47 6 71 61 37 66 44 42 31 76 98 70 55 85 25 30 8 50 35 54 47 67 30 83 39 63 59 52 42 46 73 62
 46 52 70 91 82 83 86 39 37 71 59 44 37 1 49 93 24 94 5 42 66 60 43 6 16 37 91 81 59 35 92 18 58 34 56 98 96 70 61 94 43 51 91 46 42 47 36 19 68 16 93 47 26 80 94 71 40 62 99 17 61 3 7 87 42 76 92 44 18 90 49 34 7 9 90 48 70 20 96 77 7 51 46 22 48 74 46 29 39 6 66
 36 15 2 17 68 37 26 38 18 12 9 7 69 52 37 37 13 97 91 22 89 42 99 80 5 71 67 91 27 50 27 36 77 63 11 73 38 85 74 17 30 9 3 32 14 37 60 41 83 65 58 93 15 84 43 25 12 66 90 3 65 14 54 30 51 12 73 71 47 51 47 77 26 74 33 8 56 53 90 83 34 18 61 69 9 68 74 53 8 66 26
 66 13 89 92 28 65 38 99 2 5 42 3 71 100 29 87 86 28 94 53 70 69 50 54 60 29 15 75 71 100 22 36 4 22 73 92 97 13 37 65 46 17 27 26 77 44 16 96 70 67 52 85 18 19 48 62 54 34 100 77 59 70 80 30 45 34 3 97 11 63 22 81 14 46 41 4 89 92 33 97 20 2 81 33 11 35 100 5 40 60 12
 33 41 56 7 89 95 9 47 9 21 65 46 16 12 83 37 91 98 7 41 6 100 70 76 84 43 73 12 100 17 76 28 86 10 37 7 18 66 9 23 20 13 13 28 54 47 45 80 85 84 73 57 32 92 60 80 90 69 3 7 73 76 23 68 80 83 67 31 58 71 20 11 94 90 68 55 87 14 14 73 23 43 82 40 37 2 97 24 44 61 89
 45 1 8 6 42 39 40 50 78 79 54 45 98 5 6 52 51 1 39 22 7 64 48 55 100 22 60 67 8 78 26 67 58 38 59 98 59 77 1 53 88 12 69 40 25 36 82 97 64 97 46 89 89 2 32 19 68 60 80 56 54 18 73 51 40 33 83 20 88 28 28 56 14 5 94 22 56 39 43 32 36 52 56 44 81 5 52 24 41 11 84
 22 13 28 75 9 91 69 28 38 20 10 95 55 22 82 32 76 80 93 18 41 11 97 3 6 43 12 27 45 11 93 81 64 80 54 35 11 32 71 78 11 5 34 96 96 17 4 51 69 77 13 90 46 55 64 19 87 31 42 42 11 77 47 20 85 63 60 21 83 55 86 58 70 100 1 70 66 10 92 12 62 25 8 5 13 74 72 84 98 74 28
 26 54 80 66 1 69 86 86 80 95 63 15 42 67 46 34 46 46 8 79 97 35 68 79 17 36 97 56 86 71 71 47 9 13 78 84 30 17 36 98 95 41 54 56 50 42 26 76 15 27 29 51 21 1 14 23 76 2 73 4 33 15 77 23 28 72 100 44 89 27 66 47 52 59 90 72 21 10 56 77 53 73 21 42 4 25 36 82 48 45 16
 49 100 30 62 90 25 32 13 69 70 95 23 43 27 95 91 9 75 29 68 34 94 17 59 3 95 61 98 50 11 2 85 6 45 52 96 55 100 88 30 77 98 52 43 35 47 7 77 69 15 15 72 87 14 96 22 34 18 59 19 7 88 8 40 66 98 23 92 71 11 56 34 55 92 94 93 100 92 68 43 60 51 85 79 91 2 87 35 96 93 24
 73 87 86 96 45 15 98 95 90 27 1 81 62 46 81 28 47 5 87 13 47 82 18 55 9 10 72 67 16 30 41 77 2 96 36 64 62 12 65 17 70 41 5 58 36 7 85 13 5 24 31 35 85 96 9 31 75 34 78 27 93 52 57 81 100 92 36 8 2 9 92 91 17 76 70 46 35 50 96 19 74 66 50 27 16 19 28 42 66 37 31
 76 38 100 27 87 63 85 90 35 87 1 71 40 74 43 28 90 32 13 46 47 59 32 22 68 91 100 40 58 31 18 27 6 53 33 72 69 81 47 2 24 16 66 19 31 40 54 98 13 70 19 17 13 67 82 8 76 89 34 83 72 40 7 86 60 5 79 16 83 44 75 89 50 95 94 43 49 45 46 97 47 98 71 25 32 68 65 74 59 79 35
 56 25 84 73 31 48 18 49 57 48 90 71 93 97 91 76 26 77 16 59 35 82 27 45 37 58 6 66 37 43 13 41 77 82 55 24 18 19 41 98 82 41 73 6 88 89 38 77 29 12 61 99 2 7 1 46 46 45 100 20 35 5 70 54 21 63 21 45 77 72 11 16 46 27 17 58 30 69 71 98 91 64 100 51 94 28 42 3 8 53 19
 35 9 90 69 74 95 39 24 47 41 5 64 76 86 25 89 82 10 23 56 14 46 19 25 94 91 70 70 19 28 57 26 58 18 85 1 83 59 79 67 17 36 7 68 18 76 12 94 71 32 43 98 82 8 19 4 12 57 84 83 46 48 74 12 74 14 83 8 37 5 71 9 53 23 5 45 2 17 2 16 8 81 38 22 26 31 27 54 7 50 37
 96 40 48 77 21 7 60 92 60 98 82 27 75 61 80 29 45 92 61 13 85 57 1 27 7 64 14 55 44 38 99 10 48 33 73 67 10 83 7 95 12 56 40 98 2 87 96 84 24 30 30 2 98 12 85 33 36 91 67 100 97 17 9 83 53 25 16 28 3 76 56 39 51 18 24 65 72 38 51 61 75 52 81 60 91 41 52 62 46 9 12
 36 100 55 10 90 19 44 100 13 4 53 96 95 62 7 7 15 21 49 27 72 5 65 40 7 45 50 86 24 57 5 30 61 9 67 47 8 99 21 30 10 15 26 60 78 100 48 73 12 11 36 72 28 13 20 64 95 61 37 42 41 7 62 39 97 59 27 2 72 81 77 47 94 65 6 57 24 59 23 24 91 29 78 51 55 59 45 75 20 63 45
 61 36 29 52 17 45 6 11 5 91 98 8 100 100 1 24 59 58 54 17 42 21 43 36 45 33 39 44 87 52 90 9 92 75 84 52 27 80 36 65 36 79 60 49 51 66 20 90 98 18 96 56 41 49 54 17 47 90 63 13 1 37 22 3 40 90 33 4 96 46 68 53 4 9 31 54 60 38 90 74 91 52 94 8 9 9 60 69 56 20 47
 29 86 9 41 3 66 27 65 81 97 75 54 9 99 49 53 81 85 57 96 27 16 21 93 78 46 79 12 97 32 49 92 73 47 28 44 36 8 54 75 88 70 69 12 84 24 66 36 61 93 96 48 61 5 1 62 66 36 16 32 76 58 4 21 12 66 91 14 31 49 90 93 95 95 68 66 88 69 63 75 49 45 93 56 89 7 57 98 48 24 19
 18 37 53 98 66 38 24 64 25 64 12 36 66 90 80 35 43 92 32 36 8 86 57 27 86 88 64 61 12 6 13 42 66 73 96 52 46 65 14 65 40 25 25 62 4 5 29 87 8 92 67 92 39 28 23 97 94 20 51 41 67 45 23 79 3 4 46 93 20 11 19 45 79 55 6 90 2 52 25 93 60 24 42 87 27 79 65 42 75 73 96
 71 89 3 83 35 58 92 26 2 33 85 2 43 73 43 10 58 67 4 43 11 98 75 84 41 82 8 28 73 17 18 27 77 37 83 18 42 6 11 50 71 34 84 1 3 13 76 2 71 46 96 78 59 40 27 55 28 46 13 73 70 78 93 5 26 72 27 86 73 61 54 40 57 73 33 83 54 72 46 98 41 30 32 53 15 42 44 22 15 36 9
 70 97 51 15 26 22 72 71 96 70 67 85 21 41 58 78 20 99 28 97 83 6 79 82 28 10 19 56 71 38 93 27 26 86 89 3 8 86 34 43 79 11 19 58 62 25 63 39 60 63 8 69 77 29 80 41 70 96 55 56 23 4 95 71 92 70 28 77 66 81 55 58 66 51 36 82 97 49 30 37 28 94 61 79 49 19 15 35 37 76 17
 57 34 17 85 26 3 70 40 5 77 43 34 13 27 17 20 60 42 54 29 84 24 80 92 46 65 17 11 28 85 58 93 20 26 68 6 54 55 88 96 63 49 85 6 84 90 81 60 33 84 85 94 61 9 74 80 75 73 55 13 42 52 83 68 20 65 31 65 38 68 96 30 87 62 42 11 77 100 67 93 69 59 28 33 32 54 40 78 96 12 75
 30 29 33 51 42 93 79 80 90 30 2 35 49 83 13 17 76 72 24 18 32 22 75 15 26 25 4 28 53 24 53 79 95 47 66 85 6 61 9 72 29 44 27 29 78 19 92 100 65 57 66 48 76 47 37 64 40 46 97 89 86 28 42 91 75 36 23 82 32 90 95 15 64 26 31 79 82 44 36 59 23 43 92 53 75 9 96 8 10 91 43
 9 14 42 30 31 6 47 73 31 94 96 42 36 60 51 69 69 61 44 13 35 79 47 2 34 85 14 57 15 17 78 79 62 4 10 64 62 41 99 1 80 67 47 90 10 3 48 91 38 7 38 67 40 41 70 13 46 21 14 34 54 43 58 65 81 96 44 25 76 14 94 84 69 40 22 46 95 9 18 49 78 44 92 34 82 77 20 49 85 7 11
 31 19 98 60 41 97 23 54 94 26 90 7 75 81 41 54 30 75 56 26 53 82 100 62 85 87 3 98 74 69 75 86 6 66 87 90 42 88 97 26 50 78 38 79 3 44 28 80 48 60 88 87 62 17 16 41 24 82 78 84 49 63 75 51 34 56 35 80 96 45 55 86 74 33 27 7 74 58 2 84 39 59 12 15 30 37 80 25 12 65 55
 89 100 33 60 73 11 50 19 35 79 51 81 57 41 71 38 49 23 68 49 51 17 78 93 20 77 43 19 78 49 82 32 90 94 40 33 93 97 97 72 86 93 16 9 45 73 71 4 51 69 94 14 54 46 53 30 84 33 63 88 92 79 1 54 41 73 84 5 39 91 13 10 74 43 46 34 6 32 59 24 87 72 62 91 65 68 33 14 23 45 14
 87 95 10 59 44 38 80 25 26 40 21 9 88 1 75 83 37 9 94 46 96 56 96 27 72 97 26 34 9 47 34 25 44 74 87 75 4 58 41 77 33 82 46 46 62 22 59 54 42 87 9 31 55 4 29 94 99 63 49 47 83 97 75 82 94 99 22 47 13 39 30 17 82 86 59 9 31 67 92 56 9 30 27 81 99 52 56 92 20 5 54
 66 46 11 78 51 15 79 90 36 36 50 25 30 77 38 18 54 23 46 64 72 40 59 65 43 10 82 67 6 86 29 32 52 57 61 82 73 73 40 34 37 83 42 29 66 72 76 46 2 63 50 54 56 62 35 94 6 32 27 25 38 75 69 11 93 26 60 66 59 71 23 36 21 33 39 80 96 29 31 64 12 63 44 65 98 23 35 2 9 53 70
 41 38 6 4 6 22 76 54 81 29 11 99 43 32 35 29 28 16 13 92 4 77 76 61 29 36 71 32 93 22 54 75 74 33 64 35 66 64 29 78 40 72 80 93 35 44 97 80 28 81 33 12 24 47 11 62 18 66 70 4 7 94 32 28 96 48 29 17 64 91 72 89 48 8 26 34 52 99 56 31 23 63 84 59 19 88 26 90 74 54 5
 11 53 73 90 10 95 29 71 98 35 25 27 76 31 99 75 87 13 80 33 73 78 55 59 4 82 74 51 52 18 6 58 57 11 80 30 13 36 69 11 98 12 85 90 78 76 92 83 97 5 71 88 14 79 18 82 47 49 1 5 23 62 43 87 67 83 14 42 24 52 32 61 88 60 61 4 98 60 48 40 24 83 3 33 76 17 33 33 21 17 38
 90 27 28 65 16 24 82 43 49 45 37 75 24 26 2 21 58 57 35 30 66 29 28 41 38 45 53 49 73 32 11 16 46 2 33 41 35 54 73 12 5 75 39 85 83 66 80 29 72 46 35 1 66 58 14 44 48 1 81 61 9 1 43 30 50 85 53 82 100 30 11 37 53 23 11 84 25 35 47 72 61 52 27 50 100 4 97 35 81 100 39
 11 20 86 98 35 62 59 77 41 69 41 18 51 69 47 81 58 28 86 23 14 59 86 56 50 79 62 40 96 91 32 5 75 88 81 65 71 53 43 51 2 93 94 56 7 74 32 37 10 59 49 51 59 9 31 31 3 25 29 23 64 17 21 37 51 54 71 55 7 88 51 84 35 71 13 14 97 27 36 42 96 68 3 68 83 69 31 64 4 12 14
 5365 8464 3776 8048 440 1982 7469 2461 5001 3291 8393 2554 2503 8439 8500 7964 8320 1631 1094 6590 113 3435 3534 4202 7155 3930 6642 5973 6035 4540 3698 364 7831 4353 2334 4351 4640 2332 8498 5026 6049 3752 9034 8303 8520 8600 5850 7107 1363 4909 8611 1649 7055 1044 8161 6578 6409 7465 6304 7786 9084 775 7386 5349 1611 6055 110 2107 4816 8991 5680 8260 776 2212 6031 6585 7039 787 459 1224 3173 2486 64 5626 9079 4148 6545 8010 1567 6398 6647 5636 1563 7992 3688 1729 7536