125 85
 60 100 29 6 3 98 69 37 86 39 99 6 4 69 31 62 19 7 8 47 58 81 17 17 53 20 77 5 3 69 89 55 98 40 70 3 78 37 86 8 6 59 30 84 84 78 20 76 9 17 43 31 27 7 13 83 44 60 23 40 24 18 34 15 8 27 14 3 37 62 22 59 33 2 3 71 81 67 44 26 57 82 86 80 90 17 95 90 61 89 79 71 41 57 84 35 21 21 12 5 19 57 70 13 34 43 4 82 54 11 85 26 7 14 35 2 95 3 78 83 49 59 8 18 96
 11 45 34 57 95 52 43 87 80 50 20 22 30 66 26 6 3 53 86 32 78 38 49 45 67 20 44 20 21 47 80 78 90 77 70 16 69 34 40 17 69 88 99 20 100 50 24 18 13 81 76 58 26 94 77 66 84 100 2 10 55 4 35 34 51 90 1 56 26 45 19 38 97 44 86 55 18 61 9 28 12 59 62 24 20 88 85 64 2 94 78 87 26 74 44 41 24 42 48 63 19 6 68 45 43 42 81 25 94 39 74 46 65 61 92 56 66 75 13 42 46 41 6 83 98
 37 55 15 29 81 95 28 98 58 83 24 6 42 5 29 8 43 56 61 37 49 3 21 61 77 93 24 36 97 57 30 85 27 17 14 18 43 45 15 80 75 71 96 56 63 47 48 38 53 61 37 8 81 27 16 32 72 34 5 24 15 2 18 74 63 21 15 3 7 99 36 78 69 13 12 80 79 3 64 13 9 29 94 88 99 51 77 72 93 24 91 99 50 17 63 55 86 87 78 92 23 57 54 88 73 37 39 50 92 16 4 86 44 80 31 5 57 95 2 29 11 90 100 7 30
 92 64 87 46 75 91 6 81 35 12 87 17 46 64 48 92 33 69 25 68 42 30 43 55 16 41 99 7 88 6 10 50 26 81 78 57 68 10 43 28 49 6 47 59 29 53 38 49 91 55 90 54 28 14 16 17 14 91 85 67 20 2 66 49 65 73 13 68 61 55 54 92 57 100 35 81 5 45 100 69 23 18 71 14 79 47 80 45 54 22 82 91 74 3 59 95 27 19 68 27 3 23 66 34 18 26 94 67 41 90 79 30 23 98 18 4 80 92 68 20 19 2 94 94 82
 69 69 77 24 83 52 21 39 19 6 35 62 32 58 80 82 8 12 5 84 59 73 72 59 1 42 80 77 12 72 12 80 98 10 28 29 10 40 68 18 30 91 69 58 27 53 71 94 87 46 14 79 50 93 66 39 77 68 94 64 100 88 56 65 32 23 26 55 85 53 61 39 17 96 18 59 97 32 17 56 62 34 95 29 50 72 26 71 13 33 41 36 53 19 32 11 32 50 72 33 12 96 53 11 25 20 1 26 75 2 30 3 28 73 58 76 63 11 67 11 69 21 82 48 38
 85 53 63 84 47 71 8 21 9 2 97 96 45 31 12 72 15 21 11 49 38 46 94 72 53 1 2 37 15 45 26 42 17 51 77 59 8 35 69 96 76 4 72 68 4 31 51 84 27 70 61 49 2 3 92 88 38 95 91 42 95 24 96 94 86 17 72 17 98 75 33 35 44 71 54 67 64 39 29 39 68 36 73 61 33 77 25 21 72 23 17 30 34 64 49 35 33 97 25 1 9 44 52 52 19 8 23 32 6 14 81 57 87 36 6 7 79 33 28 18 31 78 63 24 66
 81 51 56 53 49 63 85 54 9 8 59 74 78 41 97 58 97 23 15 4 72 95 79 13 2 94 44 55 93 31 17 26 92 64 31 40 91 15 94 22 86 34 79 52 62 86 95 24 56 48 79 86 92 70 99 31 34 16 31 4 81 10 17 28 75 14 62 77 25 78 29 32 8 92 30 72 10 72 87 5 55 5 39 100 93 12 42 6 69 83 75 18 75 65 74 6 15 75 88 6 72 72 32 11 36 51 37 64 83 11 1 13 94 22 38 83 61 63 8 61 3 44 8 39 16
 97 28 92 49 76 78 85 7 53 95 90 38 60 11 11 17 74 19 46 83 64 52 56 8 92 47 1 100 15 80 21 62 4 85 98 49 51 80 59 32 34 61 96 33 32 44 51 89 8 4 43 7 70 4 89 16 95 62 4 13 89 82 76 65 8 37 22 83 66 98 31 26 58 2 63 34 78 43 87 71 77 97 31 96 35 23 6 4 30 11 57 92 76 84 71 58 22 48 100 2 23 88 85 41 88 17 21 17 65 25 59 15 59 12 14 15 99 97 85 29 82 80 66 2 84
 55 77 40 94 91 11 72 74 47 73 84 39 13 90 10 81 34 48 98 52 71 37 82 66 68 5 27 100 92 74 98 14 73 94 27 69 62 36 5 60 90 25 93 47 50 99 89 22 33 16 95 26 54 79 39 21 14 99 8 7 2 98 73 57 86 78 77 67 50 96 28 34 55 7 69 37 64 89 6 98 99 72 36 100 15 32 92 66 79 90 75 3 91 39 50 92 56 25 99 30 86 73 13 99 99 67 37 52 43 41 91 47 97 44 51 62 25 90 37 40 50 37 63 73 26
 69 96 45 19 31 43 59 43 63 30 65 1 66 43 92 55 18 43 37 77 72 77 76 37 96 49 5 66 96 39 13 30 96 97 77 9 29 22 64 77 71 40 96 20 18 67 7 86 37 51 17 62 19 80 68 84 32 98 2 10 25 94 80 50 61 75 80 97 20 72 4 48 5 21 83 72 28 4 36 53 100 42 38 29 27 65 36 1 14 74 49 64 35 71 30 1 4 51 65 63 22 6 53 20 44 82 36 39 86 65 80 23 75 56 43 90 4 37 18 51 100 26 23 63 97
 95 21 35 11 90 32 56 30 89 76 90 77 47 89 54 76 96 41 94 87 36 19 18 35 37 75 68 71 62 47 59 52 18 15 86 87 8 56 42 33 83 60 41 15 62 91 21 62 12 93 28 55 23 1 99 46 89 83 86 3 85 44 97 97 20 57 50 71 63 65 8 36 48 97 86 30 11 30 49 66 77 7 52 46 80 71 85 33 74 52 100 18 18 95 19 53 18 84 70 13 76 28 20 30 34 25 13 39 34 16 38 32 46 31 12 54 35 10 29 57 68 19 22 34 16
 53 27 88 82 45 50 27 96 25 79 58 62 38 10 44 43 12 19 8 99 70 46 39 16 92 100 19 92 41 22 23 63 59 21 85 28 86 83 49 92 56 35 82 45 34 94 55 58 20 31 90 27 72 16 37 29 26 22 13 26 6 83 58 30 61 5 15 45 33 22 51 56 50 43 54 47 58 55 48 49 51 36 2 41 19 45 29 19 56 47 3 83 45 67 13 48 11 28 47 62 95 9 76 65 48 18 43 32 76 76 33 47 54 21 66 73 82 21 56 83 82 21 61 6 97
 61 46 95 90 76 55 78 82 43 21 42 30 27 39 13 78 23 13 11 29 18 20 11 100 25 15 30 19 88 50 47 32 23 8 49 51 22 79 20 34 11 27 9 9 95 97 39 52 46 1 46 19 92 16 57 12 21 41 6 14 73 97 47 85 46 79 8 57 40 76 47 43 35 79 46 48 94 53 5 23 33 91 9 87 65 21 95 84 48 63 14 66 99 81 26 90 47 17 17 41 28 85 85 74 87 29 13 50 7 58 96 84 37 41 32 22 75 9 30 32 36 38 41 78 32
 8 21 19 77 96 9 17 4 96 11 87 22 79 44 52 57 51 11 87 2 82 70 95 64 69 82 36 70 18 42 83 66 44 53 8 60 59 50 84 11 13 48 83 40 53 50 14 26 43 11 17 86 21 64 70 5 72 41 43 19 89 89 21 86 6 13 41 56 14 30 51 51 22 10 59 57 38 71 84 48 8 39 23 11 83 2 96 63 80 95 11 31 29 33 81 5 73 86 24 84 12 88 33 33 91 62 24 45 57 21 34 86 19 27 54 80 76 20 30 82 28 9 86 42 62
 99 84 96 23 85 47 56 56 45 75 57 96 24 79 56 97 73 15 99 36 29 37 2 92 100 28 34 29 86 59 1 47 92 86 16 73 79 74 20 6 88 30 11 88 58 82 66 7 52 82 54 24 57 64 24 74 95 2 37 5 3 79 13 12 28 96 83 97 94 20 73 38 99 58 22 54 27 49 3 35 11 10 72 59 76 65 5 36 81 67 66 90 100 83 58 41 10 21 46 32 58 23 71 25 26 32 19 58 78 96 88 33 39 55 16 48 74 59 22 24 4 95 67 96 78
 98 63 13 48 91 84 80 24 85 59 18 32 22 44 41 61 72 94 5 4 14 31 26 51 85 57 87 58 49 79 48 36 96 14 1 20 87 69 28 67 79 10 81 91 2 65 32 84 75 19 28 7 18 18 75 6 55 87 16 60 97 31 84 68 36 1 81 23 85 44 36 100 53 55 95 16 68 78 45 84 29 68 57 28 39 36 20 19 74 24 85 78 52 67 38 14 2 98 17 11 46 9 71 51 85 57 21 4 13 29 100 30 20 41 88 8 46 77 27 35 96 20 51 54 25
 95 45 87 75 87 62 41 41 19 20 55 84 44 26 56 64 74 36 36 73 57 37 62 99 62 41 95 42 68 66 50 62 33 54 92 85 35 95 81 45 87 84 57 28 5 89 53 16 40 20 18 39 11 26 47 78 80 13 42 98 11 91 52 44 75 34 30 22 24 35 80 70 93 56 100 49 6 75 38 27 52 21 14 54 30 75 51 66 5 77 64 67 54 82 22 64 22 56 14 72 92 75 53 74 55 13 84 22 77 80 22 100 24 100 39 50 44 17 46 16 36 34 50 24 18
 39 81 99 86 96 36 16 12 55 69 18 45 4 97 24 22 52 29 52 48 28 73 50 30 73 10 51 81 63 48 31 6 80 39 78 67 88 76 30 95 98 85 41 16 21 63 9 36 75 94 16 44 8 87 50 74 87 69 27 35 28 30 14 80 14 16 39 29 78 64 92 42 87 12 19 69 57 32 8 32 52 68 96 91 64 47 61 2 50 11 78 94 39 6 34 17 29 87 66 60 25 55 22 47 85 37 56 2 23 62 39 48 35 86 45 65 36 40 57 69 84 90 9 33 57
 4 28 37 97 88 4 31 59 67 81 17 20 55 65 10 54 74 10 61 58 28 42 86 61 40 83 89 89 93 79 71 15 48 100 48 24 58 84 80 16 76 37 16 64 68 5 98 12 67 73 100 56 81 4 4 99 25 15 87 89 48 78 94 27 67 21 9 47 19 21 82 42 29 75 44 55 59 40 29 39 21 26 32 13 68 23 5 50 19 82 3 71 78 51 54 10 74 72 90 36 56 22 97 85 81 99 91 86 21 53 39 91 11 55 97 76 16 76 74 67 62 21 47 11 81
 88 74 17 78 60 9 95 56 5 67 64 15 51 6 9 69 79 65 90 65 74 53 2 6 68 90 28 34 56 58 100 27 80 17 90 19 44 54 77 60 89 73 5 93 48 89 54 54 56 3 48 68 70 10 40 54 40 93 16 53 72 32 4 11 13 56 15 27 61 33 81 10 46 13 94 37 29 69 78 70 21 3 95 100 29 28 11 52 11 21 85 15 1 97 54 15 50 99 13 63 44 69 100 19 28 89 100 57 3 42 56 34 68 79 27 91 72 82 49 48 68 85 20 34 82
 30 54 86 78 88 27 95 6 36 47 47 19 68 70 63 19 92 40 13 43 47 88 12 58 53 8 27 17 21 19 23 9 13 47 76 89 45 89 10 47 69 34 64 24 72 67 88 23 91 40 77 40 43 47 18 34 92 5 65 39 23 72 79 15 97 92 50 91 72 86 73 97 30 42 43 41 92 96 28 16 36 30 7 72 45 79 24 25 76 51 34 60 2 7 18 26 43 33 19 50 100 44 54 3 89 21 61 85 45 19 57 23 63 99 27 78 29 82 66 59 97 31 19 24 8
 60 69 10 75 64 56 92 9 25 73 59 82 66 95 40 13 92 1 3 8 99 95 72 96 39 7 66 31 38 85 66 83 97 11 4 39 74 39 76 77 47 16 37 40 14 53 40 78 71 69 47 46 98 9 97 68 75 63 90 36 31 41 74 15 86 59 60 56 82 53 17 63 57 52 65 91 94 93 64 63 5 37 2 6 29 78 15 22 82 95 87 55 12 49 82 84 47 35 8 94 4 13 32 27 56 92 19 34 6 56 25 74 82 3 12 62 78 16 12 66 82 97 100 54 28
 93 90 2 37 59 10 65 72 90 53 41 78 44 56 19 24 21 39 55 76 7 42 49 51 77 90 52 25 51 75 74 41 47 96 73 5 14 74 38 1 73 35 21 81 44 47 66 49 5 17 1 34 34 40 56 82 97 61 84 15 52 32 62 10 35 63 94 9 15 19 61 51 14 56 78 100 23 27 58 93 84 29 94 79 10 3 16 86 59 63 62 22 15 29 4 7 22 94 91 78 50 49 19 9 41 65 74 38 63 3 85 39 34 7 69 75 81 95 63 82 62 19 78 35 52
 88 25 45 52 6 74 21 16 73 14 39 4 97 79 45 59 72 3 93 85 52 79 81 88 6 70 48 33 90 26 69 1 49 23 29 4 34 54 54 53 60 1 41 11 1 46 50 85 2 60 9 5 46 79 45 81 25 75 24 7 94 39 26 90 90 75 52 64 59 8 27 56 100 42 45 1 47 86 43 96 65 79 15 4 99 70 39 53 69 21 34 89 53 70 80 29 39 22 23 15 2 28 64 77 37 64 22 5 66 87 3 3 46 95 63 9 25 85 3 67 29 53 31 84 75
 40 35 76 15 50 54 14 97 90 42 29 10 19 33 21 34 94 19 42 14 1 78 7 40 61 57 92 25 48 32 28 71 91 61 50 82 34 14 46 80 62 4 27 28 99 99 76 42 19 70 32 85 63 52 41 48 93 87 35 80 30 32 55 3 9 38 43 73 19 53 60 75 96 43 21 81 91 80 69 26 53 32 3 71 8 72 16 58 70 38 45 67 2 42 100 85 37 51 9 34 67 5 61 30 54 72 59 38 17 62 72 70 7 24 9 1 47 49 59 17 89 15 8 8 79
 54 40 45 90 18 74 83 64 94 31 79 94 55 16 96 91 66 31 4 73 68 25 3 50 50 49 64 85 50 57 52 100 98 66 74 56 49 17 65 78 88 5 91 10 11 19 54 83 56 43 55 5 31 85 92 2 31 57 14 100 88 69 83 22 85 59 28 68 89 15 49 87 5 40 63 92 66 93 70 27 15 69 88 29 6 2 99 81 13 59 88 67 28 31 98 79 83 14 48 64 4 82 45 47 93 70 7 60 23 46 30 66 37 74 26 94 53 10 22 62 16 37 58 28 53
 46 15 40 25 56 31 47 30 53 32 51 95 69 39 66 21 18 53 48 30 92 77 37 91 9 81 33 52 70 36 32 89 85 69 87 78 21 66 99 87 45 49 82 62 71 47 92 2 35 36 96 92 15 50 79 54 39 54 24 27 26 19 94 93 94 34 45 96 16 37 72 32 51 42 65 66 98 93 3 29 18 37 19 44 98 1 23 25 24 9 2 87 14 81 34 7 12 74 76 17 83 49 82 86 91 51 70 1 33 80 27 47 31 54 90 53 41 98 82 62 67 87 16 61 66
 91 10 51 58 93 5 92 58 97 56 56 70 52 7 30 33 42 37 83 78 61 24 4 52 15 30 14 46 87 97 37 39 19 18 89 13 42 9 19 50 37 63 32 34 90 19 41 35 70 29 62 48 59 88 7 67 26 31 57 3 33 9 33 75 97 16 15 93 14 96 5 27 13 12 27 74 76 9 62 91 24 18 95 44 32 44 36 83 11 60 67 93 50 49 18 55 61 67 16 50 66 81 26 12 30 24 94 57 87 17 100 89 48 21 77 92 20 58 83 1 12 24 28 92 15
 80 100 76 35 75 84 30 55 77 50 51 2 74 1 32 83 31 45 54 54 80 83 60 35 55 19 99 5 90 41 94 30 76 58 44 33 96 21 14 66 46 51 22 82 19 28 12 91 16 60 16 39 96 41 42 69 58 80 48 38 28 57 49 94 9 65 11 14 84 91 76 56 4 20 35 100 27 34 45 21 74 88 46 60 92 18 14 98 90 52 8 16 36 37 8 76 91 29 33 37 7 50 21 91 47 15 69 45 14 86 22 86 55 58 82 47 97 100 53 37 88 46 26 79 69
 7 27 60 79 2 57 55 51 56 4 71 74 28 12 91 14 42 72 63 51 29 38 63 12 89 41 33 78 97 68 56 49 35 62 43 34 20 83 50 74 13 75 24 72 97 45 48 39 35 85 29 98 57 89 12 15 59 13 65 18 57 88 68 2 35 79 60 1 33 57 13 55 4 55 27 46 82 20 90 100 21 74 56 95 23 62 57 97 60 46 15 73 69 75 82 2 87 46 64 35 28 11 7 43 77 11 69 85 60 5 29 64 5 79 72 45 86 69 90 64 77 96 75 98 70
 7 71 40 97 71 16 81 22 54 72 30 32 45 66 4 20 6 42 9 34 33 69 61 34 50 17 17 13 69 25 35 47 10 45 53 49 81 86 88 24 14 14 84 20 97 99 18 86 86 99 44 59 93 3 23 94 71 17 20 22 99 6 67 89 98 39 1 3 95 22 12 55 67 29 62 48 68 94 72 16 76 66 36 12 69 92 50 63 70 51 17 38 76 42 18 97 39 1 48 83 74 27 20 39 43 19 52 17 73 21 48 46 45 92 66 42 50 59 61 38 100 60 8 85 49
 43 2 9 96 13 45 66 68 29 84 19 60 53 79 49 15 40 57 14 79 32 3 29 98 96 4 52 76 29 16 90 48 30 19 35 89 46 3 83 43 83 69 98 28 14 34 13 83 40 49 49 44 21 68 35 51 9 55 97 38 39 98 21 66 65 73 72 84 25 4 80 7 47 58 30 51 56 56 50 88 6 42 52 35 41 15 44 10 76 85 24 75 78 98 24 39 55 99 54 67 7 57 29 1 71 7 17 4 13 44 76 69 72 98 15 45 52 89 48 29 14 43 58 76 18
 3 59 64 42 63 13 94 50 30 19 15 60 100 24 4 1 23 16 59 27 88 15 39 86 20 34 35 57 79 21 89 97 39 80 53 3 96 37 7 20 77 98 39 39 48 50 87 35 89 89 44 69 91 47 25 3 78 82 33 68 31 75 3 91 100 79 24 18 1 61 33 18 94 22 46 61 84 63 8 47 66 90 35 65 69 2 82 81 48 75 56 86 56 19 57 82 40 35 51 41 63 33 98 41 67 59 9 39 94 67 49 28 55 80 74 7 43 79 25 81 70 40 5 48 17
 51 20 99 27 58 14 58 42 87 47 45 75 65 57 61 39 87 50 94 17 82 58 46 18 62 60 90 55 82 76 27 94 90 60 21 77 16 41 59 33 72 59 84 63 17 14 15 13 78 66 81 49 66 18 61 35 23 8 81 73 67 56 35 43 24 56 7 9 79 89 55 42 86 42 51 44 8 63 95 79 67 73 62 83 31 21 42 50 55 51 98 54 18 8 45 53 55 8 49 44 47 93 17 24 46 91 30 21 30 16 99 7 93 30 95 92 100 94 63 97 60 68 79 20 3
 23 72 7 73 59 7 89 59 69 100 40 87 68 68 23 25 77 97 96 36 35 1 33 27 91 76 20 67 3 90 99 11 27 47 43 81 29 59 100 58 53 19 18 18 91 32 93 78 50 39 44 47 84 92 75 68 3 18 96 36 7 13 77 17 97 67 24 19 14 95 59 99 49 17 57 32 100 65 4 79 95 72 69 22 58 95 54 38 9 98 74 39 79 35 7 41 14 24 46 32 44 62 35 40 75 39 17 87 88 26 16 29 90 45 8 90 56 77 17 16 58 52 67 67 14
 30 90 40 40 50 67 84 32 13 33 91 6 53 56 74 77 27 5 61 63 64 21 91 77 41 97 13 88 64 27 65 62 96 88 12 46 18 73 18 79 40 90 66 21 42 33 1 23 40 73 23 6 79 43 11 81 28 4 20 54 88 5 44 25 45 90 93 61 47 28 36 89 29 68 14 3 12 61 100 50 42 48 84 4 90 78 28 51 30 56 70 45 21 86 17 48 85 82 29 56 1 37 4 63 38 24 67 41 64 71 50 64 77 63 75 8 57 85 35 11 56 57 74 46 64
 12 79 68 34 50 59 72 59 22 24 91 12 35 9 45 69 33 17 51 58 46 59 5 1 81 39 3 46 64 34 59 4 16 82 44 32 98 50 29 64 45 84 24 7 34 43 81 60 28 22 43 2 75 32 56 73 50 63 73 81 11 50 36 1 64 38 74 10 9 69 75 3 83 42 100 7 40 65 96 9 69 35 50 7 98 55 32 24 18 54 36 18 33 70 19 95 63 92 9 33 58 18 48 8 34 51 59 100 29 64 55 16 25 58 40 68 98 58 99 98 49 4 99 6 98
 72 11 52 7 34 53 75 30 34 54 98 24 41 39 4 43 64 54 27 59 10 67 76 1 68 29 36 61 91 82 27 77 15 95 51 3 65 37 4 60 66 6 76 16 75 97 72 51 3 28 5 97 68 43 25 11 28 39 95 95 47 59 52 15 1 11 77 31 91 62 75 30 11 15 90 19 57 15 84 94 97 20 74 69 71 1 22 52 41 78 80 11 86 4 37 24 22 74 31 87 94 86 62 8 38 92 29 5 87 17 50 73 72 98 2 78 19 1 63 40 28 49 14 96 2
 30 23 27 33 92 44 4 81 50 1 95 82 100 17 92 8 20 38 6 50 16 42 23 45 42 13 91 16 11 17 70 60 72 18 75 1 55 95 47 29 39 49 26 48 20 40 30 80 2 97 77 82 21 100 49 16 6 66 27 4 26 13 3 5 5 12 7 24 33 19 13 13 77 39 35 50 69 70 46 13 1 69 33 56 82 35 49 56 47 31 59 6 82 6 89 96 93 89 91 96 71 86 84 86 95 30 56 66 64 78 39 41 97 55 60 85 98 25 46 76 24 8 25 55 50
 65 72 40 68 20 81 45 59 69 25 84 81 79 83 96 64 76 12 40 43 29 36 95 64 26 4 44 94 36 21 13 72 92 25 98 65 15 62 27 79 93 56 87 28 90 63 44 2 14 46 1 16 22 87 50 76 6 16 62 51 72 19 28 50 52 7 35 55 91 48 19 89 70 100 2 26 15 30 24 66 11 89 67 96 86 69 19 2 51 94 67 93 39 11 92 43 77 86 83 14 36 76 99 88 15 64 48 82 73 94 30 65 20 87 11 5 81 85 70 57 65 43 4 26 45
 66 81 82 34 7 76 12 98 19 49 43 69 57 41 79 1 92 50 66 88 91 97 40 32 89 45 62 59 13 76 32 5 25 51 44 16 67 85 76 72 58 63 55 7 36 11 12 84 51 94 28 100 67 55 58 53 88 13 97 88 16 79 60 61 67 50 15 44 92 64 1 6 4 63 97 15 18 60 99 94 73 86 33 31 33 42 44 58 56 14 8 25 92 21 15 39 90 37 51 62 32 58 98 76 17 26 64 7 97 2 68 85 64 59 39 27 7 45 89 53 50 98 64 54 37
 56 32 33 70 39 74 33 55 22 64 78 92 97 26 97 99 68 5 20 63 29 42 94 37 51 98 58 35 4 82 45 72 54 45 51 63 6 79 40 78 22 23 59 54 59 24 55 79 5 54 74 38 85 48 92 65 89 79 54 67 97 88 80 35 8 66 5 1 87 32 29 89 25 67 70 9 26 11 80 18 4 43 43 2 33 90 26 47 71 91 5 1 74 72 43 37 78 40 17 71 39 88 79 80 96 67 37 10 42 62 95 90 92 85 5 42 14 29 17 100 4 91 76 52 1
 81 67 81 42 13 81 22 62 53 10 36 59 12 18 14 32 81 52 34 60 46 3 13 89 60 88 53 59 56 43 36 61 8 6 30 44 1 10 14 11 55 92 41 68 69 90 33 53 41 65 14 4 73 70 52 22 55 66 85 3 49 44 55 85 7 7 44 18 65 27 70 47 94 87 20 42 72 96 20 13 20 18 69 81 51 2 63 3 23 59 71 5 32 23 82 22 60 4 40 40 86 100 26 15 6 82 22 69 64 28 66 16 7 16 89 88 62 44 58 14 40 40 52 11 50
 11 14 26 35 68 8 85 65 99 39 69 24 84 73 5 50 77 23 38 74 48 59 75 37 66 82 2 46 34 96 99 7 66 40 65 72 11 92 65 24 68 73 67 51 79 24 39 52 16 100 51 30 34 50 69 83 3 94 23 38 52 18 64 62 35 89 93 46 16 14 86 3 30 93 82 11 27 67 10 95 95 21 80 20 85 51 45 32 11 43 36 50 59 30 61 57 74 38 14 87 52 46 92 87 22 57 78 36 43 81 31 34 82 55 11 20 23 16 33 99 43 96 14 37 35
 60 31 12 46 67 62 95 34 8 89 20 49 97 66 56 67 56 63 49 23 97 89 28 48 62 68 73 36 47 35 46 43 9 89 77 12 11 75 47 92 18 71 76 88 6 57 19 52 19 18 69 21 30 85 46 90 14 44 64 37 62 17 31 55 88 16 21 7 94 88 19 78 61 2 22 31 33 53 9 23 68 71 9 75 14 21 8 46 83 84 89 38 21 25 48 91 18 21 28 5 78 89 24 33 87 32 28 9 84 45 46 25 17 42 56 77 75 69 66 36 71 55 95 76 71
 71 50 27 66 53 38 6 68 78 85 29 46 71 93 35 68 51 48 81 19 45 2 68 93 47 60 64 86 36 61 93 78 48 76 68 1 41 4 38 71 40 58 44 99 79 93 56 48 92 7 28 53 62 84 41 24 61 35 9 23 82 76 21 71 72 31 65 67 11 38 30 67 87 78 20 8 9 10 99 67 36 89 53 5 78 72 76 86 82 17 49 22 13 98 98 25 98 56 77 47 21 2 38 74 11 12 27 9 40 70 8 42 28 97 32 89 69 77 24 31 27 75 74 9 7
 35 56 74 7 78 40 75 24 96 66 84 20 59 30 32 38 37 89 64 72 44 50 49 98 17 26 30 23 10 86 15 36 72 22 77 93 72 63 77 93 75 3 74 21 21 26 21 7 32 79 25 6 31 18 34 43 15 46 78 91 13 54 37 39 56 84 12 48 97 72 58 34 41 97 27 31 66 41 26 37 81 52 85 28 60 23 84 74 23 75 24 86 87 93 7 51 64 71 61 18 13 95 49 48 66 7 51 83 94 52 48 46 66 56 22 97 25 77 87 18 79 68 62 58 69
 43 65 99 16 73 21 12 96 63 49 31 26 93 77 98 56 74 69 94 30 36 94 3 98 72 22 45 12 43 97 74 10 72 50 37 44 55 1 59 66 74 31 17 10 35 70 34 64 95 71 42 72 22 46 24 59 100 98 44 50 3 48 94 70 6 2 4 94 89 83 71 33 1 86 81 95 90 32 91 36 12 54 3 93 33 33 76 17 2 62 97 34 98 13 29 31 24 69 55 97 94 94 63 83 68 12 94 48 22 73 31 75 50 9 25 62 86 52 22 6 51 81 27 58 88
 69 78 10 47 81 15 38 58 26 14 13 94 31 20 33 71 82 35 97 31 25 26 7 14 91 57 10 42 24 89 8 2 48 11 94 67 84 16 85 26 85 12 67 86 98 94 9 11 36 61 42 96 48 82 95 95 24 70 34 53 15 68 64 88 24 3 26 61 13 69 32 65 93 65 29 19 76 79 33 86 96 27 99 7 46 59 56 81 64 78 31 89 48 66 73 49 24 77 97 22 16 52 36 90 2 5 5 54 18 37 17 56 81 17 27 93 66 35 8 85 19 53 95 88 54
 87 37 70 92 40 44 46 79 60 69 85 56 45 49 51 46 52 33 48 43 62 20 72 97 41 73 17 26 2 22 34 76 84 90 36 94 53 79 89 95 20 78 32 32 80 68 79 30 43 32 72 28 48 18 20 89 86 86 34 90 27 91 85 86 33 8 41 60 19 80 68 5 67 40 96 23 31 19 8 16 18 83 89 2 35 3 57 1 65 16 7 3 10 60 62 96 82 27 80 48 68 56 95 65 37 82 84 35 81 91 10 23 99 3 41 99 90 33 46 91 12 86 56 100 52
 46 92 16 25 90 8 90 57 76 22 25 7 18 54 70 96 50 64 77 56 12 81 79 34 36 93 28 57 75 12 26 84 96 51 51 85 29 61 99 42 84 43 52 23 35 91 3 31 83 93 91 84 30 84 80 43 12 30 20 3 4 91 12 16 82 83 31 3 27 28 36 24 75 32 45 95 54 15 50 79 18 76 56 1 12 45 99 52 96 65 11 20 49 49 18 50 17 33 100 47 64 85 74 10 82 52 68 34 12 68 21 11 87 63 53 27 81 30 43 39 53 39 88 66 11
 85 53 67 34 66 74 59 40 37 65 95 15 88 96 97 77 59 69 53 74 29 2 87 93 17 11 100 29 83 90 24 46 18 24 76 89 62 99 91 17 53 73 51 54 78 52 66 32 10 67 13 29 67 51 95 52 28 49 45 85 24 59 3 45 25 65 60 69 97 90 58 28 94 77 32 74 85 95 7 77 86 86 20 13 32 11 60 92 61 37 73 58 2 32 37 93 54 9 18 40 20 24 77 59 19 30 96 69 97 21 68 20 100 32 93 6 51 86 86 61 68 91 3 60 62
 47 85 5 6 4 18 86 5 51 74 29 5 93 95 83 100 75 98 23 34 48 77 82 4 95 29 19 57 46 26 60 33 70 55 62 65 58 77 67 13 83 33 50 40 85 7 51 94 35 66 46 90 33 74 4 65 31 96 57 63 18 70 57 62 89 67 7 90 94 60 50 59 16 21 11 10 78 61 68 78 26 65 95 66 20 45 46 87 93 85 55 6 54 85 34 4 66 100 59 22 50 87 21 20 94 3 50 71 59 82 79 86 79 57 45 60 56 55 93 18 31 25 45 59 10
 54 44 32 2 32 23 21 73 40 41 88 63 46 98 84 18 94 41 70 78 84 37 27 42 82 5 76 10 43 85 67 28 39 71 55 41 28 22 10 67 15 85 91 6 43 7 86 52 78 30 9 36 21 36 1 16 25 94 45 65 80 47 85 42 6 41 54 9 60 7 51 93 69 19 46 87 74 53 15 16 55 32 36 99 25 89 48 25 23 70 15 62 3 70 69 37 13 83 3 3 81 10 39 8 93 26 60 37 20 87 57 94 2 51 17 1 12 56 31 50 64 42 62 41 99
 14 89 2 62 93 96 92 55 54 70 26 45 19 61 33 29 48 85 7 17 84 2 24 20 60 100 32 80 61 65 31 78 93 36 5 42 55 77 86 63 12 14 60 76 44 55 20 52 93 56 60 42 34 90 5 11 92 48 26 4 62 30 83 27 79 26 67 10 39 88 95 73 20 27 23 37 79 73 39 68 67 80 20 18 49 95 76 8 12 56 37 43 99 83 74 72 92 4 100 99 99 29 83 7 1 54 68 33 54 32 58 62 6 59 95 56 26 81 4 22 38 38 66 16 29
 6 87 35 95 46 74 66 99 18 40 1 56 51 97 51 58 29 97 20 21 56 45 50 50 1 92 61 81 86 29 94 66 2 62 36 21 10 75 31 23 65 89 91 48 60 44 36 60 26 16 31 29 1 73 2 50 58 45 100 50 10 31 96 34 57 14 23 79 68 61 89 7 87 25 28 45 54 20 82 59 64 56 39 88 81 17 63 71 55 29 95 74 27 83 16 41 86 83 16 43 25 91 48 87 36 5 34 54 17 91 66 87 11 50 17 82 98 44 93 65 10 67 33 59 14
 85 55 72 8 75 70 54 41 53 63 98 17 82 92 39 14 86 5 9 86 19 84 95 90 15 13 87 10 66 29 38 96 88 84 4 43 90 33 1 37 32 65 53 27 55 15 81 98 60 14 86 28 99 67 7 39 89 28 56 1 49 44 54 20 46 89 98 26 53 42 4 92 19 81 12 78 42 28 45 26 27 57 71 67 91 3 3 18 40 17 58 31 60 7 69 71 70 63 94 30 81 63 55 27 26 87 62 28 81 81 53 6 94 94 45 91 87 95 78 45 92 25 63 93 81
 45 81 50 71 98 39 75 22 58 13 66 94 48 82 17 54 11 79 37 67 90 53 41 57 2 48 99 23 91 100 5 64 63 64 61 39 45 28 76 72 18 32 40 41 36 93 66 16 100 94 44 26 53 47 64 31 88 59 90 28 92 20 51 88 58 19 37 72 70 81 79 68 30 14 4 8 85 33 37 91 43 19 83 93 18 100 43 41 25 72 93 94 16 66 93 76 8 68 81 56 40 38 34 16 89 46 53 92 74 6 52 97 29 64 73 14 84 53 13 6 10 65 77 33 41
 70 98 100 28 19 10 61 35 45 55 78 58 89 52 86 12 70 82 10 15 3 11 42 95 31 43 79 59 18 93 33 75 61 71 43 45 21 23 10 21 71 39 68 30 88 56 5 31 67 86 24 27 97 48 54 41 76 4 87 11 20 13 85 69 74 41 78 99 90 65 37 82 70 59 28 51 99 82 7 4 27 39 68 18 4 58 11 37 97 53 86 4 90 82 67 38 81 3 6 91 35 52 60 72 74 90 26 46 14 73 37 82 61 12 41 93 59 41 20 12 35 52 7 86 82
 81 85 14 36 49 5 34 92 22 6 80 17 92 60 28 18 20 84 17 72 72 30 18 79 94 78 1 76 45 11 39 86 79 65 99 81 2 56 61 93 31 28 34 93 16 96 7 21 57 8 80 91 8 67 87 23 49 7 94 9 44 50 3 72 39 96 60 96 9 77 71 80 70 64 27 81 60 41 46 52 42 83 22 52 92 73 56 79 29 63 79 72 67 41 56 79 24 37 9 73 4 26 87 63 91 37 26 37 2 97 8 99 96 89 34 33 4 50 40 93 35 97 97 94 70
 86 61 37 85 14 79 80 78 65 43 7 10 55 80 32 13 91 88 22 31 8 2 31 45 31 49 44 57 94 68 10 19 52 58 97 38 59 34 94 57 12 89 29 29 42 57 90 32 41 59 3 7 80 12 79 23 15 47 22 38 48 67 98 36 48 35 45 89 99 26 90 34 8 3 4 60 55 92 20 80 34 91 90 84 38 46 11 12 52 67 20 78 61 48 67 61 86 33 89 39 10 20 61 93 54 38 51 75 21 8 98 88 69 18 63 66 64 85 20 5 42 70 34 59 35
 65 71 86 37 62 77 74 78 4 32 66 7 60 42 18 76 11 52 24 67 40 13 41 69 45 40 92 45 75 26 72 40 7 79 7 5 69 76 39 58 69 61 43 19 77 70 30 25 79 71 78 61 48 17 61 11 87 68 27 95 11 11 61 48 42 97 4 42 27 54 27 24 97 26 98 20 66 91 54 33 37 60 57 77 54 72 87 82 72 33 33 13 30 1 99 71 27 77 30 11 3 25 37 29 79 33 41 92 96 78 44 93 28 50 79 80 8 41 28 40 37 78 9 48 16
 73 97 53 86 44 34 38 44 22 34 30 8 13 9 7 96 37 68 92 77 17 93 98 19 78 39 49 39 86 18 93 43 50 94 22 89 53 82 15 20 99 18 39 40 96 46 70 95 43 47 38 72 84 71 43 69 97 75 19 72 64 70 91 90 97 18 89 3 75 11 60 62 31 50 78 87 28 4 58 57 87 5 19 28 62 89 89 44 88 18 84 68 19 77 38 32 53 87 19 71 85 74 55 29 13 58 73 28 91 12 28 58 23 99 17 9 8 99 41 22 84 36 66 29 35
 23 66 97 50 93 92 88 94 77 69 81 94 98 43 87 15 93 90 98 32 74 71 26 15 76 61 86 37 92 26 67 42 81 92 83 78 48 60 28 42 8 47 28 88 31 46 59 19 80 7 61 57 24 87 52 6 22 24 66 81 63 25 99 17 83 68 28 64 30 73 26 9 27 52 13 41 58 31 36 58 93 27 40 71 91 49 7 34 75 97 47 22 60 78 19 46 88 16 70 5 58 60 67 76 44 45 84 58 2 49 77 16 5 5 23 32 16 8 92 60 24 38 27 59 19
 85 59 36 4 47 37 20 28 47 63 94 38 25 73 9 63 45 62 85 8 21 75 86 19 4 44 12 6 12 72 87 99 42 82 4 96 87 51 63 82 63 39 66 20 5 38 34 35 38 87 12 92 73 87 68 55 85 2 65 47 59 76 76 51 95 68 27 61 80 64 96 1 3 19 40 35 65 31 1 5 66 43 73 27 42 84 14 96 61 43 36 61 34 7 93 96 20 73 100 3 12 59 63 90 4 50 45 67 74 35 3 10 90 88 66 6 49 51 87 63 8 100 97 64 98
 68 72 70 25 90 65 65 52 80 69 94 10 93 19 56 71 74 90 69 52 99 74 31 58 58 23 39 5 18 17 6 15 45 28 82 70 46 43 88 49 68 24 20 7 32 73 31 40 93 4 77 5 13 34 22 90 31 30 7 96 92 58 29 16 90 70 83 94 90 58 10 34 71 5 96 2 3 29 34 54 89 96 40 91 58 62 100 60 30 75 24 86 60 22 55 96 76 14 23 58 5 53 43 69 91 74 35 46 33 47 6 33 37 49 68 20 47 65 49 84 64 56 45 85 88
 41 95 7 45 26 41 46 11 14 71 85 4 73 77 72 35 39 15 14 16 86 73 38 32 84 61 10 48 45 58 91 80 49 76 74 18 57 93 31 61 30 43 32 24 41 34 65 86 61 90 25 17 60 73 82 54 70 47 98 78 34 67 46 52 61 8 81 37 55 99 55 77 69 30 36 56 46 44 73 25 38 45 98 50 59 89 42 6 64 51 53 30 21 55 93 81 23 78 78 8 94 65 48 20 87 75 1 96 96 93 24 77 21 80 94 15 72 45 74 17 73 75 55 82 45
 64 40 70 60 70 95 61 75 86 62 58 2 93 97 25 72 85 39 30 82 40 78 14 57 80 51 50 68 48 83 37 98 55 81 57 6 75 34 42 84 90 2 28 39 66 53 3 93 46 3 67 14 3 50 97 23 5 68 69 96 83 85 57 32 66 76 36 100 45 37 11 96 58 65 29 56 18 82 96 12 49 63 60 82 20 38 65 59 96 38 87 28 94 2 100 8 95 11 78 7 57 65 70 15 41 61 46 76 39 63 57 81 73 42 30 54 40 29 66 16 79 46 8 26 39
 35 14 40 94 51 8 98 79 11 68 9 35 94 38 64 68 86 85 51 55 81 98 41 20 100 86 79 77 24 23 20 70 77 6 15 26 22 32 55 59 12 86 71 13 47 99 90 96 99 21 74 40 29 44 25 98 87 56 86 28 81 55 10 34 30 27 83 2 31 30 75 54 53 46 92 88 53 100 57 11 41 71 15 26 17 6 57 39 33 91 51 86 7 88 38 95 24 21 66 28 23 19 1 21 9 28 50 50 49 67 25 93 79 16 91 71 10 100 47 89 13 50 15 25 84
 46 4 55 2 55 33 18 68 52 72 26 58 81 37 100 43 45 58 49 95 11 73 39 95 34 76 49 96 71 9 55 35 97 35 82 28 25 51 60 67 55 44 97 43 94 98 49 98 72 92 91 95 41 53 14 24 38 27 64 27 9 45 66 70 28 84 44 56 20 9 93 5 57 87 74 78 41 93 30 80 4 1 61 58 53 34 99 88 21 63 25 60 57 13 43 75 64 50 14 86 46 65 18 9 2 54 49 75 53 98 34 8 19 8 18 23 41 16 73 5 80 76 15 72 19
 24 80 13 56 80 57 70 24 28 23 85 20 81 95 6 17 76 80 16 92 62 44 95 28 11 45 24 4 42 66 45 82 2 75 88 25 55 65 67 40 14 12 35 90 45 78 55 51 46 14 61 11 21 97 5 9 38 6 79 84 26 22 21 19 96 48 10 25 20 62 20 48 42 18 86 20 75 1 13 48 68 96 83 52 88 9 1 82 76 64 75 49 91 98 88 11 43 31 48 75 75 95 18 28 57 50 3 84 76 3 45 39 19 68 3 99 81 58 25 39 27 8 39 47 64
 42 39 36 43 61 48 7 77 3 34 40 74 96 15 79 52 69 23 54 9 3 46 56 70 55 20 81 20 85 38 2 19 5 35 48 51 2 71 81 39 53 33 11 40 37 4 77 27 18 35 69 64 2 76 53 91 7 31 89 24 2 80 30 4 58 75 28 46 10 97 66 90 10 85 62 93 2 62 72 32 83 47 63 35 42 59 99 65 51 35 38 13 2 53 53 2 58 95 29 17 88 83 19 74 42 44 24 99 28 84 81 52 13 83 84 1 27 4 56 59 18 71 7 94 100
 51 6 9 73 37 10 73 49 3 4 5 4 64 26 66 22 86 55 77 85 55 99 6 46 64 10 52 96 51 75 14 12 48 50 19 68 15 28 21 22 73 19 80 34 90 42 40 89 69 87 80 9 17 27 11 30 81 4 12 48 37 65 84 88 69 54 27 93 60 37 61 86 72 36 23 86 75 28 96 18 39 27 67 90 8 24 98 26 56 86 96 87 3 90 21 46 93 64 35 3 55 2 42 85 100 80 13 86 5 8 41 86 97 69 53 75 48 50 38 100 37 35 91 90 71
 16 77 5 89 51 70 34 47 75 94 66 39 18 29 9 77 92 19 70 2 8 99 3 90 1 92 89 2 46 63 20 30 31 71 90 33 13 70 39 10 97 54 33 98 5 77 58 97 79 42 7 70 21 87 99 95 9 96 61 14 75 4 26 24 51 67 10 76 90 82 25 28 25 80 73 4 91 45 92 85 94 45 89 74 57 58 85 98 52 88 16 23 75 33 5 21 42 33 86 27 76 68 20 77 3 80 18 51 22 55 30 84 30 22 79 8 39 85 23 42 82 11 45 39 34
 68 97 22 26 75 29 4 22 76 89 76 32 73 71 51 33 6 43 11 66 76 36 76 63 59 24 39 92 29 63 47 55 18 82 61 62 93 84 26 19 36 22 75 6 77 73 35 90 57 54 72 82 17 46 53 36 84 65 20 48 13 72 6 55 6 35 71 10 22 90 1 41 46 21 23 75 6 91 28 84 72 52 75 80 35 36 61 75 84 42 16 54 57 36 85 82 96 74 17 80 24 53 21 48 27 63 73 20 87 29 81 76 64 69 81 48 32 43 2 42 52 90 44 21 86
 36 2 91 47 93 5 1 48 55 61 56 29 69 86 59 17 61 42 73 93 37 62 59 81 30 1 91 80 34 88 78 86 4 72 87 23 55 48 43 20 64 22 35 77 9 61 73 28 57 91 91 9 48 79 39 46 52 50 61 45 7 62 74 15 68 45 63 29 80 9 58 55 39 58 36 40 23 49 93 57 88 15 42 26 100 64 26 48 5 32 99 55 85 36 36 80 40 80 99 83 46 100 86 13 1 23 3 38 83 52 68 88 29 21 34 93 49 9 82 73 89 6 42 32 96
 92 68 88 7 88 71 92 19 25 32 83 58 70 71 27 43 60 80 50 25 80 89 99 35 27 89 65 32 14 22 40 50 61 38 45 95 46 18 32 69 100 60 65 59 6 37 87 54 97 49 21 1 34 28 45 30 39 97 27 32 41 83 97 4 46 27 65 21 88 37 7 49 38 1 5 6 84 41 72 21 7 53 20 6 85 89 98 13 61 29 42 59 50 4 69 4 18 61 50 30 11 54 24 25 37 68 56 44 88 90 72 15 96 91 15 74 58 44 32 43 37 48 84 92 46
 20 85 14 37 7 31 44 30 35 43 90 56 67 22 88 62 34 58 69 85 49 83 81 90 99 44 83 44 58 38 19 28 39 63 60 10 96 30 89 57 39 29 79 86 81 19 4 49 50 3 91 58 51 30 86 54 28 81 56 56 32 15 73 24 46 95 96 85 26 38 79 55 73 79 20 87 47 32 41 78 7 71 96 19 80 80 78 37 7 33 50 70 27 13 16 75 99 18 22 61 1 34 9 42 17 84 39 10 20 2 62 89 66 22 95 7 69 85 24 88 35 69 97 8 56
 65 75 15 90 60 14 87 60 74 63 29 61 29 92 27 5 9 59 33 19 86 48 78 17 12 17 63 75 5 22 99 55 79 41 23 89 85 85 91 20 92 17 22 21 99 13 94 86 65 99 57 67 41 29 72 41 6 77 18 2 5 72 66 78 59 15 47 74 70 48 55 86 22 62 60 87 85 38 73 43 53 46 83 86 29 12 76 76 12 40 3 27 7 97 42 63 3 75 93 26 59 22 41 1 14 58 51 41 65 87 14 11 93 37 40 58 58 34 77 23 38 43 66 92 55
 41 32 36 96 54 47 98 80 1 59 91 37 13 76 16 31 84 4 40 74 38 15 66 11 70 21 24 6 16 63 91 94 75 6 74 96 37 72 63 65 24 24 65 99 84 99 96 29 21 30 89 22 1 37 49 73 14 19 93 94 30 92 42 74 10 22 82 8 90 32 75 43 72 31 68 3 82 71 57 82 38 51 24 87 24 55 34 40 70 65 1 76 73 54 13 100 33 27 45 98 73 6 6 79 22 12 38 13 50 24 99 76 34 48 47 60 44 86 55 57 45 71 44 30 49
 29 22 95 50 8 85 7 75 10 86 35 51 4 79 76 16 49 92 43 21 39 52 88 69 85 22 67 78 6 82 100 34 70 15 53 100 19 32 7 97 93 73 100 27 54 46 62 10 72 95 41 61 95 40 91 69 26 39 54 2 43 40 92 70 85 67 55 14 15 39 62 12 37 18 5 20 81 37 32 77 68 51 11 28 93 36 94 60 85 88 90 54 15 88 24 85 69 11 12 84 61 89 44 14 53 68 22 78 91 13 35 42 93 98 12 18 15 5 46 91 43 55 84 76 91
 22 73 84 93 34 76 40 51 74 72 20 11 36 48 85 36 85 56 99 89 67 54 8 80 19 26 98 12 84 98 39 61 66 100 56 71 91 13 25 43 60 28 1 17 53 62 10 69 45 99 76 56 88 80 14 52 58 72 73 45 49 31 62 87 92 42 33 45 23 73 37 14 21 27 84 67 61 82 56 93 7 67 14 45 42 35 24 57 14 81 36 64 30 49 81 83 72 7 37 86 1 11 8 24 85 33 89 8 44 45 91 26 16 57 39 53 5 29 53 42 91 78 19 97 5
 74 25 85 65 38 38 89 30 88 55 12 75 10 65 33 56 30 38 71 84 93 48 31 73 44 83 59 1 64 59 76 80 32 44 79 26 37 12 49 22 36 19 52 24 100 34 99 80 75 57 36 59 28 11 92 86 79 16 59 15 52 86 58 6 10 72 75 81 33 69 69 43 32 81 57 39 96 59 19 23 3 89 73 10 38 46 27 17 67 68 37 75 2 98 44 5 19 88 3 28 52 46 79 55 100 16 81 5 80 19 46 92 43 52 80 37 11 55 4 16 19 38 55 57 25
 2 34 9 18 70 26 2 91 44 35 77 34 46 83 98 53 7 100 74 48 2 81 89 25 20 68 37 32 21 8 1 58 96 29 80 47 57 9 94 12 21 29 9 74 71 71 93 78 53 8 13 69 93 12 56 36 76 43 58 28 8 79 11 68 4 4 36 71 77 81 23 50 14 18 93 78 80 62 41 19 51 24 44 4 18 36 84 36 3 23 97 62 98 48 10 85 73 89 38 11 1 94 20 69 50 6 44 40 5 17 100 73 78 48 93 3 5 100 79 50 25 56 84 22 80
 51 90 73 9 2 84 70 94 71 18 73 16 79 73 86 38 67 38 22 6 76 31 87 49 23 41 77 5 37 21 90 25 90 90 59 89 65 81 29 97 45 23 85 97 62 18 41 43 83 95 5 56 34 33 95 100 98 46 51 87 58 17 51 6 4 24 99 82 97 4 94 92 90 14 99 57 56 41 60 55 58 79 69 59 14 45 64 66 67 72 15 12 47 38 39 21 95 98 90 77 28 42 8 48 69 78 57 31 15 14 64 87 50 51 88 26 22 94 7 43 68 62 1 26 92
 33 83 87 33 56 4 95 96 5 53 83 73 80 42 48 8 9 3 80 55 15 4 56 9 6 57 22 45 63 74 61 96 79 53 14 64 54 60 68 70 29 37 27 65 28 84 83 35 11 29 75 50 93 14 75 46 38 91 82 29 54 98 87 32 29 86 27 66 53 22 67 67 85 17 69 38 81 33 31 21 100 28 26 35 42 47 53 47 74 1 92 70 51 66 20 91 63 29 57 88 83 55 68 68 23 8 50 81 40 26 42 51 42 70 59 76 62 70 60 56 75 40 73 18 86
 12398 51 6692 3481 10237 1918 12004 6495 12437 10797 291 1017 11298 12360 2858 2412 1256 4087 6559 371 1227 4548 10119 629 12083 11835 1704 1802 9122 12192 3543 4855 6825 1663 3681 10114 11039 11590 5038 1518 10648 69 860 1215 6302 2940 2471 10893 8154 5690 1587 2769 1439 5730 6219 6528 10693 9792 4028 9361 7792 3337 12433 11351 9918 570 5208 3265 10614 6222 6107 5403 5683 9047 8695 7591 6678 1592 2709 11701 8440 6451 10960 1999 11864