75 95
 22 49 90 16 3 61 36 64 13 70 74 78 90 14 85 40 47 51 61 38 84 70 58 27 43 44 23 84 31 1 26 47 18 95 56 99 18 46 71 40 69 77 23 7 93 98 20 15 90 50 66 36 74 35 47 77 74 100 80 45 32 83 55 50 19 71 79 48 83 70 56 99 77 81 73
 45 64 32 73 6 42 16 8 38 31 46 72 50 98 44 66 11 13 55 76 72 82 14 97 74 46 42 5 59 84 50 24 55 70 46 96 33 43 77 58 61 66 15 82 77 73 19 27 94 22 63 26 45 28 18 96 90 37 34 87 16 88 80 59 40 53 13 29 23 36 2 49 8 2 80
 98 8 38 51 73 32 82 79 59 78 28 92 12 71 5 76 79 25 81 44 67 34 86 29 26 83 23 69 91 66 10 74 4 61 25 5 24 24 83 42 93 98 12 9 66 6 50 95 39 81 63 33 36 33 49 77 24 5 65 84 49 48 72 69 68 25 94 34 94 63 24 64 11 35 32
 6 64 82 41 63 94 13 99 37 42 12 92 82 3 51 6 39 68 80 3 86 47 6 84 42 72 15 25 37 31 1 8 25 37 31 44 50 60 45 30 41 99 68 3 77 12 59 17 31 35 42 39 70 97 35 90 78 76 11 29 38 7 79 71 91 13 37 57 22 21 4 1 26 81 12
 58 45 12 85 9 100 26 16 31 98 3 25 62 58 99 47 74 64 39 50 87 79 12 29 25 82 52 82 64 46 77 95 44 96 93 37 20 77 20 59 62 96 76 32 17 72 49 19 31 68 69 6 21 39 55 78 56 27 57 14 80 29 4 7 60 2 89 79 25 62 9 44 48 7 82
 12 73 40 83 16 68 77 27 36 34 72 91 22 52 65 87 83 67 46 5 53 78 45 68 86 6 18 16 5 36 58 38 84 35 57 3 53 91 53 27 80 57 33 95 14 44 95 26 40 87 64 72 85 99 11 89 64 45 91 60 85 65 100 73 92 31 58 86 80 41 89 24 80 16 62
 87 32 58 83 81 48 59 55 54 95 96 48 96 35 81 17 16 20 74 6 35 61 60 73 76 1 89 48 53 51 72 30 85 53 45 5 66 71 44 63 74 81 87 71 84 85 20 53 79 77 90 82 64 98 85 50 44 45 3 8 17 96 2 53 83 12 64 68 25 6 94 43 7 75 58
 51 28 32 10 3 20 70 51 58 26 70 94 20 47 26 48 46 44 62 27 61 10 95 96 44 6 87 31 73 75 68 8 16 80 88 86 54 39 52 88 63 35 79 34 26 52 70 3 12 28 9 90 41 32 54 15 57 35 73 1 61 34 69 22 82 2 86 77 19 64 23 6 50 12 8
 53 72 71 44 33 32 43 46 86 54 83 22 37 2 17 82 46 12 7 73 46 95 32 69 51 10 45 87 73 78 40 98 95 57 5 79 17 61 10 19 28 31 1 62 93 25 2 34 52 82 85 23 90 6 72 56 90 50 9 49 89 58 96 97 57 81 98 29 10 80 82 32 22 67 47
 34 1 10 4 80 48 43 65 27 41 93 64 96 77 39 100 83 36 27 54 25 38 43 27 70 88 22 5 56 23 32 74 63 10 46 56 23 19 29 40 35 73 71 1 13 46 40 69 4 97 48 16 12 94 84 70 89 98 32 4 32 51 34 42 89 48 22 41 81 3 33 42 44 1 49
 29 82 34 66 36 33 42 74 51 74 78 16 19 40 75 59 4 37 52 60 35 24 35 48 88 55 49 33 76 98 98 30 71 15 29 17 87 83 15 58 60 26 93 90 33 35 67 50 38 31 3 58 92 21 76 70 74 93 59 66 25 30 63 11 66 18 29 28 19 76 58 18 42 42 9
 88 88 80 59 43 24 62 71 94 9 51 63 85 71 22 76 56 28 88 34 31 57 92 29 37 96 57 59 94 93 29 21 6 15 75 23 29 65 32 25 33 45 32 5 47 35 47 3 52 41 97 53 13 10 40 23 94 97 61 21 84 39 71 72 78 63 30 71 20 51 97 1 60 50 94
 8 12 72 21 15 13 57 54 74 16 3 38 45 86 56 98 61 60 58 35 74 15 6 57 81 25 46 70 72 8 44 47 42 74 54 3 30 73 59 96 21 34 3 2 81 71 61 77 71 90 33 74 46 75 47 98 95 36 98 2 96 46 68 14 26 10 7 11 32 65 6 17 2 16 60
 73 27 24 47 47 65 5 32 93 83 14 53 7 88 23 9 20 100 22 18 48 88 72 60 26 79 91 6 87 68 73 96 75 74 6 84 76 39 53 7 92 56 39 63 18 52 72 34 43 89 53 58 80 44 54 35 16 60 29 90 10 38 99 41 63 36 79 85 63 13 63 38 19 21 35
 86 60 12 90 16 67 77 45 35 34 64 26 15 6 98 74 84 98 35 82 60 83 72 67 29 44 87 92 84 37 23 62 59 22 23 8 71 62 67 19 10 51 38 4 51 68 3 71 57 27 34 79 38 96 70 17 69 63 50 2 43 37 95 78 24 44 4 27 74 55 94 27 93 22 99
 34 93 59 28 29 69 11 18 22 44 56 17 88 9 20 70 64 9 39 93 15 15 60 27 70 69 43 60 59 60 60 59 94 53 37 69 61 49 48 26 48 4 91 37 18 74 97 7 29 13 7 93 29 47 29 36 25 76 77 63 31 83 55 89 90 46 36 17 95 35 69 54 93 41 44
 51 66 29 15 2 9 77 10 57 86 59 93 4 33 19 55 1 89 61 7 47 55 97 7 27 38 3 40 38 14 6 99 92 86 58 6 49 27 35 28 37 25 100 82 35 7 82 52 44 29 35 57 63 28 27 96 83 17 46 87 37 58 10 26 10 25 32 89 23 18 85 73 54 56 90
 97 41 2 22 15 60 77 62 67 84 6 92 54 14 41 24 3 61 42 20 64 67 42 58 5 45 56 7 3 45 9 84 33 23 72 7 69 66 5 8 26 8 14 97 85 24 25 49 64 77 81 63 44 5 78 9 99 7 77 73 92 49 15 57 88 64 24 41 19 10 45 59 93 25 18
 1 17 51 69 41 64 27 94 49 95 6 53 96 66 59 7 70 59 29 30 74 87 57 83 16 7 82 28 58 85 99 42 2 73 2 10 28 20 57 96 19 70 79 29 20 32 58 56 11 14 26 40 48 83 2 75 98 31 98 98 70 30 93 7 36 37 91 57 6 98 89 90 10 6 58
 23 10 61 7 42 7 14 13 85 79 63 29 59 34 85 77 92 47 29 42 10 3 98 49 57 63 76 93 36 89 17 73 35 67 75 87 76 32 18 80 86 75 56 60 9 75 46 82 57 57 59 80 87 24 37 70 67 14 39 40 25 12 70 97 23 54 50 40 82 4 34 1 89 35 17
 54 78 87 14 70 35 39 59 41 1 31 19 18 21 93 36 16 92 31 34 56 70 25 44 41 15 42 46 75 71 53 86 5 41 20 13 71 4 49 38 87 64 80 43 89 42 51 24 77 56 100 97 3 33 77 29 61 10 76 7 10 57 55 82 22 67 93 7 31 84 82 43 93 66 16
 29 79 36 1 13 22 91 49 39 32 17 28 15 99 27 81 6 72 66 82 27 33 82 74 15 40 47 44 10 15 28 26 6 21 60 53 91 40 46 11 71 72 44 54 22 16 10 1 6 69 63 87 61 23 80 37 63 100 73 13 74 30 43 78 50 79 54 40 6 23 58 42 29 24 3
 30 31 68 77 93 66 37 38 19 9 48 85 32 16 50 17 60 11 48 3 83 60 93 40 75 9 57 48 2 44 40 70 62 91 81 90 57 38 18 32 86 2 13 56 41 71 79 14 32 29 53 44 26 69 79 16 67 61 76 59 12 62 59 89 42 40 95 39 31 95 65 62 56 85 76
 81 18 87 86 50 90 25 8 9 6 93 45 81 61 37 96 60 35 38 32 3 27 19 55 80 71 93 27 14 13 75 40 42 66 90 88 48 10 13 98 98 22 43 58 45 47 20 32 70 84 1 42 19 71 87 100 52 66 45 77 11 12 18 29 17 72 33 72 88 40 58 76 11 89 20
 100 3 64 36 57 89 93 97 89 30 25 17 4 28 12 89 13 76 37 29 2 66 64 91 64 73 83 38 38 29 83 35 85 34 12 12 25 85 5 30 84 26 27 43 79 23 38 83 7 22 3 33 57 77 44 13 56 90 70 15 92 63 25 20 8 66 35 5 91 25 71 75 84 27 73
 58 34 30 57 55 61 12 19 25 41 35 61 98 85 40 10 83 81 12 6 39 39 53 39 6 24 74 72 78 55 19 33 87 91 91 48 27 92 46 36 84 16 20 74 36 5 22 28 57 37 31 81 95 12 97 45 23 2 71 12 77 76 95 37 92 29 24 82 75 9 63 41 66 94 90
 38 2 5 92 75 65 35 57 47 87 26 89 67 39 36 1 1 45 46 88 69 83 26 30 17 1 81 36 90 95 32 84 8 76 18 1 62 30 33 49 5 13 60 88 36 31 15 76 83 92 17 92 64 34 75 88 26 20 98 31 45 100 55 56 75 90 86 8 92 17 3 35 87 59 16
 48 76 64 56 86 58 35 73 45 100 57 79 74 20 82 3 57 6 87 96 75 2 41 51 95 10 13 73 8 29 20 83 63 94 11 98 23 58 22 51 69 60 9 19 40 11 34 39 98 93 43 56 43 46 36 9 27 2 81 33 62 72 33 94 5 15 84 31 50 76 44 30 20 15 84
 53 72 30 95 63 32 8 93 31 30 86 75 38 29 39 17 91 54 84 81 20 44 97 38 25 58 51 95 14 81 24 70 21 70 59 60 48 78 38 5 9 14 24 21 67 61 31 22 72 49 30 92 9 60 99 33 84 17 77 13 47 19 3 71 44 24 12 36 68 99 73 80 61 99 26
 59 84 22 8 3 25 12 44 6 48 85 74 48 32 49 10 50 24 31 61 16 3 65 15 72 54 88 43 29 17 7 47 65 65 67 43 71 18 8 56 19 38 65 34 21 75 77 59 20 81 21 71 89 15 66 10 96 67 40 62 30 76 32 31 90 59 1 31 27 45 39 40 73 10 25
 100 17 13 36 87 9 93 36 89 60 43 2 94 3 70 62 3 97 13 10 80 19 96 73 56 43 14 9 100 90 33 69 99 70 96 1 99 55 73 5 77 96 22 56 95 64 86 37 29 90 13 78 5 21 34 97 99 23 18 7 64 92 87 23 11 50 57 28 44 89 8 58 18 37 78
 22 6 53 92 55 19 83 45 30 80 71 48 3 80 100 24 9 62 22 20 22 9 33 77 50 62 87 6 48 19 100 60 41 66 17 46 69 19 71 27 92 57 46 60 52 90 52 41 75 27 49 15 46 41 30 17 98 70 21 85 80 24 23 6 33 21 58 43 77 51 89 15 29 93 2
 47 28 97 70 45 26 23 54 7 52 48 39 25 5 90 22 34 5 50 50 73 47 40 86 58 72 96 54 80 20 62 42 1 22 46 25 1 63 2 41 38 80 7 7 27 99 40 47 75 100 76 68 32 57 79 70 44 70 44 78 33 74 56 98 75 63 66 39 57 29 56 51 97 64 48
 9 78 92 49 82 52 29 56 29 42 77 26 87 31 21 29 11 64 71 70 5 52 90 79 84 45 27 35 89 42 88 12 32 18 97 35 89 41 84 68 63 49 95 65 89 44 48 27 18 88 76 35 100 85 40 10 53 98 92 16 68 97 2 47 89 13 54 43 88 10 52 48 11 26 76
 70 36 8 1 26 53 93 48 2 45 38 54 93 59 95 31 38 15 100 65 77 70 18 62 12 70 37 37 5 93 82 26 92 25 80 31 55 7 89 46 23 94 12 84 69 73 80 21 45 10 30 11 28 69 83 100 76 81 21 96 53 43 28 58 84 4 50 36 23 77 15 43 22 60 34
 73 34 88 58 86 92 22 95 31 46 3 47 83 77 19 1 97 36 12 39 20 27 34 86 15 95 26 85 4 65 37 99 75 61 96 76 18 12 24 8 69 5 19 77 44 54 6 70 20 56 62 61 84 99 86 26 54 62 73 27 65 96 10 84 23 28 64 51 51 40 29 43 20 61 22
 89 82 72 65 55 16 15 83 44 86 97 63 17 69 99 93 32 61 64 18 76 78 100 57 60 57 31 74 37 24 24 98 46 91 92 30 33 75 12 29 68 65 100 73 98 23 3 52 100 23 72 6 98 1 81 97 7 51 25 28 7 97 68 57 40 48 37 41 38 99 27 47 72 80 42
 52 65 1 81 59 41 7 67 24 13 33 68 64 53 52 88 17 65 7 84 33 2 1 49 40 73 53 45 27 47 5 83 21 18 63 21 84 3 74 26 94 1 33 21 69 83 9 47 66 71 6 86 65 38 76 75 96 39 87 41 19 45 66 36 77 92 48 6 41 19 75 40 67 23 100
 28 92 76 3 49 96 65 55 43 43 57 73 34 59 71 20 94 9 72 99 54 60 39 57 74 56 58 67 47 1 77 50 29 14 57 26 37 80 12 80 63 30 39 38 20 67 12 94 86 75 2 5 69 88 88 14 30 74 15 44 5 11 83 2 78 48 1 90 38 2 20 6 70 26 76
 7 33 29 20 38 64 99 43 89 71 45 42 10 17 37 27 81 49 28 11 74 90 37 53 52 27 33 97 85 88 7 35 94 4 23 9 51 10 28 95 28 83 95 63 22 73 76 6 97 89 57 3 96 37 14 67 20 43 8 16 82 78 90 17 46 7 88 66 53 85 46 9 17 49 83
 71 6 24 70 52 100 97 17 22 74 76 30 71 70 3 61 47 99 64 8 19 79 83 17 41 48 85 75 39 63 25 1 13 11 16 49 94 63 10 37 16 62 67 95 27 10 16 92 10 51 35 64 74 32 75 8 30 19 27 30 61 40 36 80 12 22 43 7 66 63 61 16 68 56 31
 22 60 6 6 81 61 92 72 40 18 64 11 76 2 18 2 79 93 89 55 28 31 5 68 60 1 4 2 54 39 84 19 24 84 85 20 18 83 53 62 55 5 85 40 68 78 86 99 91 89 47 40 48 79 59 45 63 15 98 69 88 4 72 44 28 95 34 15 36 19 3 32 2 49 1
 98 29 84 37 57 68 41 33 65 21 68 53 85 53 34 34 92 19 16 2 37 17 55 49 97 45 17 76 73 9 71 45 68 3 97 7 74 13 80 40 96 33 98 37 44 32 66 58 86 50 56 14 19 32 93 58 78 4 71 17 84 70 86 38 32 45 30 94 60 13 40 56 8 7 43
 49 94 53 57 92 10 66 61 66 61 99 52 94 100 56 77 52 37 28 75 99 90 16 3 40 34 38 44 41 37 70 38 37 12 70 27 67 39 43 75 69 84 81 16 13 89 82 54 98 61 69 96 15 36 7 44 12 53 40 26 34 52 80 23 38 80 73 2 97 78 18 82 90 9 68
 86 1 90 91 34 11 69 49 48 36 11 63 96 64 45 26 28 69 57 70 93 10 83 25 76 63 75 93 22 48 52 83 8 42 99 33 100 54 2 77 55 68 74 23 76 13 77 82 69 33 23 2 4 14 34 54 24 96 87 72 41 58 6 36 42 28 51 100 1 34 47 93 96 42 31
 53 82 13 26 83 45 92 77 9 58 61 46 79 10 46 10 34 98 91 50 81 47 20 45 94 70 79 59 94 98 21 96 5 42 63 34 62 61 83 3 69 13 17 62 31 63 83 24 23 84 18 86 70 47 22 20 3 15 9 12 54 7 20 25 68 95 28 34 9 71 31 8 27 62 92
 80 24 63 13 42 45 94 7 69 27 89 99 40 67 51 8 63 8 19 78 54 97 15 52 6 15 88 13 92 43 70 3 69 8 45 29 65 10 30 13 23 86 8 93 38 39 100 58 56 88 78 76 91 42 78 12 2 95 89 87 37 79 82 27 61 74 46 25 84 86 16 82 23 94 25
 94 60 43 93 10 79 82 12 92 4 79 52 37 94 81 65 69 89 61 44 47 17 62 54 51 19 39 9 91 2 58 74 71 34 10 77 52 70 93 70 51 83 24 70 1 59 89 42 81 67 51 94 73 97 29 64 36 99 14 46 63 66 49 10 51 71 62 17 15 6 39 1 60 11 85
 20 71 18 85 78 20 92 67 63 20 76 96 77 31 44 18 84 80 13 18 84 8 39 8 57 92 34 32 84 39 19 77 83 5 16 42 71 80 55 21 49 56 95 36 77 11 77 12 57 55 6 15 96 49 52 57 84 97 21 88 61 91 79 61 82 25 60 15 85 68 71 27 27 25 52
 65 55 80 98 71 46 64 43 77 83 86 18 65 37 35 51 90 42 55 67 37 79 89 66 89 72 98 48 51 100 35 61 52 33 22 65 57 47 31 42 100 91 78 9 27 94 81 51 54 54 100 59 58 35 37 24 20 3 22 56 68 40 41 21 54 58 74 15 40 56 59 25 24 31 95
 9 13 17 56 10 1 20 52 95 67 75 43 95 38 85 79 21 13 31 80 83 97 30 48 91 93 46 16 7 93 93 61 7 25 87 39 7 40 5 74 19 97 40 88 14 23 13 50 26 75 69 97 40 64 71 68 11 88 46 28 86 6 52 76 10 1 12 42 98 97 27 50 51 13 9
 55 90 86 43 47 38 29 17 96 58 93 14 22 15 68 22 30 9 44 51 24 88 97 54 66 40 45 93 74 86 19 18 1 14 58 76 67 10 34 95 41 10 75 19 69 28 74 7 41 97 66 70 60 49 46 35 61 32 63 44 61 43 70 19 7 6 88 88 26 86 40 61 54 39 45
 33 80 23 61 55 75 8 19 55 4 43 42 43 33 38 73 97 99 86 81 65 66 2 79 17 16 77 66 16 8 87 32 66 45 93 92 11 59 91 73 32 38 67 60 92 70 100 86 43 34 7 52 43 31 69 42 11 36 43 41 86 47 38 54 27 48 10 81 53 86 27 60 100 27 33
 36 50 53 79 72 89 93 71 89 97 74 83 59 55 80 88 71 34 68 25 67 10 40 54 77 62 54 80 52 29 66 99 93 2 2 17 81 16 30 64 32 68 60 100 10 9 67 85 55 23 85 61 13 69 28 39 65 44 86 87 44 11 82 29 24 99 20 27 11 24 52 4 63 89 75
 96 23 32 19 74 22 80 56 96 33 94 94 92 42 25 54 23 35 87 19 60 38 59 69 81 21 59 6 87 95 95 9 98 67 36 1 89 81 70 65 93 93 34 58 55 29 25 3 19 82 53 20 7 88 46 7 2 44 44 91 25 8 64 32 2 40 63 66 90 96 43 87 3 71 59
 2 83 73 34 69 75 99 83 57 48 94 82 32 80 76 24 1 66 85 86 24 95 88 4 17 91 57 94 55 86 36 18 82 30 11 76 45 3 87 70 45 90 71 42 61 18 3 55 35 3 37 70 74 70 59 29 59 55 22 1 7 76 80 7 88 19 7 16 82 41 37 82 20 90 54
 24 61 74 86 99 62 73 17 91 17 55 69 45 89 28 17 94 61 75 8 28 81 73 54 21 5 31 24 34 48 76 59 16 41 29 21 31 52 85 38 5 100 51 36 88 25 19 57 22 59 28 96 24 58 28 55 95 46 63 6 19 47 87 44 51 83 88 68 50 80 40 69 65 50 12
 28 34 52 54 80 20 100 90 72 77 70 16 60 89 40 86 29 17 2 61 82 14 12 52 53 55 54 55 40 58 73 49 45 51 33 92 26 25 24 61 40 66 70 93 53 31 90 31 47 84 13 58 47 20 62 32 40 56 39 26 99 21 63 99 72 14 90 60 77 60 42 26 96 54 79
 57 97 4 86 19 66 10 66 67 80 41 43 29 15 17 19 79 28 61 95 67 26 33 40 1 4 8 62 42 12 68 11 22 69 46 34 32 97 20 92 90 3 54 54 47 66 49 49 55 38 28 89 80 21 9 5 16 39 28 79 97 8 49 66 70 51 48 76 37 19 88 4 3 62 39
 47 79 46 74 95 94 27 12 58 12 78 91 11 78 84 84 17 91 22 60 99 90 62 93 44 60 70 19 88 91 88 79 23 25 71 90 36 21 76 72 37 58 97 53 20 67 14 6 85 17 9 5 88 45 98 55 73 83 36 90 39 69 70 6 61 67 86 86 38 53 85 60 90 38 98
 37 78 34 61 21 68 75 88 30 20 73 44 52 1 17 81 18 5 17 31 34 66 98 77 61 29 94 92 78 48 68 17 61 100 19 97 60 3 97 29 90 65 46 12 79 92 86 74 20 52 95 19 33 76 94 58 11 68 25 40 11 76 40 100 79 26 79 66 78 31 16 96 89 19 95
 84 22 63 64 90 64 76 87 16 52 14 31 58 85 62 73 75 51 97 65 23 34 78 98 21 10 25 64 12 27 86 38 25 27 50 93 43 32 96 2 95 92 49 89 43 51 69 96 95 95 45 27 50 80 40 69 58 91 7 100 30 82 35 87 91 48 59 43 10 72 32 69 7 90 11
 72 63 18 69 22 23 73 100 14 56 14 43 7 46 75 66 96 87 95 44 44 29 84 87 39 96 74 17 18 95 33 84 41 80 20 63 65 10 14 64 18 80 20 93 40 97 20 77 44 50 75 98 23 19 47 100 32 64 35 88 26 38 24 23 76 11 57 87 62 67 85 21 33 59 61
 91 84 80 74 40 1 97 56 63 71 98 6 25 40 68 68 2 12 48 27 77 55 91 34 9 18 99 31 75 46 73 43 67 52 66 45 80 72 3 71 92 78 35 8 74 43 98 31 54 11 61 87 97 44 15 51 71 78 22 64 6 83 21 54 89 18 22 56 67 38 9 52 27 23 20
 39 47 61 3 19 92 61 59 71 15 89 36 33 61 47 80 38 42 18 90 32 1 64 82 24 15 19 6 99 59 57 10 62 80 30 1 21 26 40 18 11 64 57 70 18 60 82 14 11 42 85 68 21 36 92 42 98 36 49 12 27 56 26 27 90 52 57 71 46 96 92 28 85 4 9
 37 34 28 15 87 20 68 61 22 63 63 5 48 9 3 41 16 9 5 52 17 4 74 20 20 50 98 26 37 22 7 5 2 67 81 13 99 97 64 92 15 88 29 65 14 2 63 66 42 60 68 96 64 17 14 24 75 76 61 24 52 86 43 13 5 13 66 37 6 89 23 43 76 21 90
 86 39 52 80 65 76 80 60 53 11 98 46 20 81 91 45 9 39 38 63 69 6 18 4 54 48 50 89 15 85 99 73 79 24 19 99 10 77 23 98 33 47 45 64 20 86 73 38 28 57 81 79 73 61 2 11 69 86 22 6 46 30 11 82 56 76 19 45 22 8 59 98 35 96 50
 69 60 15 61 14 37 62 80 12 46 84 75 39 74 21 76 38 97 33 34 33 75 9 8 35 70 81 2 32 39 50 88 55 13 20 69 2 2 22 59 48 90 35 22 27 13 1 15 7 49 64 49 32 85 75 82 42 91 41 28 17 2 100 33 69 17 16 35 56 60 69 34 98 69 60
 10 38 91 87 31 91 16 34 31 6 100 50 84 52 31 16 67 24 23 40 34 81 11 78 30 99 57 55 84 46 17 29 58 42 52 30 88 2 8 42 93 48 23 42 29 39 17 97 65 28 61 10 32 48 35 53 40 51 25 73 26 72 60 96 99 33 51 53 63 92 80 64 16 35 93
 97 69 19 27 51 11 18 61 31 8 53 6 29 27 32 34 51 81 93 73 71 66 86 74 4 67 8 46 17 68 48 64 65 63 34 85 98 20 33 53 54 56 69 97 62 97 13 11 17 87 37 16 27 3 100 44 53 19 52 5 86 64 84 98 67 14 39 66 88 55 45 32 10 5 89
 70 14 85 17 29 58 61 90 84 97 74 75 24 42 13 95 79 69 1 21 13 33 34 8 69 33 4 63 25 18 73 54 33 94 18 71 12 8 38 13 71 75 44 79 46 19 81 43 20 11 63 78 93 8 63 81 37 44 59 80 59 24 43 77 77 71 96 86 13 47 63 80 14 84 76
 81 51 86 98 95 31 100 90 81 39 34 39 28 65 22 18 50 66 4 38 94 52 57 53 91 75 17 80 13 39 92 33 48 32 79 15 37 99 94 26 5 78 71 31 38 65 79 43 35 55 8 43 72 8 13 27 22 90 72 55 33 80 1 12 76 9 38 59 40 91 3 9 9 45 83
 92 7 85 55 46 43 58 13 79 32 24 73 64 23 89 89 16 16 43 92 23 80 18 61 85 7 67 55 24 63 38 80 60 70 67 56 17 50 14 81 37 64 59 17 23 79 3 25 83 95 55 45 53 56 49 49 63 18 65 45 18 18 17 99 42 20 88 20 2 31 17 32 97 16 76
 64 81 90 52 88 74 11 49 19 24 55 37 86 83 32 19 63 78 20 22 84 32 14 74 97 80 40 72 97 44 91 68 37 27 93 30 48 29 52 59 23 55 87 13 43 41 17 37 3 46 73 78 85 46 77 47 55 31 80 33 20 99 58 45 6 25 31 21 33 55 73 75 31 89 48
 22 26 96 27 5 11 45 66 95 7 75 26 54 5 37 85 8 32 93 68 67 11 50 5 67 63 14 79 13 11 89 96 23 22 77 52 14 17 34 73 61 94 35 82 64 36 2 29 51 29 1 34 87 79 29 41 27 75 70 100 21 4 5 47 48 57 86 48 55 48 4 45 39 53 21
 61 97 88 20 33 8 22 99 62 14 62 43 89 57 7 89 86 61 32 65 56 31 62 1 22 24 43 76 96 65 84 43 42 93 84 24 49 90 80 26 99 26 69 92 62 10 97 64 49 29 93 40 81 61 98 68 48 42 46 25 11 23 72 31 67 34 48 20 26 41 19 100 56 1 79
 80 87 55 70 24 93 62 14 83 18 31 14 37 72 60 49 20 94 4 24 39 13 72 99 2 20 23 93 19 51 88 35 77 95 68 13 33 28 66 5 27 65 84 38 76 5 70 13 98 77 98 5 11 20 73 55 81 48 33 61 81 71 7 65 40 99 16 20 78 7 90 19 51 22 40
 2 17 50 32 91 95 15 28 60 18 51 39 14 95 85 37 39 52 50 65 29 44 6 36 35 5 52 29 90 59 7 74 13 4 64 65 35 42 31 7 66 41 52 88 69 26 59 13 58 1 69 32 36 7 70 97 3 6 84 50 13 14 41 86 46 29 51 65 67 55 20 100 59 35 42
 27 32 79 73 27 100 55 1 26 17 80 74 3 20 91 20 19 33 21 89 64 66 79 68 28 11 38 79 89 99 52 13 44 55 59 51 69 81 37 35 57 83 24 15 40 87 17 59 46 23 5 38 21 29 36 28 16 79 28 1 25 58 8 6 20 23 39 20 56 98 27 39 79 42 31
 25 12 29 54 7 47 46 49 38 70 24 59 3 15 47 10 53 73 56 89 36 53 23 63 38 59 48 85 97 62 41 25 76 78 81 94 31 2 81 71 26 89 90 15 64 33 21 49 66 22 92 45 62 48 65 57 60 92 35 67 77 37 23 42 41 37 94 71 20 88 65 94 62 25 36
 28 29 73 16 14 41 21 97 96 41 34 36 70 76 56 65 41 81 1 30 83 85 63 97 10 31 51 85 7 15 6 65 40 45 11 65 51 31 16 47 41 54 62 38 30 3 87 51 60 50 5 66 7 46 84 25 86 79 22 19 25 21 64 48 61 89 10 96 78 63 79 43 81 55 91
 16 77 44 47 27 9 64 68 39 53 6 92 32 22 64 47 72 50 87 39 15 54 27 61 40 79 57 71 96 32 67 83 98 92 12 68 88 91 61 24 37 8 95 96 87 51 64 1 31 20 42 92 53 3 63 60 82 55 79 3 67 45 54 38 34 61 70 2 56 71 61 95 40 17 14
 37 37 31 7 88 38 32 33 13 94 95 20 20 91 98 37 51 44 92 83 61 99 99 44 85 97 63 92 42 50 11 89 57 97 86 30 71 41 50 100 75 67 88 2 13 71 69 18 44 21 5 46 15 51 45 49 4 24 59 61 96 39 78 73 96 37 32 64 39 30 46 73 80 93 44
 7 80 76 13 58 7 69 21 26 43 42 75 66 86 28 8 24 42 51 87 70 2 17 89 22 50 8 88 54 25 72 96 39 50 1 99 22 2 52 67 36 33 15 79 48 23 66 70 31 21 22 61 33 79 41 54 37 7 39 93 79 27 22 5 84 52 4 95 64 52 82 56 95 75 89
 38 100 10 14 80 23 88 64 4 36 68 80 61 41 90 18 45 66 38 96 7 22 11 1 66 72 41 2 94 24 80 37 8 67 64 17 31 27 95 46 12 10 71 71 16 53 74 62 1 98 35 21 63 80 66 45 65 51 34 47 93 64 54 55 98 25 90 30 80 22 35 3 25 65 82
 1 25 59 5 95 55 91 19 81 89 63 78 55 23 33 62 65 16 28 14 36 98 46 26 66 94 86 27 58 46 22 40 26 9 18 35 43 27 55 52 92 16 2 69 66 98 10 45 77 68 42 27 68 8 45 42 29 45 84 75 89 81 83 34 75 88 50 42 3 19 16 13 75 43 15
 24 78 29 52 92 54 35 30 47 73 58 79 89 86 19 61 38 44 80 67 26 45 63 63 44 90 11 29 77 69 23 63 57 70 16 57 18 33 17 36 86 38 16 4 39 38 86 49 54 33 31 95 62 76 10 49 32 19 20 36 47 50 54 39 57 73 65 62 95 25 54 82 5 46 63
 86 25 84 4 3 30 78 1 93 41 95 77 95 85 9 68 70 41 24 24 68 24 68 29 26 51 63 14 22 12 85 30 77 55 87 69 91 79 56 37 32 34 89 34 33 73 15 43 49 50 90 97 50 85 83 69 23 96 50 98 7 74 31 84 1 47 50 84 23 31 28 26 90 71 1
 38 32 36 21 46 9 42 63 6 33 19 95 8 26 92 88 16 7 96 17 50 14 37 65 82 71 41 75 71 91 28 85 63 46 4 96 73 76 64 14 10 16 21 38 18 98 99 5 44 38 66 97 63 70 82 47 30 89 60 47 81 4 69 66 53 44 52 37 10 12 94 53 67 29 56
 63 3 87 32 40 54 83 9 82 60 35 98 81 63 73 65 44 94 12 97 54 97 43 57 3 58 27 89 38 69 31 40 57 4 81 19 33 52 42 64 40 8 66 78 95 84 46 89 74 54 86 69 89 96 60 55 99 74 22 85 52 46 35 56 66 11 1 13 15 68 33 89 99 22 23
 99 35 52 95 6 48 31 51 70 35 84 85 49 83 77 100 52 95 9 49 12 3 98 74 93 34 72 37 17 30 37 13 70 35 16 4 54 16 3 49 92 73 86 6 24 19 11 58 16 44 96 93 49 47 22 9 89 46 18 52 4 7 38 34 25 26 99 81 91 100 32 80 69 80 85
 46 27 98 77 18 79 35 56 69 93 72 57 24 46 27 46 22 91 91 10 76 92 81 12 53 1 77 52 76 48 92 76 14 48 32 38 39 66 74 99 2 36 26 95 69 62 26 24 43 54 91 27 93 33 52 15 33 47 63 61 50 98 97 67 31 89 86 28 48 2 79 26 71 4 65
 91 36 38 41 75 45 71 16 17 81 66 3 58 22 17 76 39 5 16 73 26 32 19 15 26 34 89 51 22 39 83 38 8 91 90 64 41 43 31 88 49 6 30 18 97 18 91 12 70 18 16 24 53 4 56 97 34 54 48 69 84 20 73 95 61 28 17 19 27 75 46 42 40 27 20
 85 100 42 16 100 11 40 23 68 14 34 20 87 26 22 69 48 18 85 39 100 99 32 27 85 62 69 36 38 85 36 100 38 98 38 98 82 90 3 44 25 47 76 54 82 95 71 37 39 88 67 74 26 1 52 71 74 58 37 81 41 8 61 59 12 93 63 10 18 60 69 84 18 41 83
 9 64 42 81 96 39 75 6 6 72 65 25 45 39 4 90 43 61 40 91 95 69 73 20 98 54 3 16 97 76 91 19 80 44 30 30 49 78 72 54 24 84 9 45 71 9 77 75 23 4 66 28 17 84 68 36 24 27 59 13 65 33 28 72 32 47 81 70 49 5 36 58 2 90 17
 15 13 75 50 25 6 38 87 26 5 95 17 81 32 83 76 19 62 28 40 92 12 56 54 22 43 71 87 50 52 92 8 92 79 46 63 63 31 38 98 68 40 33 41 89 9 96 37 96 16 24 86 10 44 85 35 72 38 13 100 48 53 5 51 91 30 93 24 38 54 78 12 28 11 94
 1816 608 5861 6086 1044 4925 4294 2129 1483 5237 4154 3151 2881 6739 1619 6078 3508 1564 206 2021 1524 3769 1938 1914 592 1849 4 5517 1233 2774 4323 1129 7309 4463 234 6499 6994 4144 6952 4627 4736 1114 1974 4976 3735 4857 4331 3514 5584 1648 2297 5144 814 2758 2676 2372 4030 6184 4718 4198 6565 7480 577 7028 2397 1372 1682 5360 2668 4254 1038 4587 3375 5378 2955 399 4378 3944 6494 5780 4285 5783 1070 2430 3453 564 2808 715 2404 6092 2015 3599 618 4184 5189