124 104
 11 41 42 84 80 79 22 74 77 28 19 31 74 16 73 21 31 85 6 99 29 31 16 61 24 20 91 50 78 48 12 69 77 38 10 79 11 58 39 42 27 38 83 79 95 20 84 58 77 34 54 89 51 14 63 91 59 4 33 19 78 72 45 49 71 13 4 80 98 32 41 25 12 36 26 72 13 50 80 53 81 10 78 74 89 20 39 31 21 34 34 86 45 37 31 10 80 54 37 69 51 28 14 98 80 17 48 28 33 42 58 23 96 2 61 78 54 15 63 2 81 95 54 28
 48 64 99 85 86 64 64 76 11 28 71 67 93 15 54 52 30 85 23 82 75 72 90 95 16 40 19 83 95 31 16 42 82 33 10 3 79 31 56 47 26 58 68 81 11 80 85 66 21 50 45 93 55 3 2 48 54 25 25 2 30 19 96 38 13 43 61 57 88 94 25 48 69 47 93 3 37 44 50 36 12 57 61 84 3 87 33 15 51 77 6 70 54 72 21 100 86 8 61 36 1 15 27 12 47 9 40 26 45 68 64 96 97 16 14 29 34 95 33 3 62 24 52 12
 68 46 23 59 68 47 30 100 83 57 20 78 84 100 44 47 62 8 42 5 87 27 14 48 24 18 98 76 14 46 46 20 16 14 4 77 11 63 23 68 96 26 85 72 97 72 57 36 93 7 55 100 43 14 15 100 67 8 99 52 62 49 88 22 22 86 2 75 35 16 5 87 10 36 82 96 28 57 27 46 83 45 87 70 54 35 71 75 27 17 17 65 97 35 5 45 19 88 77 81 92 22 95 100 5 85 35 48 27 12 42 28 15 42 66 49 66 45 73 15 45 95 41 75
 66 69 39 10 49 41 3 13 57 9 66 28 50 73 64 51 69 62 54 33 27 80 72 16 67 36 45 58 27 96 93 44 5 41 3 67 86 17 32 40 54 19 24 22 39 55 54 4 35 66 57 43 84 94 96 35 98 98 83 69 32 49 100 12 43 31 14 98 12 72 20 27 99 26 77 79 47 38 83 70 79 43 7 32 60 25 41 21 23 12 81 71 26 63 7 84 72 76 50 78 40 10 37 25 7 41 62 21 30 46 4 11 17 32 14 74 75 72 16 71 76 58 60 29
 39 94 15 75 9 56 7 51 96 28 33 6 15 65 21 28 24 4 28 44 72 31 88 12 54 100 6 58 82 89 52 53 27 66 93 40 42 61 10 49 56 57 94 92 97 9 50 80 49 62 73 81 67 66 88 38 32 30 35 46 32 45 57 61 4 88 11 22 36 89 41 16 38 35 75 59 29 59 78 18 65 43 56 58 78 87 95 22 90 55 49 37 51 9 1 48 19 83 68 28 67 46 74 72 35 11 53 8 69 75 9 68 80 76 3 82 91 64 74 70 8 18 60 55
 48 48 90 44 11 91 5 55 16 75 93 10 57 54 40 58 13 9 49 92 24 43 20 40 38 34 42 37 16 87 77 79 99 2 78 25 94 39 18 3 79 7 4 61 26 57 28 57 82 25 19 50 74 85 86 19 46 81 1 84 37 61 25 70 79 96 17 78 37 92 70 6 92 99 27 30 15 10 75 22 46 81 14 78 40 81 85 21 18 1 89 59 92 98 16 28 5 9 54 24 47 90 62 10 4 74 70 2 28 94 54 39 20 35 35 74 36 88 53 85 8 90 2 59
 42 61 21 40 31 29 55 91 69 33 80 84 17 64 54 63 79 66 78 27 28 25 80 98 44 45 54 3 72 67 76 40 9 14 7 99 40 31 3 38 75 17 40 26 92 30 37 77 20 41 74 44 84 73 73 93 86 29 61 97 80 97 96 35 1 81 34 71 50 54 80 5 10 83 12 89 2 83 93 43 43 83 16 46 5 72 80 11 46 86 21 72 89 44 95 66 62 56 55 49 28 22 17 21 60 63 6 32 1 64 4 89 90 59 58 91 36 53 99 85 64 83 56 99
 96 58 53 7 86 41 20 69 75 31 70 8 41 85 55 43 22 50 73 10 78 45 16 40 47 8 22 38 28 53 63 83 19 31 53 21 60 60 1 24 57 10 54 88 89 44 81 50 98 59 42 30 5 74 76 62 75 39 4 92 48 96 73 51 18 36 16 55 43 60 1 63 58 31 30 67 64 28 40 58 50 65 22 79 17 83 49 30 71 20 28 90 3 82 8 86 17 85 51 98 59 39 96 33 98 4 97 76 71 40 91 53 50 69 39 45 66 79 45 24 43 91 17 95
 15 4 4 82 60 1 59 30 34 14 58 34 61 77 61 29 77 46 76 7 63 68 96 64 68 51 86 63 13 93 71 3 83 38 87 30 87 82 15 39 30 74 91 24 40 33 58 43 20 31 60 89 5 75 30 40 32 95 87 38 33 93 57 35 92 69 66 11 46 83 27 100 78 76 28 32 87 82 66 28 30 97 76 51 36 15 87 75 44 25 57 81 70 100 12 100 68 21 65 2 92 92 58 27 84 54 50 51 60 63 7 79 98 76 60 35 71 29 78 90 47 62 26 30
 98 72 90 27 65 81 75 38 74 40 66 27 37 5 25 81 59 16 24 84 25 94 95 58 63 77 62 68 12 86 21 27 98 35 74 83 97 99 5 46 3 28 30 34 12 40 73 93 12 7 24 87 60 34 38 21 13 79 33 44 55 74 38 59 8 88 42 17 83 72 43 33 29 67 10 19 35 70 14 24 77 86 62 100 94 48 19 79 30 80 68 64 16 15 5 55 67 11 78 72 91 48 76 42 63 62 30 88 91 14 51 26 48 12 87 15 61 72 50 74 100 30 31 98
 10 37 26 100 74 60 87 21 55 63 61 100 26 64 95 14 55 43 97 55 7 70 17 5 11 30 27 74 75 62 90 97 48 83 85 46 86 28 16 22 83 92 26 25 45 32 27 28 43 61 98 16 64 1 71 20 96 97 73 52 80 11 82 46 86 65 97 43 41 82 28 5 13 21 42 15 21 79 62 88 19 46 22 38 2 33 14 13 91 72 62 37 6 38 95 41 57 55 41 32 20 40 72 57 45 58 35 80 6 59 30 65 62 87 58 18 3 38 2 18 64 78 95 38
 86 2 6 4 95 20 78 15 62 79 35 88 84 21 25 30 93 91 56 22 52 82 99 40 49 47 15 5 45 88 45 76 68 75 32 84 81 67 2 55 27 75 95 68 11 98 63 61 45 91 31 38 12 98 22 41 41 90 93 92 50 92 17 51 25 78 47 74 75 5 8 81 46 98 62 69 51 100 13 97 92 95 81 86 36 57 67 23 71 45 14 43 43 33 28 74 81 36 74 55 100 90 25 2 82 74 4 46 34 61 42 20 53 64 82 16 67 3 58 4 82 56 95 76
 25 98 10 88 39 35 2 84 48 85 69 66 100 60 21 63 67 61 98 69 78 89 55 55 32 84 98 65 17 64 52 50 21 50 65 95 17 50 3 56 49 84 30 16 46 44 5 81 22 35 24 83 23 75 44 43 17 70 67 44 76 20 11 40 51 74 39 68 77 60 24 15 33 81 3 62 70 2 69 79 17 30 37 5 88 14 65 23 9 17 55 99 62 67 83 99 57 50 80 85 90 20 88 51 66 2 77 43 27 90 84 49 74 13 63 17 30 94 52 33 2 95 48 74
 91 22 31 78 49 85 85 95 89 8 72 92 50 54 55 33 32 37 3 71 63 3 18 57 90 77 76 46 29 93 22 6 19 56 4 29 40 75 26 4 17 52 74 96 6 46 90 96 94 72 11 87 59 92 99 55 5 15 80 72 54 10 18 91 88 59 37 3 69 97 90 1 19 80 65 21 36 33 53 32 87 30 33 29 2 88 41 2 99 19 49 55 18 15 92 15 45 1 56 21 42 46 27 79 55 82 45 50 66 72 92 52 16 82 99 91 77 27 80 61 80 54 43 70
 94 93 61 8 47 93 18 80 87 30 69 64 28 9 3 80 66 23 25 54 91 74 8 14 70 65 22 3 37 72 20 79 31 97 24 36 94 27 93 9 73 4 54 95 99 77 56 35 26 38 20 61 43 25 74 90 22 37 96 69 98 58 99 44 8 4 59 3 53 99 64 65 48 3 56 81 51 95 85 95 27 80 83 100 87 52 11 88 32 55 11 85 78 49 45 89 88 58 80 74 4 63 81 66 12 39 31 56 75 17 61 32 70 35 92 84 89 97 25 27 90 66 70 1
 50 96 100 76 67 36 90 81 75 7 87 32 56 47 65 46 92 9 41 35 48 34 24 53 87 20 91 84 96 44 48 97 35 40 83 49 63 94 76 47 99 53 7 48 39 64 4 36 17 13 82 48 26 5 69 91 59 9 10 82 89 89 14 43 90 28 35 84 73 34 34 99 82 8 35 18 40 5 18 53 48 87 59 64 7 35 98 10 72 26 84 71 67 18 55 7 89 82 4 64 43 83 2 29 83 61 22 47 2 26 100 60 13 57 39 11 87 85 72 10 95 66 34 59
 30 89 88 62 29 48 5 86 66 96 72 13 19 96 10 95 97 94 19 16 14 40 24 23 52 8 88 45 1 94 12 77 16 50 26 83 36 18 100 92 54 39 12 93 34 12 42 56 91 95 49 71 89 64 78 67 87 9 19 78 49 50 16 92 95 56 44 72 32 27 53 67 68 81 10 17 81 87 14 45 77 16 9 97 40 61 43 42 80 28 89 29 64 96 7 91 37 39 33 91 22 28 20 61 91 61 75 46 56 59 71 29 27 75 31 92 80 18 13 84 5 48 54 2
 76 41 41 22 71 77 35 75 60 25 11 91 60 86 18 34 3 46 43 51 63 23 82 42 98 75 17 63 73 65 41 63 76 5 53 2 25 72 1 82 53 60 60 52 38 30 91 47 59 26 19 75 100 14 81 74 70 30 40 87 60 64 42 76 54 93 33 73 77 39 4 40 56 42 75 10 29 22 36 3 9 81 27 55 31 66 34 30 92 54 61 23 87 79 44 97 24 21 62 28 17 80 19 54 71 22 64 12 52 14 53 86 3 24 9 45 88 47 60 12 48 11 44 79
 27 15 54 41 6 41 96 44 87 18 79 92 69 37 46 100 79 81 12 78 27 11 82 68 26 52 57 31 37 99 100 46 27 53 27 59 99 26 79 21 38 62 93 85 87 46 22 46 56 45 96 11 52 55 92 96 63 7 43 87 16 48 59 70 67 69 97 85 67 68 51 59 85 31 34 13 50 88 42 39 97 93 9 33 80 88 32 40 25 69 48 56 33 99 46 66 3 76 89 42 49 22 20 60 59 14 62 57 80 49 65 83 26 62 11 49 58 38 12 13 86 46 13 56
 96 6 68 54 89 95 95 6 65 22 19 59 49 72 18 12 83 75 49 32 87 40 74 8 87 32 88 88 38 62 41 26 11 52 93 88 68 63 86 28 84 69 94 49 12 85 65 73 15 22 18 61 12 28 20 47 92 8 81 55 14 55 28 77 53 51 47 15 34 82 34 63 22 65 94 30 62 69 79 29 85 67 7 56 50 85 4 97 68 68 70 80 5 37 94 47 70 4 91 49 82 72 79 31 24 32 37 18 29 91 93 69 34 97 40 29 2 40 35 78 25 88 98 71
 68 61 19 26 49 17 70 13 11 16 94 51 92 27 95 64 48 12 92 94 77 84 14 15 49 27 51 43 92 19 57 84 77 53 16 10 98 38 48 41 77 84 43 53 76 49 11 87 33 23 52 2 74 99 79 3 77 57 6 41 69 28 79 59 55 2 7 70 43 94 64 53 18 9 6 9 56 97 69 78 81 73 94 45 18 79 23 55 67 42 93 94 49 91 18 89 85 35 21 89 73 23 81 74 27 25 1 60 14 97 29 1 25 44 67 44 10 40 10 30 38 44 93 21
 36 71 79 92 71 33 91 58 99 60 22 4 44 43 23 57 63 44 58 27 8 98 24 78 15 90 17 15 96 61 67 40 58 60 47 67 20 63 20 57 17 7 79 98 82 22 14 34 77 57 56 84 14 97 40 38 37 6 2 46 62 52 18 52 53 57 85 38 42 45 21 53 73 21 10 17 72 65 83 25 42 5 77 42 5 51 43 31 71 60 51 58 7 14 7 95 94 99 43 47 34 79 76 28 67 78 98 2 33 70 76 37 27 52 26 78 35 35 99 26 55 12 49 92
 96 22 90 30 92 14 87 21 38 79 95 7 81 19 96 77 40 4 38 68 14 24 92 100 70 56 57 66 15 58 72 44 11 21 56 51 52 56 15 50 60 51 19 39 69 24 49 90 28 7 4 29 1 30 94 57 72 44 52 38 36 99 19 53 52 10 76 13 27 81 99 49 99 78 31 63 40 52 18 83 43 22 69 63 94 28 52 61 37 43 86 86 10 25 77 55 18 89 5 44 80 83 81 54 49 71 5 8 36 1 39 96 100 19 35 79 64 59 11 68 67 28 50 55
 5 89 64 36 33 15 24 25 70 26 91 33 22 61 55 61 32 52 73 65 6 93 65 5 79 91 65 8 30 99 29 47 12 13 1 44 35 78 39 69 81 58 34 42 79 73 7 89 25 72 1 58 87 29 12 45 52 79 25 78 83 42 85 53 31 55 54 47 64 9 38 20 67 30 95 38 82 84 98 39 69 4 61 2 55 29 85 90 35 24 10 2 19 81 64 47 36 64 15 69 54 83 98 54 50 89 73 82 77 48 39 56 66 6 22 77 39 70 89 27 76 71 22 13
 25 87 15 48 12 97 42 44 31 43 16 97 61 9 77 16 85 20 11 34 97 7 58 43 87 14 56 56 25 69 90 9 43 50 68 56 32 90 34 71 16 80 44 89 34 73 29 48 14 3 88 87 6 85 14 38 31 60 75 43 76 92 59 50 68 35 81 71 52 19 47 7 71 100 4 25 40 22 23 85 7 29 4 24 78 78 37 30 25 54 4 14 94 94 91 78 33 26 34 6 61 29 55 67 80 82 84 66 79 50 40 81 80 35 48 71 44 42 67 80 18 4 35 56
 14 1 62 60 1 75 57 42 30 51 49 6 21 2 21 48 95 95 55 94 85 39 50 99 14 13 81 68 41 96 96 9 92 91 8 40 28 49 54 72 63 76 35 100 33 97 88 5 1 83 14 96 34 51 93 24 25 2 25 12 68 95 91 66 85 10 99 92 58 69 58 74 38 80 37 98 97 7 46 25 26 8 57 70 87 46 73 8 6 66 36 77 40 19 3 24 55 46 29 65 43 63 35 56 78 82 89 55 66 14 75 50 82 83 50 52 16 10 66 95 24 79 46 96
 81 49 3 18 27 99 84 52 30 2 31 6 29 2 33 16 38 71 53 56 22 65 45 93 6 19 16 90 21 33 54 60 12 15 100 73 18 35 99 89 24 93 28 52 76 34 82 23 51 94 6 71 21 38 96 69 86 8 52 70 86 4 46 86 52 97 45 34 94 23 86 93 71 100 34 92 21 68 32 54 61 38 79 88 68 81 3 20 76 93 20 61 98 43 36 93 26 53 76 100 57 77 62 88 57 66 81 55 77 27 9 63 34 53 92 34 15 57 86 24 17 94 40 97
 54 59 41 77 76 92 37 57 84 61 55 45 95 27 45 2 61 49 99 68 47 32 97 52 8 95 87 3 46 34 87 83 29 34 14 64 75 4 97 9 70 61 81 35 37 88 99 18 62 1 26 85 47 92 5 58 76 98 34 8 75 36 49 69 1 53 51 26 47 73 99 28 1 81 53 14 21 23 66 8 56 3 21 41 97 90 100 42 80 30 47 87 66 46 63 49 55 16 68 29 1 30 86 9 94 50 44 15 29 43 2 51 56 72 14 76 60 34 59 62 84 53 34 87
 29 53 52 28 68 52 82 81 88 40 1 97 10 43 91 41 50 70 20 73 6 82 37 55 28 57 27 30 82 73 81 90 51 59 89 28 62 88 70 39 61 63 70 30 94 33 96 56 75 51 20 98 24 10 35 19 16 18 18 56 82 1 10 12 68 64 26 12 65 66 64 64 3 63 67 47 75 67 31 34 36 72 72 9 90 28 41 94 95 84 66 28 64 3 40 32 43 34 25 21 8 97 64 20 5 91 25 35 10 1 61 47 4 99 4 17 42 31 85 36 73 17 35 55
 89 10 25 23 68 85 60 28 32 40 76 69 13 95 10 86 35 98 81 64 89 91 78 16 38 52 36 40 9 19 16 17 59 32 42 90 33 84 77 94 54 97 52 29 46 19 13 89 57 48 63 73 3 37 7 25 9 73 82 67 35 99 88 11 67 49 95 90 34 89 84 7 43 24 15 80 26 94 81 63 72 39 49 22 44 6 67 19 51 5 42 30 70 65 43 88 25 43 28 44 81 59 34 28 65 44 96 53 100 100 18 73 18 59 4 92 28 18 83 39 63 63 73 67
 24 54 68 76 55 54 67 53 37 31 48 75 96 71 41 86 22 75 73 39 2 1 18 29 55 83 83 94 25 15 100 65 80 70 64 15 12 25 94 42 37 25 4 77 55 30 59 9 1 24 36 20 89 43 41 5 37 47 23 81 84 55 14 56 92 42 33 1 44 92 63 61 33 47 23 63 55 65 91 63 59 19 53 83 74 9 77 6 88 73 88 47 89 40 10 9 33 82 1 5 87 36 30 49 74 22 65 18 36 37 3 26 19 68 58 19 43 72 34 69 10 10 16 84
 1 86 2 50 89 53 28 8 28 27 24 78 94 51 83 15 85 45 55 20 4 98 40 35 20 99 96 9 96 46 47 92 52 3 20 2 39 27 12 94 46 3 39 57 94 90 40 56 13 46 52 77 79 13 33 99 19 98 35 76 47 86 15 19 41 31 68 82 81 92 55 81 64 80 13 91 6 20 34 13 49 2 12 25 19 36 9 32 34 23 40 66 13 18 34 96 20 31 65 19 57 85 71 59 69 11 54 76 18 92 22 96 25 84 39 75 39 52 25 85 63 91 57 39
 45 83 87 86 60 60 53 71 28 59 19 19 14 63 53 76 58 97 66 37 45 33 29 9 84 53 78 8 91 44 48 46 28 72 9 83 8 72 35 22 49 7 57 51 3 60 62 29 88 9 63 65 11 82 45 34 79 19 66 51 44 67 5 44 98 19 26 3 39 57 26 64 90 94 95 63 66 21 70 4 37 78 22 86 22 60 3 12 1 70 6 27 13 36 89 44 86 98 56 30 85 40 64 24 36 84 65 56 54 68 1 31 71 30 68 45 16 33 56 32 93 87 17 33
 56 2 85 4 80 15 6 44 9 19 100 25 86 50 13 24 80 4 76 95 87 25 63 35 27 3 51 91 10 72 36 91 89 14 23 76 21 93 61 96 89 53 39 57 53 33 76 30 7 15 10 26 70 59 94 17 66 84 93 82 31 16 51 6 69 84 8 1 12 84 72 73 21 5 28 25 23 47 13 15 58 37 44 31 78 40 71 38 37 40 34 98 59 51 20 66 74 1 4 10 63 93 22 10 99 95 14 74 11 87 78 18 81 84 4 76 88 98 18 15 38 33 50 58
 26 30 72 23 16 13 92 16 65 84 71 93 41 10 42 81 54 100 86 41 13 26 63 79 100 83 92 48 52 25 86 85 89 46 66 80 52 68 30 76 63 19 43 14 99 20 64 89 62 48 13 39 92 56 7 88 27 46 94 89 58 26 13 30 29 34 6 79 30 62 15 25 36 78 79 100 100 63 81 20 100 55 83 37 62 7 41 51 87 56 24 29 86 8 1 46 69 57 42 66 19 78 50 84 48 59 94 79 76 54 81 83 2 24 93 1 22 47 82 62 1 56 94 82
 92 72 82 30 83 23 92 32 16 44 46 18 29 42 84 75 14 2 57 28 85 43 32 56 59 77 94 53 2 31 73 83 37 89 81 20 3 44 39 63 30 26 56 99 55 50 53 89 98 37 21 7 43 66 34 37 13 23 60 94 83 11 37 21 99 78 60 95 71 82 9 83 49 39 62 7 5 65 76 13 48 49 76 56 78 8 40 26 33 21 76 79 91 55 7 99 26 34 61 93 34 58 66 3 77 40 5 100 28 99 66 75 15 31 78 41 13 1 73 68 13 78 60 45
 98 96 5 29 4 81 35 54 81 25 10 59 49 74 16 65 100 46 24 48 57 68 26 41 52 19 27 1 16 97 39 26 39 26 61 64 82 58 29 41 62 59 100 90 47 31 63 12 30 50 21 39 24 50 1 63 4 15 69 37 9 100 86 70 39 94 38 72 10 30 20 84 96 30 25 11 8 71 86 90 79 15 68 96 31 30 15 71 88 42 88 82 53 57 13 9 47 5 43 48 57 9 69 96 3 30 8 9 34 42 10 20 56 50 46 70 72 24 28 66 22 98 41 28
 20 23 11 2 29 43 60 19 50 95 51 23 84 64 49 95 88 68 61 75 33 74 7 54 90 12 70 83 52 39 38 82 13 43 30 72 61 3 99 80 46 24 3 8 58 25 75 44 27 41 93 69 12 38 11 65 18 51 8 92 60 76 49 46 49 70 20 39 94 96 29 9 30 34 8 1 34 97 2 80 80 38 97 36 90 80 73 32 95 28 56 66 17 18 98 45 9 89 59 47 65 59 62 38 46 56 49 22 25 81 10 35 68 47 27 62 19 87 26 72 37 90 1 78
 47 21 34 76 18 81 31 2 75 99 43 65 77 79 80 23 88 44 51 74 64 12 82 83 15 46 96 30 7 14 13 57 76 95 30 62 41 85 63 82 13 42 42 67 79 86 68 53 76 43 16 52 41 88 14 30 21 32 62 22 33 50 88 54 1 38 77 68 94 48 53 74 46 16 1 98 70 59 95 90 80 36 33 34 22 64 15 89 6 23 72 32 5 10 20 85 65 52 89 59 89 98 7 73 63 97 24 12 14 92 57 74 90 5 24 94 88 5 40 77 82 54 51 57
 55 56 24 100 36 24 69 22 42 51 84 63 66 96 49 99 70 59 84 68 51 5 65 50 52 35 26 16 37 50 3 10 42 38 45 27 32 36 76 44 81 57 71 72 12 83 46 89 83 17 4 96 57 76 33 43 91 1 43 97 96 55 8 4 57 22 9 29 82 32 38 78 81 85 95 18 23 46 64 74 74 29 62 63 64 72 13 17 27 53 14 4 90 44 35 28 14 72 76 94 92 7 51 75 10 6 71 89 36 51 51 7 73 31 10 51 49 21 77 24 41 92 47 86
 71 41 63 71 49 4 52 4 8 51 55 30 55 29 91 78 83 37 11 32 17 26 21 22 26 54 38 28 70 88 89 97 69 71 50 80 64 98 97 59 10 80 89 94 53 45 42 53 94 92 71 53 66 89 61 34 49 85 88 55 4 80 64 68 63 51 84 8 87 93 26 10 73 28 87 54 79 27 94 9 34 76 85 6 15 25 39 63 69 76 21 61 9 52 86 27 43 3 19 83 100 100 82 81 72 60 45 85 52 61 18 55 51 80 77 96 47 31 26 21 61 45 82 42
 12 100 60 7 7 73 41 99 51 32 35 38 11 52 34 7 19 71 91 89 33 99 9 30 90 79 49 75 49 82 37 69 94 31 18 59 76 55 67 26 13 61 92 76 93 13 79 55 82 9 81 21 75 2 95 47 45 11 22 88 31 28 67 86 62 47 100 23 28 63 61 57 86 57 91 42 98 34 24 80 59 27 43 30 96 77 82 62 35 96 63 84 31 57 79 23 62 91 95 74 88 34 64 4 85 11 72 22 35 54 97 16 36 73 19 15 35 4 65 30 86 31 40 22
 56 58 68 52 42 69 93 88 99 57 30 46 18 3 56 26 2 100 17 13 7 78 57 29 4 79 24 20 43 55 52 59 100 33 90 79 59 94 89 75 38 72 89 83 19 57 36 31 49 16 32 24 96 1 97 58 74 46 55 15 40 69 65 57 62 23 40 27 16 81 48 93 79 31 96 47 74 59 72 15 81 75 8 10 27 18 24 79 38 75 92 20 61 73 15 58 62 95 35 12 53 66 98 19 88 40 92 39 17 59 29 35 35 25 47 72 80 22 18 88 18 48 93 37
 3 30 27 29 93 82 10 15 30 26 25 66 26 30 74 17 13 47 8 72 2 92 73 91 93 68 12 26 73 53 95 26 21 37 68 48 25 32 9 90 80 19 69 23 23 51 63 64 57 4 43 7 74 70 16 39 72 33 62 81 100 14 1 52 97 82 69 23 79 3 61 35 31 72 91 15 3 41 66 9 69 9 8 46 36 28 46 91 59 83 50 94 14 55 78 21 46 21 90 68 1 79 34 79 38 24 4 99 62 94 9 73 74 28 52 46 50 41 18 42 74 48 22 32
 71 27 42 1 8 9 99 8 91 100 42 47 55 62 57 40 29 80 17 75 52 72 89 52 63 97 47 10 79 66 38 10 80 9 65 79 14 38 45 40 27 53 12 67 56 36 46 63 4 70 24 73 23 23 83 73 75 67 60 14 37 25 96 12 92 87 61 29 88 34 21 64 9 95 43 2 25 16 59 92 17 3 2 52 19 21 67 49 74 97 40 95 54 59 25 76 37 88 87 48 1 20 27 88 28 91 78 33 89 35 92 22 20 53 88 50 74 47 74 86 94 71 17 34
 69 10 34 35 46 11 57 96 29 81 2 27 5 47 3 70 87 95 51 96 68 3 15 36 76 30 53 54 32 54 13 75 85 4 39 70 8 83 29 4 17 84 33 51 91 36 48 94 43 78 6 77 78 68 23 68 15 45 75 14 80 11 37 29 49 47 63 27 91 5 75 19 86 36 84 96 80 48 31 59 26 42 87 61 6 98 3 28 40 76 88 31 33 34 60 77 37 43 13 49 26 71 81 87 29 60 10 77 24 4 80 63 98 90 93 40 63 94 69 96 57 97 80 86
 4 14 90 68 9 64 19 41 89 11 16 80 41 57 25 42 11 31 58 28 76 64 36 15 33 7 79 32 61 67 21 16 33 55 68 62 82 96 66 43 2 22 32 66 92 12 4 6 4 60 70 3 2 12 69 32 69 85 64 85 84 34 76 91 98 18 1 50 72 63 8 97 63 46 21 59 69 86 75 41 79 4 52 52 38 45 28 91 68 47 45 89 30 21 64 90 81 12 68 16 11 13 73 10 25 87 23 72 56 17 88 99 92 58 96 52 38 66 72 43 38 34 50 16
 16 69 58 18 48 57 57 84 18 100 55 37 17 3 63 26 66 61 54 89 93 55 32 26 61 88 59 67 34 32 21 98 68 96 64 2 19 70 93 59 21 100 28 78 31 55 57 67 21 33 74 89 71 73 89 17 45 82 95 12 9 97 29 12 23 70 22 27 53 63 89 19 81 79 57 48 12 90 83 79 86 45 54 24 66 43 91 22 33 69 16 72 7 33 9 43 81 91 21 19 35 99 17 17 60 42 80 52 70 91 69 5 58 65 70 70 51 91 18 97 43 49 80 89
 33 47 67 12 17 67 10 30 85 64 29 44 47 100 28 6 94 42 56 39 6 57 10 67 5 76 80 92 92 77 4 64 26 26 63 39 77 10 7 81 36 60 53 43 51 91 2 39 96 62 2 38 12 82 8 5 44 23 51 56 64 66 34 76 35 51 28 69 32 5 11 58 80 90 36 36 77 11 99 55 15 58 1 60 43 44 46 64 86 31 46 53 40 66 54 28 99 45 56 64 18 67 5 76 64 4 32 25 3 89 68 52 69 84 74 79 80 13 1 70 47 35 49 95
 39 3 74 53 98 8 12 27 98 43 75 33 39 21 79 37 73 59 31 11 36 57 52 76 6 19 52 78 93 90 51 44 30 88 50 38 9 63 94 18 50 8 26 2 2 68 60 46 32 94 7 65 22 70 42 24 50 72 75 62 93 17 90 73 5 7 34 93 76 3 10 56 88 1 5 91 35 87 96 96 61 40 92 17 11 17 79 60 23 90 92 89 36 93 82 91 81 90 19 95 81 67 96 30 43 50 87 17 81 26 91 49 45 81 72 85 17 93 84 25 95 100 20 28
 57 28 20 61 1 15 35 12 51 20 45 70 46 46 25 33 9 1 26 36 46 54 33 72 18 18 38 54 76 76 89 37 57 72 70 32 75 54 58 89 52 33 73 99 90 9 5 35 43 87 97 59 64 73 93 58 9 59 74 79 57 63 19 26 68 4 59 29 34 14 51 49 17 27 15 55 22 29 39 5 76 22 47 97 86 57 71 7 56 41 40 93 18 71 52 99 78 61 62 100 22 40 98 54 83 82 67 72 34 75 59 72 36 58 97 19 35 87 33 82 25 68 19 22
 7 49 97 7 33 36 82 75 99 81 42 68 72 56 62 34 1 4 79 51 66 41 58 10 65 20 100 20 88 30 37 96 70 91 39 68 51 92 34 5 76 13 84 12 86 78 79 79 65 87 19 32 92 94 79 27 45 66 99 100 91 33 58 48 31 8 61 20 32 33 88 20 6 2 33 80 2 38 29 28 3 84 91 8 76 90 30 80 52 21 90 10 27 25 42 43 42 26 83 78 1 63 74 33 99 23 66 5 66 14 84 30 82 21 81 49 68 5 46 32 2 26 65 52
 36 37 15 57 14 24 47 20 86 6 26 50 70 55 33 41 94 26 6 41 20 54 13 50 53 38 42 96 90 79 71 87 85 98 18 58 54 1 71 83 18 70 3 97 71 38 27 21 100 41 14 36 10 60 50 63 48 82 60 51 4 74 44 11 68 96 17 12 33 24 78 7 94 41 9 78 58 44 80 66 58 51 61 56 23 60 46 32 59 7 100 13 92 39 88 87 21 90 91 32 100 31 4 26 91 25 91 85 61 93 72 72 38 89 96 79 89 99 10 49 92 59 89 13
 47 32 26 5 32 90 98 40 32 17 47 57 22 75 96 35 82 84 41 92 82 42 34 67 50 68 98 83 60 18 13 65 80 24 86 61 12 5 10 59 20 3 13 92 33 6 72 15 54 51 98 88 88 57 18 84 34 100 51 19 8 37 49 20 27 58 53 27 54 24 54 97 6 43 6 89 14 60 25 69 94 55 70 97 89 46 71 55 46 62 41 90 89 22 71 48 43 23 67 32 21 70 97 96 10 8 5 17 39 60 10 98 32 81 22 98 87 86 78 70 71 37 45 72
 7 87 85 44 51 78 87 26 86 88 5 7 15 59 93 47 35 12 77 58 52 55 43 67 10 78 92 29 63 7 58 43 62 88 46 78 65 9 70 14 39 45 30 63 55 17 64 93 42 42 29 16 93 37 82 62 41 99 96 52 50 76 31 56 49 49 61 97 43 69 28 72 59 89 53 9 4 83 61 69 93 89 24 96 98 74 4 1 33 18 61 63 27 79 57 88 79 86 50 50 37 49 94 91 69 5 62 56 65 30 43 27 37 22 33 9 80 72 28 88 98 66 13 22
 2 72 90 70 20 72 3 62 46 67 78 79 37 34 2 2 25 36 64 10 66 98 8 18 98 63 26 23 79 52 61 64 70 73 42 95 26 21 46 3 3 34 23 79 44 94 90 50 4 80 46 17 23 86 32 43 15 24 66 83 55 21 90 59 62 65 94 41 67 8 92 79 54 16 64 82 71 42 42 31 55 81 48 71 87 48 19 60 42 50 75 7 98 17 96 46 81 87 32 96 27 21 1 63 39 29 27 67 29 41 43 59 18 48 61 27 74 87 90 39 8 48 43 45
 3 3 56 100 22 34 88 92 100 37 57 86 94 44 89 55 66 13 24 74 72 18 36 25 47 21 77 28 32 5 21 76 34 18 51 73 17 83 54 35 71 21 42 89 56 100 77 27 70 55 63 45 59 87 38 82 57 16 40 44 77 77 71 65 32 22 56 67 96 46 87 20 3 71 21 98 50 55 73 27 21 48 60 73 100 48 12 30 13 24 11 91 22 21 7 51 73 73 40 52 92 31 55 57 85 20 35 94 82 44 78 78 61 63 5 70 59 59 87 15 7 50 67 10
 64 39 24 76 74 15 88 96 83 55 92 69 70 83 98 73 87 55 17 13 99 52 72 71 9 36 15 66 59 54 35 58 65 91 43 82 90 61 48 45 94 97 64 42 9 59 46 3 56 10 36 79 50 30 69 99 61 46 8 13 28 48 82 53 70 3 40 48 33 95 73 9 37 56 24 81 39 25 38 48 90 91 98 27 90 12 13 65 49 36 90 94 41 34 91 8 92 24 43 88 36 19 33 3 56 16 70 64 6 66 93 83 8 37 81 85 75 25 32 87 69 44 54 40
 97 48 71 53 14 84 86 33 80 82 47 36 58 4 68 25 28 77 16 40 81 38 73 72 73 4 91 84 27 15 2 63 94 19 86 63 63 41 42 62 81 86 15 93 83 90 43 98 98 47 49 40 34 78 63 77 19 16 14 69 30 44 95 100 5 21 65 28 58 41 71 67 62 20 65 42 83 36 49 83 44 50 11 14 99 76 20 14 8 23 9 27 61 41 77 1 14 65 77 15 95 37 86 83 87 64 73 50 27 31 65 56 10 91 92 9 56 13 70 54 59 9 51 84
 7 84 7 70 49 59 41 59 9 87 76 25 69 28 15 82 33 21 6 85 20 55 97 3 11 63 11 1 14 59 43 18 86 68 84 90 25 57 71 69 71 19 14 94 96 67 90 31 28 65 23 23 8 51 81 50 44 49 39 21 25 18 42 21 57 84 87 46 8 80 17 72 43 26 88 79 46 55 17 14 72 54 78 94 80 16 59 41 42 92 15 60 1 21 78 48 67 95 8 33 65 66 27 1 28 1 44 78 22 50 42 37 34 79 97 86 95 37 47 15 44 92 47 73
 90 80 39 100 3 75 4 24 32 59 76 2 76 48 11 7 48 59 68 7 98 92 35 52 58 26 41 73 12 49 100 47 92 4 79 92 48 72 29 33 26 15 24 60 8 98 47 83 41 72 84 13 47 98 89 13 97 68 98 44 92 33 10 75 69 89 46 40 27 71 2 31 99 94 64 24 19 43 11 55 5 47 23 77 17 63 48 65 91 39 75 10 84 63 56 10 96 80 35 50 12 97 17 11 55 54 81 94 77 32 61 68 29 97 24 19 30 30 75 52 35 25 77 13
 1 78 58 37 74 21 14 37 29 44 81 98 78 92 29 14 4 68 88 77 90 71 88 89 83 96 79 66 3 77 96 70 93 20 76 25 44 76 94 63 86 34 51 32 19 77 67 69 51 42 20 95 5 54 12 96 20 52 64 23 35 66 87 29 72 67 93 82 87 53 14 69 20 66 94 41 80 74 95 90 98 5 74 4 53 59 31 70 87 48 74 10 74 74 5 8 18 57 60 38 15 75 14 15 94 29 21 20 22 72 96 87 46 9 96 96 89 59 46 78 57 21 62 73
 49 19 17 90 70 65 78 58 16 98 37 14 78 33 82 23 43 79 24 5 35 43 43 38 31 37 28 42 75 19 26 60 41 59 49 22 95 75 65 49 63 41 24 29 30 18 40 89 65 78 6 97 58 39 41 20 78 88 45 83 78 98 7 8 77 7 38 4 91 41 90 50 59 68 77 70 63 72 34 18 38 95 65 40 70 75 59 95 41 43 90 6 22 30 6 47 58 97 69 94 11 65 41 6 17 82 77 63 5 34 49 90 90 10 17 66 71 43 63 8 63 69 97 79
 6 31 44 99 6 29 47 75 37 74 64 92 93 92 79 25 25 66 56 93 66 64 81 14 7 61 80 5 15 84 71 18 36 63 45 76 18 7 50 7 6 8 85 97 58 65 67 58 4 88 26 25 75 64 84 7 20 66 88 77 11 50 93 4 90 45 81 6 9 49 78 53 66 83 57 79 32 85 85 4 9 18 86 84 24 70 34 9 89 10 22 77 83 80 95 14 86 50 88 68 2 40 61 72 95 49 5 87 89 73 68 45 65 27 10 74 64 87 1 93 73 7 32 11
 95 69 29 98 19 88 25 15 61 73 57 7 2 8 88 12 50 35 37 23 28 33 61 34 66 45 27 88 95 69 62 38 71 87 96 46 53 6 52 92 81 26 97 16 90 16 91 15 55 60 99 31 32 22 16 87 98 20 14 4 34 91 22 55 2 49 83 44 50 83 48 1 40 63 51 82 34 68 11 16 57 95 73 62 61 53 11 38 65 66 96 28 91 89 16 49 17 47 100 65 94 83 52 97 63 82 33 53 93 62 33 61 32 78 7 19 50 88 71 34 49 60 37 34
 12 11 85 89 41 36 61 86 3 57 88 78 82 74 87 71 10 23 74 92 66 21 90 68 93 86 35 96 83 88 86 99 24 85 47 4 89 65 48 58 16 81 85 28 97 20 93 52 32 44 34 50 63 96 63 64 92 62 95 18 48 49 33 89 1 51 68 10 33 45 98 4 69 74 92 39 52 92 98 14 3 100 78 3 22 28 67 49 93 90 22 63 48 33 99 43 79 77 70 54 39 62 9 76 17 2 60 8 18 87 88 1 81 65 98 62 84 97 32 28 43 69 18 94
 23 39 88 46 9 31 54 47 61 34 41 18 76 37 81 12 90 28 66 68 13 47 88 11 73 58 6 36 54 92 46 71 65 63 39 81 65 6 89 92 70 58 50 18 92 48 38 84 85 71 11 89 58 19 56 38 33 97 72 79 94 7 60 38 28 47 74 18 92 32 73 49 36 31 41 92 2 59 32 41 67 31 74 65 5 79 51 81 6 100 7 26 88 28 29 50 27 13 95 17 8 45 45 64 34 9 100 46 45 49 69 17 23 35 72 43 99 62 57 35 55 9 27 30
 54 99 1 12 58 8 14 39 74 77 78 8 53 68 58 13 4 6 58 44 78 37 13 63 47 34 56 44 75 8 95 50 10 77 92 36 58 32 42 57 8 39 73 65 52 49 94 3 61 51 17 31 98 71 74 20 21 23 47 15 89 14 10 70 18 63 61 45 2 5 98 77 81 16 4 36 98 98 27 73 97 28 55 67 77 57 41 28 89 53 97 9 24 47 20 72 48 51 60 53 98 29 98 47 54 100 28 3 90 12 44 6 6 45 73 77 41 35 43 60 12 64 22 95
 19 79 76 36 41 45 65 79 98 82 89 70 72 40 16 95 49 56 6 81 98 74 9 86 91 4 97 6 2 28 58 20 80 71 4 40 55 57 74 33 51 39 91 76 87 33 20 86 53 38 96 66 6 39 46 91 62 59 72 56 46 12 18 31 68 90 42 100 37 68 92 34 36 98 86 68 18 50 37 83 12 98 43 53 3 8 31 70 83 74 95 43 89 57 27 79 75 76 38 83 17 21 40 20 96 28 59 98 21 57 7 17 43 17 10 47 71 14 21 57 99 32 57 87
 83 56 90 23 87 17 12 29 17 49 50 19 79 86 94 86 59 31 49 97 4 71 80 94 24 11 2 40 8 52 56 75 44 45 35 95 69 18 87 76 82 2 76 83 31 1 58 84 67 92 31 71 11 67 37 14 36 38 38 16 99 34 91 71 24 59 8 5 31 9 31 98 37 69 97 24 5 40 59 53 33 78 52 93 77 28 24 46 40 1 52 71 57 71 68 25 52 46 74 80 18 22 67 13 95 54 60 9 90 13 33 61 39 60 36 23 20 18 96 70 13 38 59 94
 67 88 32 31 75 11 23 70 70 1 69 78 85 89 12 44 26 93 11 40 51 79 8 22 92 11 54 84 16 100 57 56 46 93 3 49 6 37 6 46 60 89 96 99 60 19 17 18 30 2 58 24 67 81 11 69 35 91 89 39 46 88 48 97 9 81 2 51 73 23 1 17 34 84 83 78 72 64 16 72 42 30 44 99 45 5 31 57 56 94 42 72 31 66 55 76 5 79 1 71 80 6 84 26 29 56 8 44 68 60 4 14 4 53 67 87 14 18 57 47 83 10 60 9
 73 32 80 79 94 94 67 51 84 42 18 93 85 16 43 40 36 29 74 72 31 44 44 22 30 77 85 84 76 33 66 14 47 52 12 8 50 9 100 77 66 49 4 57 25 17 91 75 6 76 54 64 29 33 90 7 92 39 100 39 61 7 60 10 23 6 34 30 29 41 88 69 69 23 31 60 23 40 16 25 68 18 59 70 28 47 17 60 64 93 13 70 26 66 61 53 27 28 23 19 34 84 35 42 40 6 39 10 95 52 8 81 49 80 61 3 13 87 31 43 46 17 90 76
 65 42 65 37 53 53 60 10 69 2 35 68 25 7 61 79 89 3 91 26 56 21 80 72 4 51 42 59 61 83 1 50 45 41 42 49 4 74 2 80 75 49 90 12 87 77 46 49 83 34 73 41 71 91 85 78 65 34 97 100 84 32 75 1 52 33 89 50 23 20 83 68 56 100 44 87 32 11 33 44 88 93 17 32 3 30 55 88 8 51 74 46 55 96 53 96 19 44 11 38 50 96 22 76 76 24 19 6 67 54 28 26 66 22 80 89 10 83 57 89 22 28 86 19
 87 31 73 93 5 3 58 33 97 60 96 23 34 75 29 26 34 49 40 7 28 79 5 56 75 19 79 8 34 66 45 63 68 59 12 39 1 74 18 39 2 46 87 12 51 79 54 36 76 29 20 2 56 2 22 24 97 38 27 55 23 86 73 75 64 26 45 65 25 67 62 56 34 44 58 46 93 69 29 60 99 98 47 9 32 46 42 77 20 39 8 47 25 76 87 98 19 41 100 90 9 35 23 90 37 100 55 23 22 66 78 96 13 18 83 84 24 28 14 61 30 39 44 97
 48 94 91 71 12 45 65 98 72 25 93 97 31 41 64 63 80 6 55 62 23 62 19 14 87 92 55 75 10 46 22 31 40 32 56 44 95 13 55 56 61 97 64 65 15 97 37 51 34 3 2 30 79 94 93 51 70 56 52 81 41 47 33 43 37 63 45 6 54 7 33 17 16 21 91 69 33 82 66 4 73 91 50 24 55 35 100 44 91 47 32 93 35 6 39 94 63 61 88 57 13 40 22 51 95 39 41 52 65 74 69 13 93 16 79 55 63 31 43 23 79 50 11 81
 78 83 47 7 7 49 9 63 41 43 81 63 93 52 24 11 96 77 46 89 100 41 94 86 83 92 76 5 84 94 27 52 53 40 77 2 15 21 89 55 88 5 28 36 13 4 3 79 7 10 58 85 80 87 89 7 76 10 47 4 74 44 31 40 64 68 34 15 32 4 55 60 9 21 13 98 96 92 52 57 5 45 71 9 62 74 47 17 71 51 70 3 85 50 58 64 61 5 21 80 45 46 88 13 63 55 36 27 63 52 67 80 46 38 1 63 80 97 34 95 28 13 92 61
 72 20 49 43 16 23 90 32 8 23 84 20 51 27 7 88 1 6 27 45 33 73 66 33 59 22 99 23 42 20 15 68 56 89 52 23 89 65 90 55 1 37 48 81 73 66 24 90 49 49 6 12 95 47 69 1 100 11 40 90 70 26 80 31 54 37 98 63 82 21 27 83 36 88 86 9 98 69 49 6 34 48 14 66 41 44 73 32 95 83 5 37 63 34 84 82 89 49 86 89 28 82 16 74 36 27 90 68 16 5 5 64 71 8 98 73 77 99 36 51 45 52 18 29
 71 35 79 14 92 5 70 45 14 61 35 23 71 2 96 95 60 9 68 35 29 99 84 17 7 93 93 42 26 21 48 87 1 59 28 9 3 70 100 90 38 94 57 74 37 32 8 7 77 20 66 2 5 80 55 32 88 7 31 42 40 71 96 46 61 62 14 59 57 90 66 79 91 56 60 9 72 35 87 20 4 57 77 52 99 45 15 58 85 62 10 41 22 52 62 83 84 41 31 58 42 1 35 2 28 38 83 29 100 84 40 55 89 35 19 17 59 66 84 69 68 61 25 12
 31 82 88 47 64 94 98 91 71 84 50 73 10 62 58 37 63 38 8 94 53 51 7 23 58 64 41 4 3 52 83 7 44 53 40 9 98 29 37 64 84 48 53 25 40 10 46 43 2 88 6 11 66 4 18 34 53 35 29 62 56 87 18 62 32 90 20 39 78 94 51 87 66 65 24 53 97 99 100 30 90 51 40 42 65 88 78 21 32 96 10 38 14 87 79 97 88 44 43 86 93 63 23 42 11 18 34 37 45 56 97 98 67 72 34 66 44 89 77 84 35 67 66 69
 58 74 23 29 37 83 42 69 8 48 35 99 71 23 28 91 81 50 20 39 39 87 62 40 50 91 28 28 76 73 5 48 78 100 33 3 50 47 28 72 8 28 2 3 7 72 88 99 26 98 64 62 60 35 91 98 63 58 72 89 5 82 22 19 64 34 24 91 1 63 16 77 36 13 58 80 40 26 77 80 23 97 98 7 63 43 38 93 46 76 2 43 35 82 94 67 42 38 21 32 41 65 16 23 40 100 95 68 17 56 92 2 2 57 94 14 26 53 69 25 4 12 17 43
 28 81 91 6 97 89 40 100 73 88 27 33 95 72 94 76 91 96 57 46 19 55 69 8 19 40 39 82 18 61 47 59 11 39 99 4 5 47 52 27 57 33 86 70 10 74 98 52 75 28 8 49 50 8 6 70 100 67 38 83 74 94 5 78 40 92 51 86 84 2 56 48 42 32 31 41 55 20 90 6 28 74 28 22 28 77 93 44 4 82 37 93 68 34 87 28 16 65 22 5 91 37 51 40 33 62 16 57 99 71 84 76 92 46 37 31 41 94 90 62 90 24 67 45
 4 33 71 58 66 22 62 1 11 58 39 40 62 68 65 50 22 11 61 96 10 34 49 29 57 16 21 45 56 61 88 1 36 46 17 75 18 3 6 4 96 56 38 84 57 73 4 79 56 59 13 60 32 31 63 16 72 90 19 45 97 92 42 38 68 30 51 66 94 87 71 67 94 84 17 12 26 48 89 3 29 75 79 95 47 12 12 23 59 78 62 84 64 98 74 52 44 88 85 31 31 63 95 88 16 1 91 75 44 99 93 87 82 22 77 66 71 20 40 38 40 23 6 81
 48 15 65 19 84 48 26 24 99 25 35 25 49 6 16 92 34 88 13 61 13 20 22 8 74 63 60 98 17 1 49 52 24 39 40 43 52 94 56 62 1 13 10 82 33 62 43 30 73 89 54 34 7 39 26 95 5 1 25 82 74 53 91 6 57 60 63 53 68 54 58 43 22 81 79 59 25 34 82 14 24 50 7 97 1 35 68 48 10 28 90 51 58 66 60 65 59 67 89 69 86 22 41 1 14 21 60 40 9 48 60 7 21 57 7 44 62 38 78 99 71 83 62 4
 48 10 25 78 6 5 36 100 70 10 22 15 93 67 82 13 67 47 28 25 46 44 25 8 86 31 39 67 61 1 89 62 25 96 10 31 18 94 38 30 62 82 85 63 94 89 22 12 94 19 73 100 3 16 63 67 71 79 57 9 51 50 75 22 6 56 77 77 48 80 47 29 74 99 53 90 70 10 54 36 57 74 7 84 99 2 80 40 74 95 62 82 5 100 26 92 79 48 46 19 72 89 10 30 78 56 26 80 74 21 71 58 71 38 43 51 51 46 19 32 66 64 52 60
 45 51 88 77 21 82 36 12 79 95 20 72 88 22 10 15 66 82 5 73 51 47 98 65 18 92 35 32 9 94 42 55 55 49 71 95 32 96 19 67 14 74 29 44 37 99 88 66 44 2 19 88 11 59 43 96 62 44 79 78 50 62 82 95 93 50 14 42 73 23 65 6 68 5 61 83 54 78 13 72 33 28 40 89 55 89 66 34 64 37 85 29 25 47 26 33 79 92 6 68 92 89 50 66 2 66 12 10 18 87 69 4 54 88 5 9 60 37 86 90 32 47 1 93
 65 39 28 87 97 46 27 66 79 55 59 14 89 82 98 79 20 17 77 14 23 78 55 51 96 34 91 21 69 48 53 76 37 82 47 21 78 67 67 97 68 84 34 5 34 19 4 54 12 94 66 60 18 64 75 22 52 72 12 86 57 34 75 47 90 87 41 87 44 32 83 59 48 22 96 87 57 67 28 35 22 45 31 8 58 22 43 23 80 90 36 50 2 34 12 72 43 88 39 76 89 84 23 69 76 91 23 11 35 10 80 34 31 26 77 97 77 85 44 79 67 5 18 84
 70 52 45 7 70 99 67 99 75 6 91 3 21 53 16 25 71 56 61 6 64 61 31 54 31 61 83 48 34 18 92 25 45 81 23 54 75 72 26 16 81 14 96 66 92 74 56 9 41 76 62 60 92 46 68 62 37 30 56 97 1 100 10 91 65 67 94 48 92 75 33 79 76 5 30 23 11 2 9 30 22 93 22 14 49 88 71 93 35 88 81 49 76 7 64 81 36 42 86 41 100 8 68 5 5 55 98 25 31 83 67 85 64 52 75 92 23 13 75 79 39 45 93 91
 98 71 60 7 80 31 78 64 96 67 37 73 21 85 81 31 32 59 38 55 51 47 72 10 33 78 43 16 53 45 64 88 21 62 22 51 29 47 13 2 10 93 70 41 87 5 51 83 62 78 28 14 17 69 77 16 54 8 31 58 85 10 46 41 66 75 76 77 83 84 40 65 49 76 53 49 92 35 33 91 24 50 89 77 14 76 50 50 83 88 39 10 58 81 3 69 47 74 6 30 71 27 52 84 58 46 67 28 93 97 20 98 57 78 5 31 58 41 74 15 54 16 36 55
 89 30 15 88 50 27 80 49 62 70 89 67 17 44 32 43 83 47 20 100 44 79 32 52 10 25 7 89 97 66 33 68 38 19 51 84 94 59 20 71 83 70 79 35 23 100 31 91 58 17 21 71 58 12 95 44 11 6 98 63 15 15 62 44 82 49 42 53 52 55 44 5 80 7 98 89 74 58 97 89 13 19 19 27 97 53 13 9 48 38 37 89 30 2 1 66 80 58 15 5 5 97 100 94 55 98 49 36 15 80 68 9 30 30 55 22 18 95 62 68 74 47 64 79
 3 59 74 77 72 99 98 41 40 73 39 34 13 62 77 76 92 9 52 36 41 64 25 33 73 80 27 17 28 74 74 54 35 13 12 2 98 7 67 64 36 17 50 97 11 60 90 75 36 55 74 3 40 36 18 61 91 15 36 92 46 19 17 69 89 80 48 77 69 60 43 14 10 38 60 21 42 31 98 23 50 7 72 69 68 60 83 71 75 4 39 38 4 68 52 91 11 93 16 73 40 73 17 46 87 65 59 28 99 94 93 30 47 46 30 18 63 8 82 1 48 96 58 85
 39 15 6 11 7 56 44 56 56 51 69 31 60 19 49 2 49 30 55 32 63 40 89 57 49 14 28 91 89 13 3 41 50 23 42 18 17 38 91 83 6 88 10 62 53 27 87 5 27 100 4 8 24 36 70 81 15 56 46 98 10 38 94 64 4 65 63 8 63 12 64 56 21 21 60 89 99 61 73 15 3 13 55 7 66 11 18 86 53 76 13 34 49 34 98 48 55 90 35 96 99 46 85 88 60 82 77 23 84 83 59 96 35 42 9 41 87 36 24 74 61 46 19 33
 43 26 74 44 70 54 60 10 22 19 95 92 15 53 31 76 8 94 19 43 53 18 34 97 90 42 80 14 4 25 23 36 25 9 79 52 18 83 35 65 100 55 75 79 9 3 83 31 61 54 97 82 23 76 30 15 66 47 87 98 56 14 31 95 41 62 30 44 97 98 34 74 42 16 46 71 80 72 2 80 49 90 83 25 80 48 8 85 96 25 41 100 81 42 41 46 73 7 79 78 72 89 10 60 11 36 29 60 35 66 58 91 77 70 18 91 80 55 69 53 92 53 58 23
 6 5 92 88 74 97 72 55 55 44 55 55 57 29 23 100 41 64 77 44 2 38 49 49 52 90 99 83 80 95 19 47 85 87 44 30 35 66 68 16 46 6 56 30 57 44 37 72 96 21 67 47 41 81 4 72 93 39 13 61 71 25 64 29 9 98 56 11 60 72 15 39 24 7 13 30 31 92 1 69 94 62 21 59 16 17 12 35 8 73 66 94 45 55 20 26 88 29 17 77 60 70 59 11 53 74 78 100 61 72 18 51 87 91 7 9 11 54 19 66 62 75 98 44
 29 2 3 20 55 3 65 35 87 11 50 19 50 7 84 74 69 88 46 41 23 19 95 76 38 94 59 35 53 6 21 83 34 69 74 54 27 91 22 75 12 97 91 46 57 41 24 30 66 57 76 47 43 68 88 6 86 95 38 50 31 78 74 71 25 99 81 53 69 6 16 93 45 100 73 19 53 37 18 43 21 51 73 15 47 89 64 20 89 87 43 86 38 26 7 49 48 18 4 11 94 97 97 85 25 37 17 12 17 83 75 46 60 60 77 18 50 25 86 6 2 89 7 17
 19 54 21 82 5 53 24 26 71 62 85 40 12 71 30 89 64 70 60 66 84 95 25 50 82 8 67 61 48 1 28 20 54 97 9 85 61 89 28 71 77 66 17 2 4 64 58 18 25 40 26 76 47 79 28 66 65 19 54 16 92 22 64 36 79 99 37 91 64 96 39 29 30 91 55 79 67 22 5 6 70 6 65 82 36 89 71 25 1 49 80 32 45 48 26 51 19 67 18 46 87 73 65 82 23 35 5 6 11 39 74 28 83 74 95 89 35 80 17 72 48 92 84 36
 69 21 4 46 54 33 65 43 88 40 20 89 87 26 35 14 83 5 87 8 21 31 73 2 32 45 19 73 43 91 87 53 26 13 26 81 10 4 84 23 35 89 56 96 96 9 81 99 50 70 56 69 64 45 69 60 75 43 89 66 65 36 95 40 91 6 70 99 14 88 70 93 48 92 46 3 100 21 34 76 97 57 65 79 91 23 77 80 20 78 70 12 76 82 11 82 45 8 38 32 41 87 32 92 32 24 86 28 44 33 78 34 18 27 18 33 74 67 75 73 57 25 52 82
 9 80 40 91 19 63 91 76 93 75 5 24 92 72 18 13 94 84 80 48 42 41 3 21 8 82 52 74 25 70 57 73 36 60 19 82 50 15 43 65 44 55 76 52 31 16 31 44 85 3 39 68 27 29 43 90 84 90 36 7 36 30 92 42 22 81 91 49 7 32 31 21 86 84 90 16 73 100 76 62 44 13 59 94 63 48 43 70 63 13 34 38 41 27 57 71 63 52 34 35 16 53 59 50 34 60 29 24 32 62 54 27 13 93 81 71 27 51 74 37 42 100 71 92
 58 71 29 32 64 89 50 28 5 33 91 68 91 90 1 52 94 32 65 13 37 54 79 79 51 94 84 22 56 60 67 16 61 42 25 55 97 31 79 5 85 29 21 20 20 98 57 27 73 24 94 85 15 83 78 6 79 34 45 85 63 98 50 13 95 93 57 63 20 97 88 58 33 3 21 57 83 39 61 76 86 75 10 29 61 24 91 84 82 7 89 50 24 29 20 56 51 83 37 6 58 48 49 25 40 43 69 49 66 70 28 4 93 22 10 98 45 13 89 29 23 31 79 3
 66 56 6 67 36 7 32 3 27 23 11 77 51 57 7 94 24 14 87 21 15 72 49 20 71 76 49 35 42 15 3 39 45 49 27 8 82 96 12 98 41 7 43 98 94 8 59 44 14 87 44 47 40 27 40 30 66 65 91 27 28 11 91 72 9 58 92 97 77 89 98 48 30 17 23 51 28 36 62 59 14 28 61 47 9 89 46 21 10 30 97 60 84 62 43 98 13 65 64 34 45 69 4 61 45 44 30 42 1 1 22 13 24 15 47 10 18 23 55 51 37 10 6 89
 5 34 80 32 100 76 34 72 43 62 84 48 32 83 58 48 11 6 82 58 64 44 49 48 84 95 23 83 51 80 55 48 40 82 9 71 21 18 4 89 43 22 100 17 97 62 20 40 86 7 51 70 56 24 64 1 12 94 13 7 39 98 19 82 86 56 57 13 37 20 11 75 38 25 58 28 49 72 58 43 51 4 60 67 8 3 30 92 2 25 69 84 57 66 51 40 20 80 25 89 27 83 57 37 29 23 2 62 27 74 87 27 96 4 25 7 65 66 67 34 7 96 76 28
 46 97 69 40 38 32 26 83 38 84 26 61 95 80 93 60 75 58 78 88 30 47 67 25 11 29 89 13 50 75 5 63 61 3 46 86 74 100 92 39 84 52 75 5 65 89 61 68 72 71 21 71 50 73 17 70 98 30 13 91 73 17 40 5 98 91 72 70 70 1 46 25 66 53 81 20 16 2 3 24 70 39 84 69 29 29 59 59 76 9 47 8 1 99 14 75 71 39 17 16 93 39 46 54 53 25 99 44 42 39 77 61 71 11 75 20 90 85 9 4 58 33 88 99
 25 91 25 65 11 44 35 67 62 21 10 67 22 62 75 44 43 56 61 62 82 94 52 36 22 29 95 94 3 50 40 2 54 95 13 83 44 85 33 1 69 68 94 40 84 36 5 50 75 60 1 10 6 79 47 12 44 45 73 56 75 100 2 53 85 17 65 76 85 60 100 16 59 32 42 45 40 50 26 33 34 48 76 38 29 55 44 24 70 83 91 65 32 94 78 48 21 75 13 59 47 90 19 36 24 92 63 40 7 9 73 97 15 72 76 31 39 98 8 21 65 50 8 36
 54 56 95 27 53 27 63 75 67 10 33 29 66 32 34 82 74 30 76 70 85 79 9 35 81 16 87 81 63 41 65 73 1 6 32 75 25 16 68 74 76 48 74 76 74 57 4 45 86 14 12 83 80 59 95 42 49 66 84 92 77 64 56 9 25 97 17 4 33 84 98 24 4 69 73 100 58 55 56 88 85 79 19 5 11 3 61 76 64 15 58 23 88 87 41 8 9 3 54 53 80 70 30 8 69 48 72 82 34 90 80 42 8 71 83 88 1 11 84 34 93 49 4 39
 64 9 60 70 90 36 3 18 23 42 61 85 92 42 48 92 70 78 98 35 100 42 56 54 94 62 89 36 16 78 57 51 51 4 89 73 3 2 14 61 75 20 69 78 29 34 89 28 29 82 80 61 74 73 2 4 85 79 24 99 45 82 77 93 8 13 79 96 4 39 9 31 71 1 34 92 56 42 27 61 49 22 54 46 28 89 81 11 66 16 70 42 79 15 28 77 99 58 37 82 58 39 98 23 1 52 77 69 97 59 94 82 28 39 83 57 13 4 100 32 86 39 52 65
 74 70 52 22 20 64 19 100 11 34 77 16 90 69 95 71 79 73 48 45 93 53 81 5 65 50 59 21 31 28 38 49 15 29 42 46 44 87 31 64 15 55 63 64 25 85 63 19 46 53 15 40 60 38 25 86 52 32 19 21 64 4 59 78 25 25 59 55 14 28 83 12 14 52 35 25 58 44 37 41 78 75 39 100 90 86 5 10 63 37 11 2 83 8 15 66 69 19 59 96 80 55 13 41 18 54 84 15 16 21 38 38 45 49 56 35 14 62 26 6 2 68 97 13
 11553 7766 7389 886 6747 2186 12308 3994 6162 8528 3734 7679 6742 6998 1503 6274 3243 3584 12051 8173 7643 5739 6380 10012 8866 1721 510 987 11637 2518 3309 11077 2879 1331 1325 5339 6614 3179 6203 1349 7609 10900 10530 6108 9139 3252 7734 6882 4823 11576 4317 6478 4681 6903 2450 8895 3219 745 7928 1016 10308 276 6397 11251 5149 11556 5279 3769 6767 9376 4758 10153 8279 6284 10216 2876 9689 1059 5017 5413 3420 10440 3667 6132 870 1541 8411 210 5502 8563 8855 10748 7941 3312 10531 8388 3566 2820 4563 8635 6845 4465 4514 7286