102 104
 4 68 89 38 16 61 7 59 63 55 18 86 26 74 18 15 70 31 82 92 99 37 15 4 87 16 15 20 19 10 95 64 5 19 62 74 86 55 16 57 25 4 62 66 35 51 30 25 72 87 11 25 49 23 55 91 49 47 34 83 89 5 47 92 65 80 73 67 96 26 84 30 4 99 39 93 85 14 1 46 4 96 17 3 33 35 44 85 26 85 76 4 24 38 20 62 53 15 65 22 43 33
 79 63 9 53 96 55 19 39 87 17 54 64 9 44 45 34 67 2 94 85 43 13 19 91 75 81 100 58 64 5 85 83 80 18 32 41 40 89 41 97 25 14 8 90 20 94 52 99 83 50 63 80 8 20 4 7 75 59 69 55 76 11 8 72 49 26 12 19 69 34 95 61 35 81 66 83 35 27 55 76 18 49 77 25 33 82 70 18 48 2 1 16 66 6 81 64 13 1 25 56 69 88
 58 74 16 98 19 66 62 36 73 66 18 86 78 77 34 27 77 85 46 62 20 38 99 18 69 36 57 43 33 93 45 56 1 31 90 39 69 57 51 23 41 93 8 96 56 47 84 55 39 31 19 31 40 10 89 54 4 66 92 12 89 79 36 54 41 46 37 77 44 29 8 2 97 68 35 37 75 16 57 41 78 58 89 50 32 12 37 67 91 89 73 22 58 91 61 20 8 65 82 58 3 20
 35 8 94 75 86 66 70 58 67 69 63 93 22 73 64 12 52 17 11 48 42 73 49 55 4 78 47 21 83 50 95 31 72 68 70 42 87 7 71 13 93 3 36 88 47 17 89 13 22 20 83 77 95 42 43 94 79 72 92 83 83 88 22 73 4 39 48 61 49 37 38 73 31 76 17 92 71 94 39 3 49 58 100 1 60 100 31 11 26 90 75 13 76 2 27 69 11 94 68 78 40 61
 40 40 5 52 39 44 18 98 32 40 6 67 7 73 29 4 19 32 11 99 93 50 52 15 88 63 49 72 82 58 49 96 22 8 45 2 72 10 86 7 5 56 7 62 34 1 5 62 84 11 20 12 57 70 34 5 65 58 74 93 86 20 78 34 26 42 83 20 33 44 1 73 3 63 72 59 61 99 58 97 31 53 63 10 7 8 48 12 91 24 48 68 30 22 26 13 40 21 12 27 96 31
 39 34 10 57 89 34 66 29 26 46 49 91 29 80 8 3 27 14 92 95 1 94 8 64 31 69 85 27 6 89 11 9 41 86 22 84 89 46 25 16 65 12 25 9 81 70 76 44 30 23 86 7 56 83 98 88 55 43 29 47 44 91 73 11 20 20 47 57 33 60 67 71 12 14 42 49 14 47 99 34 79 67 83 80 96 34 60 9 88 36 58 73 77 37 34 7 90 81 56 24 71 77
 65 67 95 60 65 41 16 25 87 58 36 9 100 79 89 82 16 26 83 76 50 93 82 24 31 85 44 8 40 73 65 12 7 79 12 93 64 44 38 47 26 80 87 74 96 50 61 89 29 56 12 2 97 31 52 30 97 71 6 16 72 11 25 40 84 7 12 99 47 48 72 66 18 95 79 50 54 68 100 70 69 6 78 78 60 2 19 12 37 61 53 39 74 86 65 13 68 83 11 40 54 70
 44 50 76 93 10 83 95 58 33 53 90 20 70 88 10 47 11 6 51 99 39 5 52 75 94 23 86 97 73 92 51 100 30 57 20 7 90 100 60 5 21 49 18 77 97 10 41 43 56 73 11 32 26 90 39 91 83 8 71 70 43 19 57 33 13 44 10 44 49 40 72 32 60 21 60 13 92 60 15 77 68 89 69 76 85 5 87 64 6 93 100 25 17 4 33 58 39 88 86 68 32 75
 10 79 55 93 32 60 97 73 71 9 42 64 56 68 64 78 85 3 18 39 16 96 59 43 3 70 24 94 89 35 64 89 54 82 12 92 65 9 85 40 15 25 20 32 30 72 29 16 41 36 15 36 99 21 69 45 42 2 41 19 2 35 4 18 1 25 4 50 35 63 88 68 61 29 55 10 42 61 77 55 9 91 70 23 29 59 48 95 30 67 15 65 87 57 12 44 62 85 59 50 27 20
 73 94 10 65 13 86 18 74 100 35 39 69 1 14 9 2 36 50 45 23 94 28 46 51 96 10 75 60 50 71 2 24 79 79 70 55 87 52 58 63 82 46 22 96 19 7 14 11 11 70 8 87 69 20 95 49 39 27 9 85 26 90 9 50 20 16 49 1 37 46 13 53 11 36 97 97 63 73 58 35 88 50 24 73 89 44 96 86 61 22 74 40 66 80 26 88 85 12 19 50 35 46
 94 5 8 47 98 69 12 78 30 30 22 30 10 37 80 53 82 49 90 98 36 67 95 3 94 28 92 10 11 69 98 42 93 87 38 9 73 91 54 84 2 81 61 69 89 5 23 4 100 60 19 90 17 31 16 71 61 23 76 30 21 7 26 64 54 58 42 6 45 30 23 29 66 97 29 13 32 90 58 91 10 57 94 13 73 71 80 52 49 9 85 30 13 14 86 3 62 50 83 29 24 42
 49 85 27 5 17 24 47 80 4 26 26 67 26 14 83 24 1 57 44 39 89 2 73 60 39 57 7 39 78 12 36 38 21 7 54 53 41 78 40 74 26 78 59 75 52 51 9 40 64 78 18 56 32 31 1 20 41 47 16 76 8 40 90 100 40 47 66 94 35 45 6 1 47 24 51 92 18 89 48 81 96 46 8 18 39 51 52 75 20 70 20 32 74 36 30 26 79 49 48 89 26 92
 81 15 65 98 4 59 21 78 61 25 75 9 17 39 55 96 48 80 41 86 35 89 69 43 98 45 33 97 88 10 99 89 1 94 49 78 62 12 66 21 24 50 84 50 64 94 9 61 39 78 83 33 77 32 79 43 78 81 51 7 61 84 31 65 95 24 54 89 34 5 10 70 70 39 23 91 65 51 29 83 75 24 28 42 3 48 74 5 7 37 44 53 79 18 47 55 53 6 72 33 46 57
 49 51 23 18 10 40 15 82 55 38 64 92 12 78 50 82 38 67 46 71 89 3 4 54 62 27 1 64 91 91 99 91 34 48 86 58 80 38 3 44 77 68 63 88 1 64 14 31 54 53 40 24 68 60 51 55 79 39 84 39 21 63 13 10 99 39 59 54 77 30 25 1 43 62 67 1 61 38 44 39 31 32 59 12 29 25 5 98 20 91 93 33 82 23 41 43 16 66 48 97 98 14
 14 91 38 14 58 11 96 59 53 36 53 38 92 63 88 86 98 57 21 76 88 61 41 56 44 61 52 1 88 83 30 62 65 24 56 52 16 35 43 11 18 7 55 69 61 12 86 84 32 70 30 90 23 45 29 8 8 94 62 30 77 62 40 40 31 92 33 98 56 5 39 32 69 90 32 21 12 29 74 15 70 93 79 33 59 8 89 76 16 95 92 98 34 79 16 21 42 35 17 10 3 82
 28 19 5 98 25 98 40 32 41 99 24 9 88 19 84 36 55 34 83 93 14 96 75 96 29 4 37 61 13 25 22 35 66 7 69 77 87 22 65 67 70 49 64 86 12 58 92 38 31 50 4 20 44 23 15 82 8 84 21 46 80 51 56 24 60 32 98 25 77 85 40 14 18 15 23 6 68 16 7 24 1 62 2 60 64 59 3 96 2 89 50 6 2 77 91 38 19 51 30 4 70 15
 39 95 75 81 58 91 25 28 62 19 77 81 61 10 23 53 38 22 58 86 80 48 7 41 69 67 20 39 37 33 23 70 56 69 89 83 85 5 55 17 93 79 77 25 1 77 72 62 73 14 37 80 11 71 75 15 52 87 3 24 50 54 80 36 18 72 86 1 85 44 40 66 68 60 25 25 76 83 35 22 45 69 45 8 28 73 91 82 59 28 33 81 22 83 48 50 37 20 57 26 17 41
 44 25 80 9 9 69 56 25 70 98 34 38 48 82 69 52 15 65 50 34 50 28 6 16 93 81 32 30 56 46 74 5 27 22 37 65 64 8 93 22 75 17 8 9 14 57 72 22 63 58 80 45 78 31 68 67 52 88 69 89 33 72 46 75 99 88 81 97 11 12 3 93 39 23 81 71 59 11 53 76 8 87 36 19 87 89 7 58 35 65 44 7 33 18 73 53 100 99 42 25 66 63
 96 48 87 46 90 77 96 79 58 98 13 55 58 58 15 56 53 1 93 96 73 31 45 38 49 29 11 16 94 48 97 68 55 40 23 36 75 12 52 37 46 92 22 23 10 97 29 97 40 11 54 48 76 34 8 43 44 20 100 24 73 12 27 17 53 51 66 67 89 66 16 71 1 54 91 83 26 4 90 72 56 27 23 13 37 33 27 31 55 10 86 96 73 35 20 23 87 52 38 9 18 30
 81 49 100 72 35 92 10 3 36 87 14 12 68 91 12 42 91 45 61 56 35 29 47 79 8 32 4 34 36 45 43 31 64 90 64 9 31 26 24 13 100 47 28 84 37 62 29 60 87 79 34 20 46 86 94 97 71 25 38 62 81 11 65 88 43 35 97 82 7 94 14 68 71 9 4 49 82 83 69 61 19 56 63 81 33 31 50 1 56 33 84 48 76 31 45 74 61 99 11 20 75 69
 10 89 60 94 17 46 31 80 75 89 18 68 57 82 80 21 35 15 24 35 25 86 7 39 12 11 58 30 46 9 69 41 95 3 5 91 95 56 15 33 71 12 53 50 18 34 74 33 65 79 69 80 73 59 23 61 4 4 53 66 43 76 5 23 17 74 51 79 13 74 34 90 82 75 62 43 95 59 93 1 18 96 14 72 81 12 40 48 35 63 20 40 54 20 15 20 32 26 13 94 47 13
 51 17 70 66 41 2 79 32 7 17 92 38 25 9 54 83 10 87 70 1 55 92 86 75 93 23 90 26 96 89 48 100 39 96 84 72 69 96 15 33 98 81 71 99 69 57 16 85 93 4 64 70 1 82 23 96 69 83 98 68 19 5 48 7 3 82 68 82 86 64 74 15 75 66 37 20 59 52 51 55 46 57 68 89 56 89 24 88 85 24 90 54 96 68 87 90 24 79 3 77 30 6
 70 46 11 30 95 24 53 51 89 92 72 33 11 73 98 1 20 6 88 68 62 3 17 90 41 43 86 92 71 26 64 92 22 83 39 86 43 54 100 25 40 40 70 23 81 3 80 38 74 71 94 70 31 98 56 37 69 99 87 92 33 23 84 5 76 41 88 56 46 95 67 36 10 92 98 17 8 1 66 40 27 68 74 65 41 18 2 13 60 18 67 63 21 71 86 58 19 17 77 36 86 23
 58 48 30 40 68 13 41 30 4 49 41 78 8 26 3 84 88 46 77 39 33 55 61 41 21 1 37 44 14 8 96 18 99 33 17 85 15 54 40 5 5 29 93 6 86 94 98 59 23 91 12 58 72 37 42 17 14 4 49 6 73 41 57 76 52 16 33 32 34 45 20 55 31 88 50 96 96 21 32 56 49 7 68 1 9 95 4 38 72 31 35 27 15 88 18 94 77 77 51 6 3 39
 68 71 28 71 56 5 65 33 53 52 17 29 14 90 94 36 44 16 25 70 74 77 8 8 54 15 30 90 88 20 70 63 75 55 24 13 42 71 46 45 11 37 93 2 7 46 3 78 27 76 14 29 18 57 16 7 52 38 61 23 90 29 40 28 29 24 72 62 65 18 54 56 35 25 13 16 81 3 74 12 49 43 77 74 2 93 14 15 61 59 16 54 68 88 29 26 52 28 84 34 40 22
 10 91 10 55 39 31 47 12 28 23 57 18 64 13 54 17 42 80 36 13 13 1 68 4 56 33 72 4 46 21 20 15 50 4 16 92 57 20 89 40 47 43 54 8 31 33 14 89 21 9 18 82 82 40 42 21 7 63 24 76 84 96 59 26 81 79 56 7 31 23 53 34 53 76 27 92 93 81 41 83 48 12 67 58 96 65 40 40 48 39 22 30 9 23 13 11 78 77 6 48 22 57
 3 5 82 35 6 38 16 76 88 93 47 50 7 13 10 36 33 85 35 46 91 21 99 87 11 8 46 30 80 99 2 43 85 100 60 60 11 46 2 32 85 31 41 7 8 3 83 53 79 97 90 31 16 72 79 62 20 29 42 47 1 19 19 93 9 90 33 62 16 76 26 60 68 75 6 50 92 43 96 15 39 97 15 32 20 49 30 17 31 21 100 74 61 68 44 80 97 42 58 35 28 100
 76 43 32 60 31 10 66 29 94 56 64 92 42 100 2 96 64 48 34 15 52 97 16 82 19 98 1 43 33 64 82 41 36 46 29 23 72 84 76 83 44 31 73 3 39 78 67 98 22 67 12 100 53 29 46 55 33 76 45 56 33 65 44 92 30 74 76 60 83 7 10 27 81 29 52 98 37 53 41 16 38 32 7 38 99 92 69 22 39 54 5 45 29 99 6 35 98 10 11 93 17 50
 83 24 28 80 92 82 45 61 17 23 92 81 30 29 56 47 71 86 36 56 28 55 73 39 53 56 27 91 24 36 19 75 9 57 75 89 78 99 71 92 35 11 19 76 47 78 2 30 20 76 95 80 7 39 15 82 62 96 78 53 34 15 9 29 91 84 78 59 36 80 91 53 69 26 93 15 81 66 60 99 76 17 54 44 4 73 39 40 37 86 18 85 59 19 37 10 82 52 52 20 91 82
 22 32 6 90 16 32 88 55 9 71 48 58 30 51 77 95 1 19 7 19 76 23 3 30 84 3 47 33 52 58 31 48 1 57 12 17 21 62 90 29 50 12 66 88 87 87 20 91 19 72 88 39 63 7 77 51 81 26 44 98 59 9 6 91 81 76 30 31 2 59 84 40 85 15 26 56 33 45 60 35 59 46 77 2 78 92 11 49 42 28 30 16 33 79 1 19 27 84 50 64 34 13
 4 33 53 58 88 99 28 38 15 21 27 65 56 41 58 3 11 89 6 21 12 56 31 97 44 12 21 98 92 73 53 95 47 56 46 27 53 72 69 26 1 5 24 96 67 94 39 95 52 47 65 71 45 14 98 79 62 68 93 23 78 47 55 17 20 15 100 55 94 26 78 4 37 67 44 10 41 34 23 82 36 40 17 68 81 19 92 90 5 74 26 47 1 65 77 53 94 99 62 77 10 56
 70 78 23 2 46 68 68 70 32 41 99 35 92 89 45 68 8 75 65 12 17 42 2 38 46 28 60 77 20 8 55 2 84 27 45 84 17 44 59 34 92 61 59 73 55 63 53 18 43 91 66 83 81 36 62 62 63 20 87 28 89 53 94 34 50 43 8 1 65 48 2 7 37 51 99 86 79 96 18 98 17 37 55 60 52 58 31 50 84 22 86 20 69 48 69 19 50 66 16 52 12 30
 73 11 99 67 70 74 3 70 54 38 11 7 15 10 68 35 60 36 93 13 69 77 48 75 88 45 94 34 18 48 12 13 6 43 46 15 81 18 37 71 97 74 15 59 10 57 52 77 25 80 4 47 88 66 13 42 96 42 5 51 94 8 15 7 54 47 11 50 23 16 49 40 69 85 74 90 3 85 40 86 17 51 32 21 80 67 24 11 16 66 35 35 55 73 21 77 78 66 14 17 89 89
 71 86 89 87 68 51 89 84 66 50 22 31 37 48 66 77 77 29 22 70 36 53 15 3 58 91 28 97 23 36 72 72 13 34 22 29 26 92 82 47 49 89 96 55 6 70 61 23 49 92 41 51 28 27 44 49 96 53 33 26 64 41 41 19 7 90 16 92 6 43 87 37 37 3 18 89 85 64 39 17 99 78 43 79 96 32 91 81 40 32 82 53 55 11 17 79 20 68 67 54 25 52
 13 39 8 72 98 83 32 12 28 67 27 64 90 43 24 65 24 29 73 10 69 48 78 4 40 15 43 54 100 39 48 64 90 88 2 19 41 95 53 42 30 57 49 83 23 16 36 3 70 74 9 91 4 5 12 29 36 49 98 64 54 96 62 2 17 40 6 87 8 11 68 1 85 53 32 77 63 89 17 38 26 51 84 96 93 17 1 93 6 34 7 82 10 36 65 69 21 83 56 33 40 28
 67 42 67 1 41 99 12 51 17 69 16 88 75 21 25 31 67 16 49 72 28 15 80 87 63 82 86 96 14 77 24 63 65 93 15 42 24 91 12 68 31 39 90 65 12 63 23 80 63 89 61 84 84 46 71 73 92 44 6 39 53 37 61 35 22 91 62 34 42 15 14 27 57 70 45 84 90 96 70 21 28 53 32 35 72 78 45 70 30 26 96 76 100 2 25 35 30 83 12 23 28 92
 59 61 11 22 86 76 39 63 2 3 41 86 44 51 7 70 69 79 48 74 49 98 49 44 14 74 61 72 26 29 79 84 29 33 90 8 70 57 9 49 63 24 85 50 84 28 38 66 41 35 84 34 70 37 31 48 50 48 75 13 36 96 90 58 68 50 5 59 19 81 54 40 67 85 67 92 33 77 41 54 67 90 57 13 20 98 99 85 6 10 43 82 52 78 61 62 62 63 55 61 93 33
 16 31 6 17 83 55 25 41 16 22 16 64 50 84 96 90 58 94 49 71 98 46 48 43 60 8 21 62 7 28 88 40 12 40 8 27 54 4 60 63 63 1 5 25 52 67 52 53 53 90 50 94 36 37 7 29 14 56 3 19 69 9 22 16 81 67 37 10 62 31 100 36 39 33 61 16 2 37 18 19 62 47 32 35 24 30 5 83 62 60 96 95 39 37 1 31 13 43 6 87 86 24
 67 54 1 88 87 24 83 76 23 11 67 93 44 61 73 4 53 68 55 9 41 99 6 45 79 44 3 87 10 32 100 29 99 99 54 88 59 100 6 39 42 50 14 17 15 78 66 17 18 5 11 96 34 29 81 95 73 51 73 28 7 71 98 87 78 2 91 28 12 43 38 47 23 83 49 30 19 24 93 78 33 26 11 84 15 59 95 5 63 87 97 77 46 89 4 67 40 22 15 78 48 3
 14 45 38 80 92 96 37 35 44 89 86 88 31 1 72 13 60 83 66 75 28 39 80 15 78 26 2 11 30 23 81 87 1 37 75 35 88 96 32 40 74 24 42 60 14 27 12 60 98 80 49 65 39 30 72 51 42 35 82 71 21 61 31 6 79 11 59 50 86 84 1 35 87 6 9 33 41 92 4 72 99 21 54 37 80 87 6 4 20 79 52 15 89 42 46 59 1 76 94 9 32 53
 59 39 45 75 90 75 26 81 12 68 71 32 22 63 11 59 95 85 10 80 76 70 78 63 79 62 41 84 94 11 20 8 55 84 23 76 59 99 11 30 73 36 54 17 100 88 19 72 27 45 32 73 71 58 65 4 81 37 85 66 95 87 52 73 26 22 80 82 64 13 39 8 27 57 88 28 68 79 14 85 92 16 61 85 20 69 41 80 60 57 14 20 98 68 39 64 30 90 31 92 30 50
 84 82 21 65 63 63 90 95 11 14 46 92 50 53 20 73 33 20 63 78 4 55 65 21 61 22 6 24 63 87 30 79 29 29 87 64 94 25 8 55 12 9 13 91 29 89 6 14 3 54 98 68 16 52 10 33 56 87 56 100 31 23 76 84 12 74 18 48 71 26 1 92 25 60 40 4 58 47 80 29 6 9 6 88 1 52 65 67 87 78 13 56 59 52 46 21 81 48 11 48 13 83
 34 69 21 60 80 63 40 85 32 75 3 62 80 70 4 94 98 29 80 12 83 79 87 86 6 34 56 54 78 79 38 70 49 39 44 46 10 74 62 87 78 75 26 45 18 61 74 76 19 41 47 10 58 66 1 57 61 5 66 62 49 46 59 49 58 48 8 44 24 74 3 98 98 88 52 56 96 81 32 55 31 17 46 26 6 100 80 17 75 23 55 52 23 27 96 70 78 78 96 17 78 7
 5 80 58 35 67 5 71 95 80 57 66 30 100 39 84 30 27 27 96 31 71 90 60 75 29 10 37 93 50 84 30 36 57 9 33 87 99 18 28 14 45 54 9 15 40 44 35 59 93 55 49 7 97 44 35 84 14 12 22 59 94 81 80 83 64 74 1 43 62 56 80 75 55 15 6 43 30 25 19 24 100 18 4 22 72 42 70 38 28 36 99 58 94 3 84 22 49 10 49 78 61 22
 65 32 6 55 35 9 60 50 8 66 66 67 38 57 64 11 23 72 54 19 73 71 95 70 20 48 61 11 55 60 57 81 82 74 33 70 45 31 10 76 29 5 3 8 94 54 53 3 60 1 26 94 80 4 86 66 63 77 19 24 13 59 61 45 85 88 34 38 15 4 3 70 14 73 41 6 36 18 14 22 93 32 39 24 81 84 7 86 14 1 71 24 57 11 89 51 53 19 84 1 78 58
 37 42 74 2 80 97 41 14 88 77 64 29 72 12 25 28 19 90 12 48 86 51 12 21 72 82 99 10 83 59 99 93 80 78 14 23 95 48 40 66 14 66 88 47 46 36 40 49 36 62 86 10 80 9 87 39 32 61 67 89 47 3 96 32 87 28 57 88 83 41 98 14 86 62 65 88 53 57 84 66 74 47 22 94 71 39 14 34 12 9 21 6 48 83 99 74 19 19 33 59 19 89
 75 84 66 93 90 89 16 30 92 44 58 34 10 77 69 98 7 29 7 42 12 82 75 19 73 47 53 5 79 62 24 90 20 37 99 2 19 79 67 76 74 20 77 49 20 100 27 92 72 74 12 82 42 55 59 100 93 14 23 26 65 93 90 23 34 55 52 5 64 57 83 12 25 40 87 67 25 38 45 99 45 12 11 12 95 30 8 37 30 77 11 85 16 93 27 17 1 9 30 52 27 5
 24 88 76 47 41 53 64 9 15 51 35 93 88 70 8 62 90 5 90 46 74 55 89 88 49 68 78 73 61 3 56 80 62 23 69 43 90 70 39 77 4 36 22 72 100 59 31 40 17 80 88 55 1 33 32 26 14 51 71 70 26 2 3 15 50 73 92 59 17 68 79 36 34 9 48 76 39 60 20 51 2 6 64 52 78 23 71 7 29 48 72 43 35 72 41 17 63 36 99 25 55 49
 83 26 3 25 38 8 27 31 54 92 58 81 70 77 53 98 66 18 37 58 61 38 9 90 2 40 16 61 83 76 43 74 5 68 1 93 55 35 11 99 75 55 27 93 12 59 74 51 3 85 34 18 42 100 76 86 71 98 78 61 38 33 41 89 9 88 14 33 45 68 53 10 32 98 78 52 96 51 74 88 22 91 69 91 27 67 43 76 52 77 18 63 32 26 9 39 37 6 51 64 93 2
 59 49 20 85 99 67 41 83 65 78 38 100 34 18 62 81 54 37 27 41 64 30 18 69 63 69 43 95 43 17 28 6 27 76 76 49 41 28 28 42 60 65 3 7 87 75 54 81 5 33 15 51 95 45 73 82 78 87 90 66 90 56 32 4 82 57 96 27 22 81 75 99 54 70 96 68 62 81 64 44 20 84 98 41 6 38 92 57 6 94 52 43 28 39 39 53 56 97 50 21 3 65
 85 56 17 73 26 81 64 12 11 1 43 63 77 1 28 70 45 12 12 55 43 73 42 65 66 97 88 37 37 32 73 59 22 87 50 56 21 63 83 92 51 81 16 50 34 86 5 23 35 83 91 99 71 5 53 91 55 70 90 40 18 76 89 8 14 21 27 69 37 49 98 5 31 45 61 66 45 31 3 61 46 42 32 58 20 22 69 11 31 75 96 62 56 20 61 53 21 22 75 45 44 46
 91 68 91 62 44 34 59 37 51 34 5 53 71 82 73 70 72 18 35 86 29 38 21 44 83 6 47 59 52 92 89 6 71 31 25 16 2 95 56 58 80 26 18 82 69 44 15 38 99 20 24 13 15 66 69 57 65 95 69 90 6 57 41 33 57 82 45 81 57 59 70 66 42 63 91 95 86 36 2 72 5 75 54 76 38 88 11 95 23 30 75 71 91 97 22 32 34 79 80 9 81 36
 23 15 78 81 38 1 78 36 73 28 25 44 76 24 21 64 32 33 17 72 85 9 33 97 84 79 82 68 82 80 21 34 64 1 41 78 52 29 87 66 57 91 44 66 57 44 72 97 73 88 88 9 72 42 38 43 8 77 62 17 43 77 80 77 36 69 38 99 61 51 84 78 92 42 1 28 83 40 4 16 29 86 14 13 75 83 58 22 62 13 5 67 63 19 70 35 26 27 21 71 69 84
 43 14 76 36 80 45 40 54 61 25 62 50 38 11 79 96 26 47 33 81 85 44 22 18 48 53 55 32 46 26 38 77 30 73 66 19 59 76 86 50 38 4 5 22 60 9 87 71 97 26 69 38 1 49 91 90 11 88 70 26 99 77 24 79 71 46 49 83 23 30 1 26 100 14 36 67 23 12 18 50 57 96 79 47 73 22 52 32 64 51 28 99 64 17 12 37 8 73 37 97 33 71
 5 4 64 63 18 20 13 31 30 25 64 94 81 63 19 69 77 48 50 25 8 81 80 37 56 20 6 36 21 2 19 4 30 68 95 26 92 19 46 81 73 46 62 57 85 60 51 9 22 20 21 93 81 63 63 93 63 70 82 86 34 15 73 1 68 71 84 73 10 29 80 40 53 60 55 13 98 87 24 65 3 12 91 1 83 70 88 90 38 72 87 92 42 56 3 66 32 96 48 19 48 43
 73 11 6 76 72 9 90 11 36 87 54 34 76 22 4 48 64 2 5 91 33 40 57 10 40 67 91 90 67 4 23 3 50 29 89 15 25 91 96 1 67 86 14 93 77 3 51 1 14 43 62 43 4 28 77 69 80 99 7 18 95 49 90 92 87 80 60 28 49 60 43 90 96 7 88 44 96 23 21 96 60 96 90 52 70 17 27 3 48 93 3 10 64 90 5 99 84 43 23 52 53 11
 20 56 80 85 13 71 95 90 24 42 68 5 45 56 7 36 58 94 85 32 36 41 47 26 90 22 96 68 16 47 25 86 91 11 31 52 83 47 2 98 79 2 81 100 70 91 44 63 21 25 97 3 45 13 90 25 26 33 49 65 98 66 19 26 49 89 34 93 61 75 32 90 60 72 79 86 60 40 61 75 31 7 9 69 91 69 20 3 75 21 12 16 79 23 79 16 60 61 32 83 22 12
 47 91 52 74 75 25 93 100 82 18 44 23 13 46 69 34 14 94 62 52 40 88 90 19 1 94 72 2 53 40 48 32 85 100 79 74 79 31 19 81 9 52 61 28 40 6 23 23 88 34 63 52 80 6 24 30 74 29 87 30 37 71 8 94 68 22 39 82 81 89 35 68 88 49 27 4 87 19 75 66 16 15 19 7 39 54 31 45 22 83 71 60 74 5 25 24 23 39 89 100 2 20
 72 48 66 60 74 7 79 47 60 51 98 49 36 95 96 71 84 78 17 94 22 92 3 50 25 22 91 95 40 20 33 24 42 80 55 5 59 10 11 19 44 52 96 29 34 3 56 13 56 79 3 65 35 82 87 49 78 14 2 41 92 4 28 61 28 91 38 15 1 86 96 92 29 7 47 24 28 55 34 4 43 31 50 84 20 97 51 44 35 65 79 31 8 54 73 50 49 72 66 87 51 40
 49 60 98 33 58 70 78 1 73 78 50 1 11 61 25 49 23 88 78 59 53 40 86 25 25 4 6 89 84 52 15 76 27 95 69 7 95 11 30 4 11 64 24 44 60 88 71 28 78 75 89 32 85 17 49 40 19 55 51 31 48 63 62 54 86 47 31 74 85 20 27 85 56 2 5 40 37 28 16 53 26 70 97 89 78 45 44 43 51 21 68 57 11 10 6 26 22 16 48 29 29 60
 82 19 62 16 90 92 41 77 9 21 66 18 46 74 9 93 60 9 39 1 84 41 4 80 97 93 34 9 15 79 75 90 19 94 12 98 99 79 76 53 44 57 77 14 3 19 50 52 64 39 77 95 55 1 9 36 91 40 10 68 55 13 23 35 66 86 77 97 55 91 49 5 27 10 69 28 6 27 87 78 9 98 37 81 19 89 51 22 3 64 7 72 23 37 24 16 68 58 5 31 13 19
 31 5 19 25 65 43 74 34 51 97 61 37 33 3 49 7 23 23 29 51 2 79 98 84 87 4 10 61 75 22 69 21 60 33 10 8 83 65 97 72 14 83 33 25 90 60 73 49 56 7 99 17 87 95 91 32 29 59 96 36 34 5 55 54 31 38 13 96 51 29 2 49 77 32 3 16 30 11 14 52 59 43 21 24 55 14 11 68 100 10 100 89 75 40 45 3 62 96 97 39 21 31
 25 62 91 58 65 4 48 100 22 34 27 27 51 81 91 47 94 8 36 52 47 37 4 25 2 68 46 79 87 98 16 65 68 33 27 61 13 47 46 83 55 92 30 36 58 64 12 65 72 84 45 77 95 28 38 75 5 36 6 36 95 34 36 23 19 75 93 82 66 16 13 62 17 73 91 94 20 96 54 72 51 91 42 46 3 64 76 68 81 73 10 27 77 38 36 16 57 1 78 29 42 16
 86 1 63 35 49 70 83 85 36 44 9 41 25 48 24 40 63 83 74 23 36 89 10 27 37 77 79 26 41 11 44 25 86 54 12 11 43 75 57 2 81 77 92 1 28 67 8 74 5 69 95 22 39 46 86 55 67 69 55 99 14 86 44 26 7 88 62 73 3 55 80 96 23 53 81 1 92 74 96 58 96 47 1 71 40 96 62 41 86 86 4 71 24 74 95 32 89 67 61 34 68 98
 51 94 84 72 70 90 90 59 63 46 31 73 61 92 64 55 37 48 71 54 75 67 25 80 50 31 71 2 56 1 82 94 84 88 43 75 55 73 65 20 24 38 21 95 11 11 26 67 55 17 23 90 48 42 22 29 83 80 7 97 72 54 8 75 66 37 37 33 63 100 53 81 75 49 97 70 20 75 84 14 87 46 92 67 96 69 83 46 69 10 82 19 12 74 54 78 37 14 72 62 4 81
 1 92 55 83 80 7 22 48 88 2 18 23 96 92 83 12 40 78 53 40 86 36 66 65 10 10 55 12 44 41 9 64 19 17 80 35 36 72 41 65 25 10 13 49 36 52 79 31 9 50 88 94 3 96 95 6 94 94 72 74 85 91 20 55 4 46 82 67 89 61 96 55 19 22 95 69 69 34 72 74 11 6 82 18 94 48 11 25 58 62 41 44 86 37 14 7 14 8 67 84 44 59
 86 85 44 40 50 79 55 68 87 96 5 3 40 25 90 62 20 95 85 18 45 100 80 46 61 55 73 95 75 8 45 75 86 18 48 79 19 39 53 50 42 80 10 52 31 22 74 81 30 63 58 63 84 62 65 87 86 21 60 46 25 77 39 66 13 52 72 49 93 46 41 5 88 90 19 38 36 10 71 29 36 51 31 25 22 86 48 60 46 82 45 32 89 67 6 11 56 13 84 24 72 88
 17 47 31 95 53 48 79 34 61 60 93 92 95 5 84 89 71 61 49 31 13 1 83 13 2 42 48 26 11 6 50 65 93 89 65 79 44 94 58 94 76 77 64 43 92 22 34 12 25 76 63 19 24 38 14 58 19 20 47 71 5 42 64 48 24 53 98 45 1 3 55 33 56 78 4 37 64 4 77 17 62 98 9 71 73 22 34 31 68 32 41 20 45 42 3 85 90 1 47 15 58 81
 63 51 12 20 4 6 87 78 76 98 93 50 22 60 34 37 5 18 32 64 67 46 19 64 23 46 9 74 91 42 89 42 45 38 74 13 72 80 94 40 16 25 71 18 15 64 55 3 43 31 42 96 27 96 35 78 12 40 19 7 80 17 26 55 54 2 11 57 82 79 64 99 89 11 50 54 41 34 85 34 43 22 16 81 14 40 15 59 3 62 22 64 20 85 68 57 76 74 10 69 94 68
 71 18 83 1 32 82 83 70 91 87 34 15 96 22 23 62 97 6 74 13 79 97 41 30 42 84 42 87 31 89 41 84 41 53 59 45 77 3 90 53 20 6 31 44 75 76 83 96 34 13 48 90 78 42 58 82 2 16 15 66 14 59 51 70 19 39 19 4 2 44 56 43 44 73 47 20 57 53 15 31 68 94 92 66 40 46 29 46 71 93 1 78 35 30 28 33 18 7 30 41 20 25
 6 34 23 45 26 4 80 85 94 33 75 42 49 10 28 56 63 65 53 29 24 76 85 24 10 66 23 57 43 97 1 19 38 55 86 98 4 74 9 8 97 52 6 95 86 85 58 96 20 88 66 82 97 58 60 37 68 38 73 58 94 35 35 32 31 12 27 45 59 8 50 35 44 85 33 43 42 64 87 57 88 12 10 99 72 43 72 57 50 52 47 80 35 64 33 76 54 23 65 83 38 75
 23 97 77 15 50 44 91 31 13 27 87 7 78 36 32 24 48 38 90 41 81 96 65 61 29 83 34 7 89 22 81 85 39 69 24 76 14 71 5 71 61 68 81 73 58 34 38 31 46 18 13 40 68 21 78 38 69 51 54 92 50 51 18 29 58 12 88 85 86 54 76 12 65 45 18 71 72 63 46 99 91 88 17 19 70 59 73 34 34 89 12 96 37 39 77 73 99 20 40 91 51 98
 83 74 85 100 31 38 68 91 16 62 59 88 56 52 59 80 75 40 48 32 24 38 100 39 7 53 38 72 46 16 21 24 40 58 28 3 73 83 76 66 33 28 28 73 64 4 86 37 95 98 84 58 1 80 49 8 70 37 42 8 24 82 41 80 1 91 99 19 61 54 63 56 59 58 11 55 31 32 84 98 96 80 94 12 43 20 56 71 100 32 8 60 54 89 43 16 43 23 8 10 61 27
 21 13 43 66 39 48 53 14 74 20 24 64 11 81 15 77 31 76 36 32 89 26 44 90 15 72 98 66 92 17 24 2 88 47 67 53 51 21 43 78 62 52 2 42 2 86 63 32 8 29 33 22 43 20 1 33 82 96 1 91 81 25 82 3 54 10 72 49 73 47 49 74 28 14 36 29 37 28 73 9 79 75 89 79 81 27 92 17 52 30 25 76 49 88 49 17 58 98 7 32 83 81
 96 48 9 36 31 21 2 31 84 4 62 38 20 23 94 6 28 68 64 17 21 40 29 73 2 65 39 94 64 70 14 27 98 15 38 100 75 100 95 40 65 64 76 30 26 81 90 69 74 15 83 56 6 17 31 68 55 4 33 15 94 20 68 79 53 66 48 96 2 61 33 36 95 26 61 2 14 19 43 46 55 37 10 36 8 97 58 46 27 18 91 76 20 77 63 84 56 41 65 4 46 68
 1 53 1 3 45 33 26 11 99 14 12 30 74 2 95 4 38 7 61 30 37 29 20 78 17 43 6 8 93 47 11 70 97 21 46 33 78 40 47 85 72 91 14 68 54 69 29 70 28 26 64 78 58 100 81 83 3 78 19 23 77 46 22 96 57 69 27 48 44 48 25 26 96 71 71 97 82 87 3 59 51 23 57 87 59 39 31 96 36 79 60 92 44 4 63 90 67 75 19 56 98 7
 5 40 22 8 63 33 31 30 42 44 25 92 73 88 90 86 56 56 26 38 87 2 83 72 64 85 3 41 51 20 4 60 95 24 77 68 4 36 33 1 98 46 39 49 79 65 77 19 16 31 6 35 7 73 64 3 19 27 37 73 14 13 28 96 86 10 43 56 89 20 2 35 44 13 78 23 46 90 78 22 48 57 69 94 41 48 90 2 36 27 23 86 93 57 3 32 12 45 51 8 52 33
 81 25 64 17 45 22 18 56 22 74 96 92 70 33 49 53 1 58 56 30 22 64 51 15 70 55 47 49 82 38 62 34 87 55 87 21 5 81 33 99 1 53 46 13 26 44 10 44 96 43 38 65 96 69 31 20 46 91 96 23 60 31 26 19 19 52 91 41 66 42 53 87 95 30 89 34 42 9 17 52 49 78 6 75 8 50 68 29 38 65 31 8 97 1 99 16 48 34 60 14 59 49
 15 83 72 55 36 18 88 52 35 25 85 60 78 20 19 14 15 18 28 22 70 40 14 59 61 15 98 49 47 4 63 15 97 24 24 58 82 60 21 36 60 46 84 10 85 33 67 17 81 1 48 8 31 17 55 28 17 37 79 48 11 18 97 14 62 94 68 34 29 63 20 66 90 43 76 10 46 43 85 95 11 24 100 37 33 90 51 17 23 55 6 96 88 1 86 21 2 33 48 3 76 52
 44 48 65 82 71 67 58 67 88 68 61 75 11 70 89 93 48 51 93 95 59 4 12 97 62 12 57 40 35 18 65 49 55 18 22 13 49 17 53 13 15 5 89 15 55 97 9 4 13 39 40 70 60 10 25 72 26 21 21 43 40 87 2 65 28 31 6 10 14 21 53 85 31 72 96 82 27 4 76 49 73 67 58 58 31 63 63 4 62 52 20 7 91 14 50 63 69 2 35 59 5 100
 81 53 56 100 99 45 100 5 36 60 49 22 39 22 54 96 48 22 84 96 84 95 85 30 14 71 49 19 20 54 56 46 30 69 92 22 70 2 80 4 55 17 58 31 73 44 28 83 90 26 11 15 73 99 32 22 47 95 49 21 85 44 8 60 73 17 23 74 2 58 93 3 18 49 86 53 81 28 26 52 100 97 51 46 87 82 64 24 37 72 87 60 51 7 51 55 6 93 100 50 16 39
 71 41 65 83 94 28 36 72 32 89 39 26 15 23 96 44 19 61 55 28 66 65 12 59 61 91 95 77 59 77 78 25 36 86 83 66 54 26 9 17 99 25 31 41 47 40 39 11 52 28 90 67 43 63 28 13 57 51 26 31 44 67 71 24 27 61 86 72 66 89 86 74 1 48 88 74 57 14 84 3 66 18 42 14 50 87 93 30 8 75 10 33 81 19 48 19 17 11 44 90 25 75
 87 86 64 28 23 51 29 34 47 18 51 20 76 21 80 34 66 43 19 16 45 47 45 15 10 35 8 48 85 75 85 68 54 63 84 62 71 78 14 23 4 67 80 85 21 45 90 75 27 89 97 12 8 59 1 1 42 47 31 55 19 2 72 12 97 72 55 13 36 93 11 71 73 40 4 56 5 24 9 69 6 34 34 32 66 28 33 45 51 46 6 38 77 60 11 60 43 42 1 57 24 1
 73 39 93 24 53 27 64 56 86 61 31 83 11 92 39 89 31 46 98 5 92 50 63 34 70 86 2 27 24 67 7 70 86 14 47 35 54 34 89 37 99 90 41 93 15 82 3 5 27 14 42 8 84 26 31 99 15 84 18 63 37 18 44 94 29 37 17 3 15 66 76 75 40 94 30 16 12 71 27 58 23 28 64 96 80 43 65 80 78 46 25 90 65 43 27 21 80 99 21 22 46 62
 8 59 33 25 68 2 91 76 70 54 90 63 4 94 70 63 75 53 39 5 70 46 28 98 32 67 19 73 91 41 85 49 73 41 40 36 47 20 51 48 2 4 43 44 76 53 25 22 39 72 86 19 68 74 91 29 55 38 73 84 89 100 2 48 20 16 45 6 66 96 69 6 27 22 84 82 90 54 16 30 6 31 85 31 15 85 34 53 33 32 73 82 45 45 11 4 92 52 49 28 33 50
 45 89 2 39 7 30 74 67 57 53 77 11 42 61 26 100 1 88 96 93 72 82 65 2 86 7 55 61 27 81 98 40 93 67 83 9 97 16 68 40 54 3 66 41 7 17 63 72 74 56 82 58 1 94 89 5 17 80 76 86 71 16 71 17 66 93 99 64 75 37 37 26 70 50 69 15 23 68 55 78 78 41 48 22 63 96 24 88 25 96 26 7 57 96 50 45 32 86 45 6 50 90
 32 72 88 18 30 60 37 69 82 14 66 66 86 11 79 35 31 14 58 58 100 77 32 95 54 99 55 62 58 5 77 97 79 61 77 45 94 18 16 33 54 26 38 4 84 50 16 70 58 93 56 32 22 3 17 37 29 91 49 11 13 82 57 11 25 98 31 41 78 34 15 84 18 6 23 11 47 40 6 34 17 73 39 50 65 20 69 96 16 48 28 16 12 77 49 26 61 88 10 86 58 24
 62 7 72 98 54 79 21 57 83 28 45 20 31 45 68 90 58 77 60 100 16 86 84 50 52 43 44 6 34 53 58 7 26 43 60 66 4 77 68 46 10 28 75 99 8 43 69 30 62 91 42 15 17 4 22 32 63 64 26 70 2 17 18 27 57 79 93 95 3 86 24 47 98 38 50 11 46 67 49 87 22 90 92 41 86 30 68 38 5 78 70 43 55 66 29 85 69 39 40 82 67 35
 91 71 82 88 53 89 19 90 4 99 6 86 20 26 63 20 16 33 52 48 18 27 37 23 15 55 57 96 98 20 90 5 17 39 41 80 98 69 41 31 7 41 1 98 82 32 21 67 59 55 19 11 34 23 11 26 35 94 12 61 28 53 53 60 32 21 22 58 19 10 48 14 88 55 8 62 22 33 64 26 58 77 42 80 76 32 100 60 22 31 34 85 42 7 10 95 32 40 2 32 16 80
 58 60 8 44 76 39 14 78 48 44 74 86 76 78 94 52 86 50 78 52 62 42 26 99 34 82 65 61 59 16 88 32 65 86 15 26 45 68 45 87 75 6 52 96 42 69 28 71 99 81 95 9 21 22 52 72 76 89 84 40 67 42 52 84 22 88 7 80 10 6 65 86 37 86 93 70 76 55 69 29 63 37 47 38 58 26 70 39 78 72 29 3 25 49 53 48 13 10 7 1 81 12
 99 93 53 19 68 20 1 82 44 63 87 90 67 64 5 87 17 56 63 31 34 65 82 16 14 41 78 23 4 92 97 18 91 92 1 44 90 8 93 20 5 64 25 66 52 92 22 81 15 24 42 25 57 60 72 51 84 86 47 26 57 51 51 54 90 24 44 73 47 64 18 63 19 17 70 69 10 56 71 93 14 30 8 23 16 48 38 22 22 85 45 26 95 62 13 30 25 56 16 65 27 75
 56 21 12 22 36 9 77 12 50 61 1 22 40 51 2 76 81 8 92 46 3 20 44 9 3 38 60 56 25 78 49 40 89 24 9 79 12 56 24 82 39 37 31 81 99 97 9 54 67 19 2 6 71 81 10 13 51 92 10 75 46 17 3 54 65 46 38 27 52 56 7 21 86 57 11 95 43 4 79 34 79 72 44 48 4 52 46 82 6 39 60 90 31 83 81 5 29 44 40 97 48 87
 58 84 16 81 4 9 5 84 3 60 78 11 63 97 28 85 32 23 38 43 48 18 40 38 54 54 87 77 38 92 3 90 88 70 14 65 48 86 89 78 24 45 52 8 5 84 93 68 75 42 13 39 1 44 92 67 85 82 90 37 66 96 16 87 90 16 64 56 37 82 10 46 61 26 80 7 62 4 45 94 22 95 6 25 4 95 55 68 8 25 43 72 82 5 21 70 48 72 52 79 16 29
 57 43 59 74 57 4 10 92 12 6 79 50 85 88 10 38 42 74 47 84 12 88 68 36 9 41 84 1 11 16 28 61 18 10 67 30 30 32 18 19 87 39 55 51 39 49 78 38 21 90 40 26 40 12 95 44 48 2 17 17 76 28 58 82 4 40 95 56 73 77 8 5 74 52 40 50 3 48 53 9 18 2 92 92 78 39 3 50 61 14 2 41 46 69 87 50 4 68 73 70 79 29
 47 43 75 76 15 52 28 86 44 96 31 50 1 71 18 30 76 83 14 22 52 58 16 67 3 5 71 29 23 49 51 29 90 24 1 47 49 87 38 35 62 82 51 62 90 72 11 35 89 57 55 66 32 52 7 44 94 34 46 55 35 69 71 25 33 13 89 72 6 28 32 84 85 81 87 35 78 75 66 60 61 7 7 17 57 89 96 40 95 44 28 32 58 38 35 63 38 50 90 1 26 13
 77 28 61 67 97 78 51 59 6 23 48 61 86 75 37 2 57 44 33 7 21 68 83 72 49 42 66 100 21 86 63 41 34 48 63 58 46 67 5 52 8 74 78 68 38 93 16 46 41 51 70 38 83 77 28 7 78 88 52 21 27 35 52 43 31 39 51 27 78 58 92 58 88 87 98 40 25 13 1 55 79 10 86 59 64 80 73 19 51 49 36 50 41 31 17 81 27 100 97 93 54 9
 61 10 42 17 83 85 10 34 48 27 49 98 26 7 95 65 71 51 61 70 43 16 16 61 54 93 22 97 56 16 72 98 92 28 85 62 38 53 16 64 67 79 76 63 74 15 25 89 41 79 99 51 50 30 71 53 11 24 3 33 61 64 76 50 66 14 10 78 4 68 40 47 12 8 73 35 99 28 6 11 90 42 25 91 3 1 59 71 83 58 27 31 29 17 18 62 6 19 97 53 23 95
 16 24 38 22 69 40 47 39 90 84 24 24 86 49 86 59 16 6 53 79 73 17 22 73 36 52 41 68 80 57 74 14 44 91 44 93 66 77 56 20 77 72 23 13 9 77 22 40 98 85 39 15 17 50 50 84 3 65 2 76 69 91 81 69 31 99 36 88 96 48 57 90 11 42 3 86 78 91 81 7 52 77 14 94 61 62 95 78 13 74 82 12 92 80 59 56 50 100 50 32 91 36
 15 78 67 12 33 90 80 12 78 54 97 61 85 91 7 79 57 40 5 78 62 82 56 28 20 17 44 62 59 6 14 21 89 54 73 44 48 30 19 42 3 57 16 95 61 49 60 29 46 93 32 1 9 29 25 81 6 31 35 25 16 5 40 9 62 36 7 28 78 88 37 5 79 36 20 8 32 72 31 36 25 77 52 14 5 13 51 78 53 77 4 83 5 83 71 28 24 15 42 12 89 57
 11 42 15 20 42 82 58 37 25 73 97 95 35 46 4 55 17 61 74 63 92 78 85 52 51 99 79 77 34 13 79 35 83 42 39 44 3 62 76 6 90 68 87 39 84 84 80 39 16 35 2 65 47 74 27 11 61 41 11 79 91 46 93 90 97 100 59 38 14 38 100 4 21 89 72 12 60 47 48 19 84 27 72 22 6 20 74 28 44 23 85 96 20 62 30 17 93 91 60 46 15 33
 70 45 26 86 97 99 90 35 21 79 61 61 52 8 68 24 21 3 36 55 2 98 71 9 98 27 65 45 79 66 10 60 80 98 20 87 22 64 4 30 22 9 11 2 25 92 97 99 97 25 17 2 91 66 81 97 12 87 86 96 59 18 33 38 24 94 93 62 1 47 51 51 86 27 25 39 35 28 23 18 80 96 61 88 100 13 79 96 13 5 69 81 45 22 63 69 9 92 16 18 72 11
 54 90 64 77 68 58 6 49 77 21 33 56 25 59 51 35 86 35 44 25 48 39 44 8 89 40 2 77 19 13 45 72 3 21 99 20 10 40 27 5 9 3 100 15 22 99 58 66 9 39 9 53 33 40 39 56 98 35 85 28 54 76 49 99 87 22 88 15 6 11 76 22 76 13 35 81 17 61 72 87 80 3 20 10 25 34 71 56 12 18 69 17 41 65 68 86 28 55 69 88 85 10
 6 60 8 9 71 95 12 16 35 84 12 76 64 94 14 46 3 1 33 83 65 39 62 23 4 41 4 73 39 8 53 60 55 6 64 89 8 86 77 19 55 76 51 31 100 50 69 61 71 10 40 15 14 55 1 11 18 52 29 32 22 28 43 19 9 57 30 22 90 46 62 51 61 84 89 9 59 86 87 60 45 11 24 24 15 25 56 75 8 23 36 85 24 20 81 3 75 37 91 46 9 70
 50 20 38 42 66 80 60 17 76 46 51 36 91 75 54 55 65 10 51 49 15 34 98 58 43 72 86 82 84 99 56 9 75 19 58 93 33 40 53 89 54 8 73 1 75 40 8 71 94 19 96 14 26 74 19 80 96 41 80 86 69 14 49 55 44 84 15 47 63 67 33 66 81 33 96 15 31 80 30 97 72 38 73 30 45 1 41 92 54 2 74 67 59 87 81 18 18 10 76 59 25 89
 50 66 28 21 35 13 85 60 69 15 38 90 99 35 39 98 85 1 82 31 78 96 41 40 17 67 85 16 55 54 30 1 15 73 83 60 3 67 9 54 36 10 59 62 22 67 86 72 13 72 3 64 52 85 8 38 42 90 86 57 80 49 7 97 99 42 56 27 21 90 28 53 52 96 30 81 57 87 88 58 15 8 83 20 24 38 28 10 68 94 31 14 21 68 90 28 74 89 52 41 49 23
 2889 3952 5631 9536 252 7959 5647 1719 5974 4715 9014 8711 3665 665 3368 7579 4771 6788 8486 3858 7449 5916 2833 492 8520 6892 482 2258 4359 5328 577 1897 2467 1453 1834 6761 6139 7638 9110 6987 6339 3452 4267 7804 549 7981 2575 7328 6359 4503 1687 5097 5572 2924 2079 1777 8982 8727 72 3191 6538 3381 7718 9732 586 6560 3994 9699 7386 4173 4151 8392 10005 6164 3375 3720 7878 5589 2330 3479 6226 4805 8377 942 9956 7589 2904 4181 2668 5260 2710 1449 4475 5125 664 5440 6935 4502 1742 7324 2546 8293 3036 1424