118 103
 11 62 63 10 74 60 88 58 77 58 40 24 56 41 81 41 9 36 12 32 52 51 72 49 17 12 12 23 25 65 19 32 61 60 61 65 87 65 39 21 19 60 76 44 80 11 14 54 72 49 45 5 95 13 32 83 2 85 26 3 94 53 28 86 86 29 35 17 10 79 40 5 79 60 30 80 87 32 46 69 19 92 7 13 83 47 67 26 43 74 51 40 42 23 54 13 73 84 23 29 76 8 19 86 36 13 56 34 18 13 25 73 45 31 17 71 47 95
 72 7 55 31 75 16 4 8 63 5 31 100 74 81 25 41 87 89 78 40 53 92 34 66 45 91 19 49 5 53 6 14 85 71 98 93 49 35 17 12 99 86 38 71 6 79 68 89 10 86 14 46 57 30 13 29 87 75 3 67 68 8 19 61 79 100 91 95 3 10 91 48 76 22 20 80 51 18 21 94 75 66 59 65 100 10 95 60 88 34 99 36 93 61 66 99 81 47 27 49 67 16 74 52 11 86 67 63 11 82 6 66 44 81 68 19 48 72
 34 9 22 73 81 63 93 74 87 8 34 31 35 4 7 82 57 44 33 15 7 12 12 25 91 76 21 24 24 10 37 12 64 83 49 90 19 28 74 63 77 15 23 34 30 67 14 64 52 48 78 6 35 16 8 78 8 24 76 88 56 97 55 14 53 5 22 10 20 58 37 5 66 14 59 64 80 28 9 52 53 8 84 9 45 66 79 99 52 11 54 96 12 26 23 96 10 40 78 38 42 64 36 91 26 32 91 75 79 8 37 49 97 30 31 51 19 47
 71 56 31 2 79 24 3 56 44 75 53 97 82 14 19 41 87 47 24 24 4 43 15 52 87 36 47 16 71 32 16 48 31 15 31 89 79 32 82 75 26 67 18 17 39 100 32 62 17 9 20 22 70 44 15 8 32 49 34 1 87 1 31 61 8 75 20 34 55 78 13 3 90 59 51 1 26 49 82 37 98 98 100 39 23 57 6 98 63 88 34 54 97 42 93 62 60 14 28 24 71 41 42 65 61 10 94 44 95 33 10 58 42 43 57 68 33 89
 46 82 45 25 53 44 95 73 61 22 11 76 18 38 56 21 90 44 48 53 19 87 80 58 7 64 62 71 30 32 92 98 94 93 66 53 82 48 87 59 76 46 70 2 56 17 80 93 62 8 48 86 20 83 35 32 15 83 59 37 94 64 3 1 73 33 27 61 48 81 41 81 71 66 40 8 61 69 6 58 97 92 7 45 35 57 69 67 65 38 88 85 19 74 9 6 95 52 77 21 35 11 37 75 86 29 70 58 19 14 17 46 35 17 95 76 87 35
 88 83 49 7 85 13 72 59 40 69 65 30 73 31 17 94 82 95 11 81 32 35 7 45 36 71 10 83 54 97 47 48 74 52 6 14 36 67 3 79 74 1 29 84 58 91 57 40 93 17 100 27 69 91 96 42 72 41 92 91 93 81 84 34 30 98 85 45 27 30 4 51 64 36 42 83 54 27 76 78 14 43 85 1 15 44 1 64 72 42 50 99 2 26 57 61 40 27 61 75 59 37 39 25 85 3 30 34 18 18 29 100 13 35 48 1 46 64
 56 26 15 48 40 5 5 35 90 22 86 72 21 32 27 30 51 34 67 88 77 63 26 55 71 57 81 93 95 38 74 97 7 86 68 81 6 31 88 87 82 35 37 42 78 30 85 70 42 12 30 80 83 13 29 80 62 98 48 18 49 50 99 68 97 46 69 53 82 18 15 25 100 7 97 14 42 62 90 85 61 67 47 9 60 31 60 58 87 39 47 37 65 48 11 53 37 94 7 18 22 72 10 78 21 8 69 87 69 35 44 98 63 70 89 54 7 49
 20 81 16 44 77 25 10 13 73 35 54 100 62 63 34 88 69 92 20 57 30 49 16 8 70 89 57 77 64 42 21 75 39 8 9 26 6 89 85 42 75 44 84 18 42 36 69 83 48 25 12 82 16 19 14 79 63 63 34 33 58 41 36 82 71 79 90 85 59 27 84 65 57 15 27 20 19 75 6 98 18 56 42 65 73 13 15 10 44 3 65 70 23 65 36 98 69 80 67 54 64 48 9 78 43 46 80 45 43 7 75 44 23 50 52 52 65 71
 72 31 14 91 27 85 89 86 19 41 20 43 76 29 9 4 71 20 92 55 18 44 79 100 28 84 20 59 13 10 59 46 4 72 13 77 41 96 72 11 84 29 83 23 20 72 72 50 92 72 91 78 65 76 16 6 46 33 85 40 69 38 29 31 77 62 18 31 56 38 54 2 30 57 69 85 36 84 8 66 54 71 62 50 33 96 71 79 46 81 18 94 1 100 63 38 44 46 13 94 86 65 69 66 77 90 47 80 37 24 65 91 58 95 99 3 24 1
 86 34 40 38 52 17 52 94 39 85 74 65 96 28 73 20 48 96 5 29 41 72 74 75 1 38 83 51 81 75 90 15 29 49 96 68 64 33 43 95 17 13 73 21 94 93 44 93 51 100 99 95 59 87 5 16 52 58 97 33 46 60 13 5 25 21 56 95 20 37 20 7 23 12 2 73 99 69 67 77 43 47 44 36 77 46 46 58 40 89 26 92 51 85 57 89 6 21 64 17 93 36 53 91 3 83 56 47 43 35 53 42 76 63 70 67 61 58
 1 92 95 62 70 83 11 100 24 95 86 71 44 83 57 39 59 30 50 80 89 38 46 87 48 82 87 9 4 96 100 69 96 64 100 49 90 54 55 98 16 32 23 98 58 59 62 23 39 54 20 9 25 53 66 39 9 1 54 43 34 25 79 10 48 95 28 33 20 9 99 46 73 96 22 94 29 47 30 34 14 28 89 43 51 20 88 12 89 99 78 25 57 75 60 53 70 26 73 90 87 78 88 22 62 33 8 39 80 58 13 33 24 16 26 91 55 72
 29 70 27 65 88 65 61 10 96 9 28 36 81 59 94 84 98 44 40 94 87 49 69 78 51 26 80 12 46 70 4 38 39 76 11 54 45 6 90 65 29 41 10 41 72 67 29 10 92 28 12 90 80 83 78 28 4 19 1 95 81 75 58 83 57 62 96 81 95 32 23 5 36 94 69 85 21 48 75 76 22 98 77 31 36 82 72 51 10 99 24 15 70 41 42 15 94 2 42 73 91 40 85 55 70 16 43 22 31 64 89 28 92 95 5 8 93 69
 84 71 46 54 46 93 37 61 92 60 14 100 26 22 36 91 60 13 10 56 20 12 42 3 68 70 77 61 96 26 75 2 41 86 11 25 72 18 75 5 87 69 52 65 14 96 29 59 44 46 86 79 45 86 71 20 76 53 30 62 8 6 25 31 51 77 81 78 14 11 34 41 28 31 89 13 61 47 20 40 91 65 17 5 14 54 74 100 29 89 54 43 79 30 38 48 68 7 46 27 3 40 33 87 32 66 2 7 85 59 16 97 9 16 62 47 41 18
 97 71 81 4 30 33 34 34 32 3 95 34 84 49 95 35 40 9 57 82 38 62 87 58 64 53 54 26 25 24 87 38 17 25 53 58 3 30 31 81 23 96 83 26 50 91 55 87 72 86 38 92 35 50 55 15 37 22 94 53 25 41 48 29 13 100 14 96 49 26 82 1 42 91 25 83 14 42 47 57 98 59 99 33 6 66 93 93 28 11 1 59 4 83 24 91 87 43 87 98 27 34 67 33 14 35 13 33 88 49 59 87 40 39 87 7 66 9
 89 89 9 57 38 7 85 17 88 69 20 88 5 99 14 32 91 52 68 88 55 80 4 99 98 92 16 65 19 92 4 77 80 87 95 85 88 12 38 34 68 10 55 91 32 84 93 71 87 31 77 84 85 96 15 59 13 66 100 87 81 20 20 1 42 51 53 21 80 88 67 39 72 17 57 34 71 88 55 96 36 96 86 39 68 42 46 93 97 68 12 17 9 81 66 55 56 46 19 15 33 45 21 88 79 36 96 71 66 24 92 3 64 83 28 65 59 54
 54 52 95 52 91 36 95 96 25 33 27 50 40 98 50 66 68 92 43 12 94 16 3 77 100 10 34 75 32 92 89 12 70 36 49 57 1 81 100 34 4 67 95 73 86 30 57 57 55 44 92 67 75 6 50 59 66 50 61 3 11 39 85 69 33 41 31 62 87 78 89 98 21 81 61 49 50 72 63 98 15 48 21 42 39 38 40 13 58 11 55 34 11 56 13 23 99 41 74 19 96 77 44 1 82 46 5 58 52 55 43 55 59 77 100 22 38 56
 2 9 83 94 26 87 10 34 67 38 51 62 98 19 22 15 72 22 79 24 14 71 13 40 60 48 72 5 27 51 56 90 10 70 26 85 6 20 63 73 10 53 17 78 88 58 46 19 85 18 41 100 67 5 76 35 36 97 5 22 86 34 31 15 70 96 22 9 2 40 88 45 98 16 77 75 70 96 91 62 100 89 28 14 81 11 75 90 35 19 18 65 79 83 60 10 44 86 45 19 75 59 80 56 89 80 38 13 89 48 78 50 75 51 72 96 10 10
 90 6 83 73 27 6 28 36 56 49 28 59 42 76 95 79 73 65 81 22 20 15 73 34 5 68 62 90 4 96 20 29 66 74 28 33 72 24 46 80 32 94 82 16 61 74 85 51 76 87 22 58 65 73 39 87 34 93 53 33 97 52 39 5 12 50 66 59 49 82 32 17 44 33 1 88 25 84 40 6 85 67 4 42 84 17 76 90 9 49 8 16 90 92 69 23 26 25 47 9 36 62 65 67 88 38 4 42 17 88 77 13 62 86 86 72 95 58
 27 29 85 59 80 78 9 100 74 63 60 2 49 73 63 26 10 79 96 32 56 51 60 82 62 88 33 89 8 100 20 17 47 16 3 24 76 83 31 37 44 54 84 69 28 44 19 72 99 8 41 8 47 57 23 60 42 38 36 1 99 71 44 41 74 82 71 59 28 87 96 30 95 45 78 24 60 74 23 24 92 31 81 99 51 28 17 98 58 6 83 8 72 8 70 98 48 58 82 38 56 30 31 69 86 81 44 20 54 27 46 100 52 86 86 84 1 98
 60 29 52 85 16 65 32 68 3 54 80 98 65 19 51 19 56 1 98 89 25 87 99 94 94 76 1 74 19 8 49 34 85 67 38 21 82 53 94 78 60 96 13 82 79 47 46 57 87 21 87 17 53 50 22 38 8 39 56 81 40 71 61 4 96 85 16 88 12 79 71 55 76 49 75 99 53 49 16 32 14 50 5 76 60 100 98 46 57 25 71 75 52 22 35 82 71 1 44 57 96 14 74 88 44 22 61 34 78 19 43 90 81 92 50 58 34 39
 27 37 73 5 6 1 84 26 94 60 6 75 57 96 30 65 37 2 10 33 31 21 54 86 16 67 19 49 41 37 43 19 22 58 75 34 98 19 88 7 74 98 4 49 31 25 88 36 15 27 98 88 68 72 24 18 43 71 73 27 24 94 31 48 69 88 7 25 46 31 1 17 50 54 59 44 55 100 41 55 25 70 48 62 52 84 80 88 30 48 33 14 92 63 31 92 99 55 90 98 25 89 90 17 16 50 35 15 75 14 17 70 24 72 6 5 76 98
 78 74 50 26 91 10 2 11 69 65 85 14 3 37 50 58 10 100 71 88 28 56 46 58 85 29 100 70 63 12 28 36 100 46 69 81 9 4 55 43 64 74 71 91 8 5 71 18 84 40 46 79 94 11 91 67 34 77 66 62 76 69 4 23 17 40 27 22 81 11 20 96 84 4 51 69 24 58 44 16 55 67 65 92 4 57 92 94 12 38 74 25 20 13 68 39 39 73 40 92 39 27 37 28 88 35 59 55 82 42 39 12 68 5 50 61 74 35
 36 19 27 22 21 33 95 5 75 25 87 26 26 47 27 36 17 50 86 38 61 28 14 62 77 76 11 95 61 48 63 62 38 53 99 30 89 71 10 43 52 24 60 25 18 94 28 19 6 39 98 100 8 47 67 72 56 15 42 16 6 59 60 15 21 54 99 26 68 5 81 51 80 82 89 6 44 94 73 18 86 45 82 25 88 47 53 86 10 25 7 9 64 90 10 93 54 97 53 88 73 33 5 4 100 88 94 4 64 87 82 66 3 50 7 31 57 14
 85 10 49 38 27 13 51 25 41 75 70 64 17 90 97 53 36 3 15 54 37 97 42 58 77 80 44 10 53 100 75 44 74 57 15 80 50 8 86 94 64 70 86 28 97 27 41 64 10 62 58 13 80 77 29 60 93 66 2 70 16 64 36 77 11 1 4 47 56 87 91 87 13 15 3 37 6 10 79 71 21 72 64 11 7 6 82 80 27 60 63 80 7 52 50 80 51 13 55 45 63 97 33 96 99 27 89 99 41 52 48 20 53 43 22 32 65 52
 91 98 97 24 59 97 75 58 53 85 94 49 24 48 52 56 12 85 90 72 48 81 100 94 26 46 17 95 96 3 72 58 62 81 76 52 13 97 35 40 12 89 5 77 14 9 47 73 38 22 52 45 41 83 41 25 59 64 88 4 51 65 40 38 62 16 56 74 78 45 6 12 67 24 84 32 72 61 42 95 15 92 45 98 52 45 91 1 72 29 2 14 26 55 27 63 16 34 30 42 39 82 65 44 2 81 81 41 6 40 15 62 17 92 15 55 5 53
 19 1 49 79 27 8 73 53 95 19 64 37 79 90 27 29 44 34 45 26 21 86 10 63 2 44 42 13 81 57 74 35 80 41 24 43 41 72 96 92 54 29 4 42 81 81 30 97 41 44 96 15 63 73 64 70 61 95 67 91 83 1 84 59 30 43 3 58 57 72 44 75 39 61 65 54 15 95 44 11 62 91 19 21 99 63 70 49 69 60 91 32 67 44 46 50 64 89 35 61 62 75 90 74 21 5 19 92 67 72 31 4 75 27 36 92 92 60
 8 50 42 43 18 81 69 65 23 93 82 13 73 20 9 58 71 44 6 55 52 92 22 68 64 69 65 46 43 54 21 79 86 53 99 41 33 5 32 67 36 34 9 57 7 94 100 66 12 68 88 21 69 51 73 79 86 95 71 34 40 85 22 15 78 26 83 89 84 60 81 86 63 14 22 81 2 4 72 95 65 59 70 14 17 45 63 23 66 70 100 93 75 38 30 16 12 16 36 48 10 99 91 95 18 70 69 48 44 5 40 99 87 2 39 37 18 75
 69 56 66 53 46 27 99 87 60 90 70 23 35 47 20 97 51 11 60 23 54 79 34 88 56 87 5 32 4 88 100 63 95 30 20 38 38 7 66 53 2 84 69 21 44 15 55 99 2 88 33 1 38 79 62 92 94 15 75 22 30 32 84 63 23 71 99 62 67 33 85 5 27 73 16 20 19 5 10 100 20 65 43 35 47 32 14 96 68 32 62 40 87 54 14 55 95 25 47 56 19 76 89 4 10 64 24 3 64 62 87 1 60 56 22 41 29 82
 6 14 23 71 15 18 5 70 98 60 66 29 8 74 73 21 17 91 88 20 64 6 24 89 80 88 95 91 15 98 49 84 28 68 51 12 4 36 49 40 30 34 69 49 10 100 79 61 58 24 68 65 28 82 13 75 6 48 45 31 57 3 7 73 14 83 24 46 34 15 65 94 3 23 50 29 45 8 56 25 63 100 98 30 84 6 42 28 61 33 10 74 17 38 8 16 73 41 86 80 79 69 58 30 5 44 74 85 1 66 82 32 31 67 18 15 85 16
 6 32 95 85 69 45 60 78 78 99 83 86 83 61 93 52 52 88 5 92 39 92 67 3 87 23 10 52 21 77 96 60 16 87 34 33 54 67 38 59 11 47 66 82 98 11 3 87 54 1 42 85 1 16 65 26 55 96 12 55 83 19 74 97 54 21 82 26 15 87 5 61 51 11 18 29 66 1 2 49 30 98 55 37 93 13 33 97 35 97 99 85 88 94 79 5 44 97 38 64 82 1 98 93 92 81 95 99 69 45 80 17 73 81 82 76 41 75
 26 52 84 76 77 8 27 59 95 72 15 43 52 67 82 47 92 88 73 82 70 37 97 33 18 75 59 3 55 24 20 93 51 80 35 9 25 15 92 42 14 14 82 53 46 72 82 48 77 13 81 81 13 28 50 87 39 53 38 35 58 92 16 6 83 82 39 96 36 70 43 98 53 31 98 27 65 4 83 100 63 98 30 6 48 55 16 74 70 29 29 41 2 43 3 94 76 71 35 85 87 58 60 37 63 26 54 77 50 23 64 19 70 49 38 86 30 40
 46 2 2 97 7 35 10 8 53 41 3 81 42 31 78 15 83 54 56 91 85 66 22 70 52 76 57 98 13 8 65 84 38 24 72 80 64 65 92 10 21 55 21 57 14 41 84 27 79 35 92 92 56 62 98 18 90 81 46 6 4 59 36 95 34 1 78 28 80 44 75 57 83 99 57 18 36 88 42 66 2 13 4 38 27 14 53 27 20 95 29 8 7 86 80 51 100 51 10 66 76 20 20 84 49 73 8 97 12 36 22 10 67 48 47 78 12 3
 76 6 86 12 22 57 78 33 17 46 10 38 61 8 14 34 91 19 53 97 15 14 70 97 44 54 20 55 2 1 82 80 20 40 23 97 81 83 31 94 44 4 2 93 38 87 39 15 50 66 9 42 71 7 59 94 99 56 45 27 94 31 93 85 17 17 59 90 88 7 91 16 15 11 67 47 92 61 97 88 43 62 11 59 17 98 85 74 26 30 79 98 35 14 84 18 64 75 35 59 11 29 38 67 39 13 41 96 81 94 6 78 28 4 1 60 21 27
 79 7 24 90 31 56 63 61 100 68 58 24 41 42 28 7 31 50 49 42 23 10 74 33 58 96 66 8 80 49 77 50 36 57 45 82 11 88 30 71 46 73 7 33 16 36 55 26 86 87 59 45 100 47 3 9 48 74 73 52 80 23 43 52 10 34 64 53 21 51 78 53 39 34 52 4 35 100 46 92 46 65 62 55 99 24 77 21 82 65 5 90 46 2 24 90 5 59 87 1 51 99 79 76 57 14 68 53 12 92 44 64 95 2 100 69 20 38
 75 81 41 14 31 52 26 79 15 84 89 41 86 29 37 100 79 62 45 67 32 46 48 23 55 21 42 38 22 91 74 24 6 23 52 2 33 93 79 43 6 77 99 60 52 9 59 64 75 54 82 66 17 44 31 41 76 91 12 42 65 93 16 52 24 27 5 8 45 81 21 59 27 100 76 23 50 3 33 63 78 67 58 8 72 99 77 24 65 31 57 82 53 70 25 12 76 91 9 8 41 11 94 10 88 69 45 2 4 87 54 43 35 18 99 70 58 55
 37 100 43 33 79 79 20 38 76 99 58 15 79 35 4 39 1 16 87 61 75 3 49 55 44 90 38 19 78 91 84 66 65 10 31 5 99 77 38 94 13 28 59 57 2 29 23 14 39 98 49 88 3 40 99 40 6 3 32 1 56 44 15 32 32 99 34 64 67 62 34 5 2 46 36 76 75 39 33 55 84 7 15 55 58 60 70 38 82 76 26 77 96 81 28 19 43 63 89 86 94 54 72 57 93 79 48 22 76 17 78 97 9 73 67 23 71 35
 86 77 11 8 52 18 55 81 11 11 97 88 99 76 94 71 29 64 21 28 98 85 50 58 6 58 21 70 47 32 34 73 96 61 49 19 11 4 23 95 88 58 41 16 43 62 32 57 88 97 38 8 58 14 72 85 32 57 5 8 7 90 78 88 18 91 36 71 92 91 4 90 82 35 73 73 74 22 71 80 68 89 71 24 71 17 67 7 39 91 48 64 84 62 57 95 32 99 18 17 20 10 56 72 27 73 53 8 1 78 24 83 57 92 51 77 17 43
 73 35 20 8 35 82 96 5 27 13 15 42 53 38 2 72 28 83 5 98 5 95 36 83 69 3 39 72 2 64 98 16 12 84 44 99 99 9 95 67 43 53 72 88 11 10 40 69 48 53 2 66 22 20 39 80 19 78 18 2 32 79 25 30 35 58 45 95 80 57 28 30 93 100 82 28 38 53 28 76 78 71 83 58 37 88 100 79 61 14 74 21 85 63 74 95 21 76 20 34 84 60 9 61 56 94 58 38 91 20 22 96 87 23 4 40 69 61
 64 38 22 64 94 60 80 64 28 30 93 65 96 39 53 1 88 11 61 40 15 35 96 62 79 56 93 46 22 41 33 84 92 11 59 33 26 94 28 96 54 3 93 78 46 56 85 10 72 21 96 20 76 91 36 71 62 80 36 77 80 70 19 94 67 27 66 72 18 73 79 89 70 73 34 54 76 41 74 52 8 29 75 74 62 84 2 65 29 59 6 26 50 63 43 48 23 12 10 61 3 31 28 49 36 96 82 77 8 86 1 26 23 74 18 80 73 16
 72 16 4 92 62 59 34 44 77 99 80 42 52 76 91 38 84 81 36 28 15 62 1 10 9 1 21 91 36 86 64 8 9 19 50 24 73 50 9 57 69 62 52 73 88 14 15 88 39 69 22 95 70 34 8 6 1 28 30 88 56 39 60 79 98 62 78 20 71 8 22 57 47 5 21 41 96 92 72 44 62 70 77 69 16 62 99 36 94 53 13 14 65 22 82 58 91 50 77 45 36 45 96 21 41 27 40 47 64 97 82 70 44 6 54 57 76 35
 52 22 66 65 72 4 17 42 13 11 99 57 41 87 54 27 58 73 29 87 5 97 82 34 86 78 98 4 93 78 8 66 52 90 37 28 48 4 64 28 12 38 35 44 21 5 38 80 14 38 49 26 24 71 70 24 44 16 47 86 59 86 32 38 51 75 37 92 62 19 46 19 96 96 8 14 58 22 36 90 92 47 2 51 72 55 92 10 33 9 13 17 38 41 96 42 63 15 6 77 27 71 58 32 34 67 39 77 84 71 55 69 34 6 26 93 8 52
 25 98 60 52 51 26 12 67 32 69 12 28 33 84 10 58 78 59 54 7 40 45 91 89 32 79 36 31 43 79 14 32 45 96 83 71 11 23 74 68 95 11 94 96 95 49 66 56 9 81 55 36 42 87 43 46 61 47 95 45 5 95 13 79 67 65 63 83 47 48 4 14 79 92 29 23 96 81 100 59 2 51 17 19 74 25 50 3 55 62 96 87 5 77 69 49 5 69 63 59 53 82 83 46 85 22 20 99 48 6 79 30 41 43 37 36 92 71
 92 60 72 37 91 26 36 18 57 12 56 25 56 38 88 72 40 53 62 51 34 27 87 11 8 51 5 14 36 62 100 69 61 64 71 79 7 80 29 90 21 42 69 58 21 79 43 74 66 47 37 29 81 64 19 73 45 36 89 17 86 62 43 99 92 41 20 40 46 63 84 24 47 11 6 11 71 83 86 45 26 63 62 69 38 54 75 20 33 38 37 94 51 14 72 1 87 47 16 98 94 75 18 17 61 20 92 41 6 77 25 99 89 11 6 40 28 64
 94 46 90 39 27 54 31 79 73 78 90 29 38 73 42 25 25 56 17 40 58 35 1 83 57 69 96 60 43 92 2 23 91 96 78 75 13 85 86 54 69 45 39 25 92 31 59 13 26 78 29 13 30 16 91 73 42 18 71 89 37 84 46 89 36 66 62 24 17 4 71 77 64 70 49 30 11 18 13 30 83 99 32 87 71 69 25 94 10 50 56 51 74 68 39 99 34 42 79 42 7 54 95 99 38 31 94 51 85 75 89 12 3 39 96 24 87 21
 27 96 37 20 26 86 16 15 88 7 73 66 32 6 22 5 94 34 57 75 23 30 77 85 44 1 61 14 54 84 82 67 53 61 8 13 73 35 67 90 61 46 8 72 13 35 87 72 90 25 55 2 56 72 64 11 1 23 56 66 26 58 56 84 9 42 5 21 58 11 5 100 64 53 43 17 36 82 38 65 75 44 45 27 91 31 87 62 98 84 63 30 18 37 27 1 76 22 38 3 61 77 38 36 12 80 54 30 93 27 2 32 92 14 66 95 82 11
 82 90 35 17 75 29 29 34 66 49 25 27 76 46 27 34 67 69 30 86 30 79 41 56 13 39 96 54 26 5 29 89 75 82 48 95 6 11 82 59 73 33 89 56 90 21 4 97 17 72 24 3 88 55 11 79 44 51 16 75 41 83 78 72 77 36 75 9 13 28 45 55 17 8 72 12 89 79 14 99 35 97 57 93 84 69 33 13 4 28 61 23 15 55 70 28 46 25 33 79 59 39 11 31 46 95 60 55 89 39 56 78 16 58 69 34 72 49
 76 98 95 25 82 59 44 13 73 82 93 27 72 76 60 63 17 50 23 29 76 13 15 34 90 56 85 78 68 96 93 94 6 33 47 68 56 68 97 43 9 71 41 97 37 95 24 38 49 85 48 21 31 70 82 18 72 30 74 38 50 63 72 80 95 84 44 5 38 38 9 10 71 55 58 67 75 74 79 19 96 50 9 73 77 85 93 73 87 53 22 26 78 61 70 36 86 12 31 1 52 6 27 19 39 42 35 51 88 88 56 100 91 82 66 97 83 30
 68 100 73 58 55 27 73 98 67 20 36 40 84 18 12 72 96 38 87 88 6 13 94 89 5 10 59 36 91 55 88 34 68 8 12 81 80 89 33 31 67 33 78 86 52 58 46 75 29 71 55 62 11 39 4 30 87 65 82 23 30 91 45 8 30 59 54 25 50 41 19 22 34 36 58 68 86 27 35 57 52 16 43 44 95 29 6 33 72 33 79 17 9 61 38 78 98 86 46 92 74 61 98 14 92 39 63 64 15 95 68 69 67 20 4 41 1 21
 39 98 99 26 9 15 69 48 5 23 97 25 3 50 39 99 92 74 38 41 42 21 7 69 62 45 60 47 33 18 72 50 90 67 69 43 16 61 92 8 7 41 75 6 64 72 23 22 40 14 72 38 29 41 54 45 39 1 4 14 38 31 83 1 90 53 83 51 88 1 35 87 29 76 3 83 73 27 39 51 87 10 93 24 7 39 96 25 60 81 47 6 22 98 84 6 5 65 10 89 100 3 25 38 87 100 47 23 39 29 17 83 66 96 66 23 18 4
 16 83 77 43 26 52 34 69 82 54 69 93 2 66 45 51 18 96 9 63 59 3 47 78 43 39 68 27 80 68 51 27 78 17 87 12 66 63 57 56 57 7 54 21 8 53 20 66 38 73 67 62 39 18 55 91 46 12 29 39 28 5 71 24 47 82 36 81 33 11 7 70 20 70 41 52 24 99 96 76 20 52 94 37 29 73 70 45 85 43 62 71 6 42 70 44 34 58 56 2 54 81 54 69 25 85 87 11 93 64 48 16 24 78 100 1 100 57
 98 68 79 31 20 31 72 75 77 37 56 32 33 28 24 98 55 32 24 70 64 45 99 97 28 4 17 100 48 72 43 60 31 77 72 15 62 89 52 57 82 65 32 44 64 72 96 34 76 72 10 82 42 17 34 15 29 2 60 56 20 34 42 62 77 65 47 52 39 88 23 10 42 73 30 11 14 98 18 45 39 91 96 11 63 75 90 60 72 36 99 13 90 52 93 94 74 47 30 5 13 40 56 7 87 36 15 40 30 2 19 68 53 34 31 8 27 25
 68 85 29 87 97 81 61 20 61 17 66 52 3 86 44 56 36 50 41 21 46 26 82 84 100 75 82 55 57 15 35 51 73 98 36 45 82 30 31 36 18 23 48 62 55 100 4 47 50 68 88 6 8 74 72 6 91 84 69 17 16 17 23 73 51 85 15 13 98 31 27 32 17 29 72 50 2 67 53 35 41 84 35 98 39 47 64 31 16 26 47 91 50 5 58 39 24 15 85 94 95 67 57 33 4 97 44 97 58 17 18 41 58 81 99 82 68 2
 29 34 3 83 84 36 61 99 27 41 61 74 67 92 72 70 51 50 17 9 70 79 57 76 56 78 94 83 22 11 29 32 76 57 55 19 93 74 85 29 57 65 7 10 81 63 87 21 40 89 44 27 100 17 80 93 41 59 48 13 72 23 30 98 70 35 75 27 79 47 60 3 40 99 29 62 38 37 49 45 24 94 52 25 89 7 66 38 49 75 3 8 8 79 21 10 82 61 97 10 90 77 82 97 67 65 23 82 32 100 53 82 15 44 84 97 31 6
 32 51 98 45 5 41 42 8 55 47 55 24 7 38 19 58 14 41 12 97 79 10 68 83 75 8 28 21 74 80 91 97 39 2 83 9 65 39 7 10 92 86 35 20 8 41 98 90 37 21 83 85 76 59 51 59 44 44 74 25 66 70 68 30 44 37 38 47 83 49 72 61 37 78 35 80 39 9 94 43 51 37 52 99 89 70 99 22 88 93 74 69 30 27 77 68 5 18 49 49 83 35 96 38 76 22 62 2 23 54 4 52 32 74 13 15 49 4
 69 35 45 22 98 75 62 91 74 74 30 100 86 79 52 19 29 57 28 68 3 8 75 24 54 34 57 9 29 13 30 41 99 18 1 57 97 87 35 37 69 31 97 91 79 34 49 37 16 14 29 23 35 57 44 63 8 82 100 58 28 31 42 84 8 85 91 23 9 26 58 55 61 74 23 33 25 68 92 43 59 2 14 87 51 100 6 16 88 20 67 14 5 55 65 26 8 67 48 90 87 70 81 82 89 1 36 96 72 14 82 94 74 25 24 45 50 67
 62 77 76 72 3 69 21 56 85 36 48 56 54 37 90 36 69 100 10 76 16 9 60 39 62 92 18 81 26 46 13 8 66 56 66 57 88 100 71 57 95 36 12 90 98 2 75 86 84 54 79 7 73 88 76 5 12 17 79 65 12 48 96 55 23 94 78 52 60 39 92 48 16 71 18 89 53 49 47 37 64 44 66 7 89 60 69 32 1 28 94 75 84 20 92 89 8 60 80 67 44 33 57 15 54 18 3 79 85 67 19 46 89 54 59 91 61 79
 89 24 82 84 34 74 10 10 37 12 40 91 26 98 28 69 79 14 35 62 64 10 67 100 84 51 3 77 83 79 58 62 87 76 1 92 20 56 30 64 78 72 51 72 98 47 96 52 59 6 63 50 55 64 76 11 69 76 19 89 79 26 67 33 22 52 83 41 74 69 91 65 89 5 20 3 85 37 23 13 92 99 28 76 1 9 100 16 59 66 45 65 75 52 41 3 25 53 52 18 39 66 42 15 7 64 73 20 57 74 38 22 91 42 96 42 47 72
 40 88 16 91 74 41 77 78 34 87 59 42 83 94 47 20 50 20 85 7 32 32 29 5 100 92 48 18 36 20 55 30 40 28 73 3 53 36 20 10 84 36 30 62 34 34 72 23 24 93 71 4 33 80 64 94 55 51 16 69 80 52 29 7 68 33 13 1 49 25 64 57 12 56 80 43 10 41 12 10 35 51 63 93 38 68 17 77 87 60 63 49 69 85 20 84 52 58 15 84 94 4 46 91 77 45 49 41 84 10 99 100 77 17 63 98 31 32
 68 21 90 23 52 3 21 66 7 30 88 28 5 13 16 73 34 97 83 89 33 40 17 67 51 3 1 80 22 42 39 32 11 16 92 2 21 62 47 35 57 24 35 93 97 80 12 20 21 13 7 84 20 83 22 95 30 68 31 43 86 91 54 80 87 9 44 43 5 58 32 31 14 49 49 84 96 53 61 18 3 93 98 2 24 53 66 50 65 2 86 5 12 19 8 61 29 69 53 51 19 26 19 50 91 42 86 71 100 92 14 46 86 5 3 8 83 85
 79 53 26 86 88 95 71 3 50 49 46 88 28 22 85 26 61 13 100 93 35 69 6 49 33 76 23 18 68 34 48 1 99 74 99 28 70 96 88 96 85 70 68 12 66 2 74 38 32 53 62 29 58 12 73 53 31 43 18 64 31 1 23 92 25 81 27 47 48 84 70 100 20 23 43 36 64 16 91 2 4 24 33 21 28 83 69 4 4 91 66 76 43 46 98 80 6 31 60 73 28 98 25 10 96 93 4 58 40 76 64 71 3 88 26 59 52 14
 91 96 38 68 41 24 69 69 82 32 12 76 65 15 52 100 7 78 12 77 72 16 57 59 49 64 86 88 62 77 9 85 22 10 52 84 32 34 30 71 37 34 3 43 24 32 20 79 47 46 97 10 29 99 16 75 65 1 8 23 55 15 42 23 87 85 7 39 96 42 3 30 74 95 68 4 98 66 55 24 38 75 20 89 42 46 24 42 70 34 51 84 76 65 1 45 56 36 84 6 67 23 8 83 44 22 39 21 61 10 84 28 26 98 7 23 77 71
 84 51 22 43 47 30 16 53 32 89 7 20 57 35 74 96 57 87 70 87 23 62 5 24 63 11 95 43 76 56 30 43 29 100 90 18 2 91 48 93 44 70 66 49 46 96 18 24 48 90 57 82 6 17 16 89 77 47 28 6 31 54 74 77 39 24 15 83 36 72 81 89 100 81 33 3 92 20 70 57 52 90 5 32 37 98 73 76 23 60 20 69 19 18 12 49 86 19 57 92 45 64 42 59 36 84 39 51 81 95 56 62 72 38 18 24 14 15
 83 84 46 61 35 86 80 58 43 66 59 47 91 65 36 36 28 75 63 21 26 95 69 99 9 3 42 9 49 63 23 88 49 32 74 93 39 86 95 59 86 1 93 99 57 14 97 33 93 80 1 51 26 33 57 94 87 83 26 77 6 89 8 23 77 90 5 59 65 71 32 83 72 44 60 23 18 44 39 34 48 72 73 11 52 73 12 80 30 62 15 29 34 37 96 29 80 66 47 75 3 67 18 33 86 84 1 51 23 3 80 16 55 65 53 45 76 38
 44 86 97 16 56 47 63 18 18 91 80 80 58 43 77 71 16 65 22 62 29 79 42 25 55 29 16 85 21 27 41 81 87 43 43 52 49 57 70 75 62 77 18 6 74 23 92 82 43 22 73 95 53 55 35 70 42 38 29 14 58 47 71 23 15 45 44 86 14 73 1 65 75 97 47 69 89 63 37 1 19 51 87 46 1 62 82 29 84 89 12 15 60 2 9 71 36 98 79 74 20 94 48 56 92 57 20 100 45 5 14 90 44 3 45 6 88 17
 33 37 2 63 99 99 22 95 47 31 4 81 21 68 42 13 1 91 59 26 73 56 20 65 71 1 68 97 30 46 88 59 89 34 86 85 84 34 49 17 88 27 40 42 66 74 25 91 63 36 88 21 9 92 20 50 80 50 46 97 41 52 50 33 10 14 100 37 89 25 15 48 84 73 43 81 37 75 50 45 12 59 51 32 18 51 32 4 65 78 72 67 47 40 68 16 36 28 74 77 34 33 32 32 67 86 49 11 83 29 15 67 10 90 64 71 100 12
 83 16 62 69 53 96 88 28 38 61 65 45 28 96 54 15 69 84 99 75 6 88 43 59 48 14 36 27 36 52 66 11 48 76 66 7 45 27 36 69 60 27 80 24 51 96 39 91 31 55 17 66 65 85 36 76 81 57 96 9 46 69 60 10 52 47 25 44 95 62 26 58 56 28 93 44 72 94 12 17 80 52 92 8 83 60 61 97 50 59 45 56 69 64 51 25 73 10 34 76 40 46 27 30 49 11 22 85 41 73 68 84 77 100 84 14 87 89
 48 90 54 99 68 68 68 5 92 42 61 94 26 66 29 35 65 62 79 20 20 63 5 38 6 90 36 56 14 20 91 41 91 61 19 15 81 24 87 74 74 76 100 32 74 11 85 48 72 48 8 34 30 6 60 39 18 28 7 82 38 50 97 54 80 13 33 91 91 82 37 16 9 49 44 84 73 52 16 99 2 88 86 31 84 64 6 16 1 37 38 99 41 73 20 73 84 25 44 15 81 90 84 43 8 61 26 28 90 87 81 67 36 42 85 17 1 73
 4 69 56 66 68 88 11 93 32 56 52 28 81 50 39 79 14 16 61 27 40 1 93 18 87 50 100 48 41 40 1 54 61 56 45 70 94 29 49 97 47 40 23 70 84 75 46 21 85 100 99 34 10 13 11 83 53 80 47 17 14 87 81 14 54 62 19 60 83 48 12 68 64 12 40 86 91 22 63 17 48 58 99 41 26 1 99 54 38 70 20 53 61 70 96 32 46 41 84 82 25 54 65 56 89 76 7 49 52 11 56 49 93 30 24 72 38 69
 29 56 1 64 37 80 37 98 71 37 50 100 7 69 77 35 64 100 36 60 47 43 19 78 10 24 94 48 84 66 46 39 84 90 19 87 18 9 3 27 84 55 28 17 91 93 35 81 100 98 82 80 34 99 56 9 84 52 46 27 49 39 74 99 22 36 12 13 4 36 70 37 74 2 81 65 42 26 12 5 53 33 100 55 63 56 89 36 8 17 70 11 75 29 54 8 57 50 43 88 57 33 84 78 45 10 11 68 73 8 68 68 25 63 52 77 43 85
 26 95 57 59 85 7 96 49 14 68 12 96 53 94 60 92 49 41 78 42 80 14 20 54 65 92 50 30 24 23 57 74 76 28 44 29 11 43 43 87 43 63 35 25 12 49 89 73 64 72 100 83 94 97 81 78 22 53 74 71 61 37 48 26 87 100 8 27 74 6 13 83 33 35 98 85 88 49 8 67 52 69 57 94 85 94 61 57 27 14 17 54 92 61 43 86 91 39 76 56 59 39 60 66 12 86 46 21 37 9 5 38 100 67 65 82 38 94
 4 50 21 88 65 17 1 43 66 57 80 41 70 81 94 72 82 61 2 29 32 83 95 67 93 97 32 17 63 36 80 92 48 84 32 99 82 75 14 64 51 38 23 2 60 16 13 6 72 34 12 63 93 75 64 38 51 12 19 59 94 6 17 44 91 12 69 36 2 80 86 39 7 54 16 97 99 4 11 49 10 36 55 74 40 90 94 5 1 6 61 88 33 85 70 5 47 8 76 80 82 74 28 72 14 63 54 87 9 81 94 10 24 99 1 90 63 29
 7 48 80 67 33 21 34 79 52 84 66 7 15 5 55 7 72 68 1 53 40 17 35 22 19 12 16 39 13 73 18 8 44 75 3 92 30 42 89 25 54 38 18 94 35 25 47 17 47 49 28 58 50 4 29 40 53 100 97 57 8 56 83 77 86 45 77 84 14 68 42 98 62 54 80 9 97 80 76 93 77 62 90 9 23 42 16 86 54 46 27 88 99 44 74 83 96 8 32 89 75 69 24 7 4 17 47 39 74 74 21 8 88 36 27 64 51 35
 80 89 59 100 56 32 42 81 54 92 80 54 94 93 7 3 16 34 59 53 57 42 72 4 71 65 18 55 84 76 8 34 64 15 46 90 29 22 7 43 63 2 18 43 65 20 39 32 51 34 45 82 97 42 90 55 63 62 92 7 10 100 42 90 75 32 29 89 71 35 100 20 74 20 3 59 33 2 1 31 67 81 68 71 54 47 72 46 67 82 78 46 61 28 47 64 4 43 31 21 71 21 99 95 44 29 36 100 72 11 73 93 97 28 70 100 61 97
 55 99 75 13 64 89 51 31 35 39 51 68 23 50 43 53 66 85 31 33 79 84 9 100 70 91 46 80 37 14 88 100 59 13 47 57 31 67 8 84 23 70 36 79 83 72 5 58 81 45 45 50 60 26 78 46 91 29 68 32 87 81 91 41 51 75 63 69 47 59 31 43 61 10 47 98 98 36 70 55 69 6 62 39 21 59 30 9 17 10 51 54 84 17 24 69 7 78 15 42 26 84 89 2 93 21 63 21 17 61 66 83 58 25 11 31 25 20
 65 97 86 99 94 69 71 9 74 66 68 18 74 5 49 94 99 71 39 6 45 4 25 40 15 38 56 66 24 24 91 61 81 29 14 62 3 26 51 77 4 84 2 83 49 94 37 95 78 71 45 86 14 24 3 56 59 60 72 100 78 46 26 69 67 64 69 56 25 33 50 34 97 79 87 44 92 5 10 10 12 81 100 72 24 98 35 35 28 77 28 56 23 34 44 30 72 76 29 15 10 42 38 85 96 86 76 51 25 87 17 55 50 84 20 42 61 14
 58 37 43 77 42 21 71 51 94 96 10 13 29 5 30 24 24 3 49 95 75 66 8 22 97 18 33 70 58 27 5 33 13 5 6 71 1 99 14 7 3 89 50 17 89 77 97 60 65 9 22 10 57 47 85 85 55 66 41 7 53 90 11 48 74 9 71 95 94 87 53 70 76 62 60 52 69 54 41 10 38 8 14 18 75 23 23 42 43 20 49 70 64 67 61 32 29 45 60 60 30 51 86 17 89 70 99 97 20 39 11 26 34 13 31 3 1 70
 43 32 80 77 50 55 26 22 71 97 79 64 11 44 36 100 61 46 97 43 25 93 74 21 31 22 4 56 81 75 6 57 50 32 89 43 91 35 45 34 51 28 49 31 10 72 50 12 60 12 64 78 83 40 33 74 100 64 57 6 58 80 48 28 28 93 56 86 97 35 90 23 38 29 71 32 85 93 68 72 16 87 2 7 25 40 83 80 93 27 6 50 71 62 9 17 87 75 21 23 54 75 84 8 61 21 49 88 13 10 1 70 47 90 43 22 33 89
 14 62 12 2 38 84 88 9 42 38 100 36 87 15 98 80 72 85 6 90 50 52 30 55 70 11 43 72 39 7 3 40 46 28 89 70 61 45 21 61 40 49 96 73 54 4 99 79 25 38 13 51 32 92 15 14 65 92 69 55 87 25 24 73 41 1 26 41 81 32 100 50 87 91 99 100 23 80 37 89 12 24 20 18 10 38 92 82 73 69 41 4 55 25 85 58 68 96 4 48 54 55 79 78 100 69 19 76 81 61 33 55 49 34 37 34 67 15
 49 14 53 60 40 50 32 1 4 16 3 26 38 3 34 6 23 54 57 66 7 38 8 88 19 36 31 20 55 33 70 72 12 90 75 52 57 61 43 19 84 55 86 86 85 84 74 24 90 87 41 6 66 55 93 85 20 99 23 76 100 33 28 100 80 78 58 3 65 95 44 95 8 32 33 96 42 86 77 22 96 95 67 41 53 85 26 47 87 60 92 23 62 93 48 29 99 64 94 55 90 73 37 86 92 58 96 42 3 77 31 59 80 35 8 24 86 67
 79 83 43 95 68 1 53 70 3 21 47 7 29 44 26 3 22 31 7 86 31 25 23 42 38 37 24 10 7 95 89 41 98 98 80 69 65 26 65 26 82 6 37 63 99 79 21 23 57 44 11 12 75 46 19 20 4 60 44 68 4 89 9 39 92 3 5 77 65 27 25 47 47 8 35 63 57 82 51 58 8 77 66 37 22 17 2 21 63 34 86 9 93 71 5 63 59 75 53 78 56 1 33 80 75 90 87 52 75 96 9 48 22 12 33 65 23 8
 31 96 91 30 87 48 7 14 43 3 11 13 33 91 16 79 14 63 18 4 6 100 31 82 79 25 23 51 18 3 44 54 90 7 99 9 3 57 97 76 34 21 44 82 73 69 17 94 71 30 39 42 60 72 62 87 13 86 77 16 28 5 48 81 3 78 88 32 9 7 82 100 49 96 59 37 76 79 23 96 31 67 66 34 98 61 43 52 90 75 57 29 54 19 66 67 76 49 97 13 98 42 45 74 12 96 41 80 95 57 61 47 84 21 27 21 12 8
 47 14 39 46 69 8 53 94 49 34 59 35 56 59 45 49 3 80 12 68 14 41 64 55 10 33 30 4 29 92 55 5 87 68 33 15 84 86 18 69 81 80 2 52 89 97 20 11 51 27 76 47 70 51 57 95 9 39 65 53 31 99 91 49 34 74 13 75 82 50 59 78 74 42 98 10 6 100 50 45 73 68 2 68 71 75 70 17 33 58 33 68 38 8 89 24 25 6 37 49 36 25 37 8 41 57 30 50 5 95 93 15 74 3 10 52 18 63
 85 21 27 29 33 58 18 31 44 47 25 52 47 70 89 38 31 99 55 10 4 27 71 22 80 84 37 43 62 92 98 79 45 43 94 14 24 80 6 1 48 41 5 16 86 89 10 73 93 80 78 6 46 80 11 58 15 47 21 28 7 53 57 17 39 36 68 56 87 29 77 15 45 29 28 73 45 93 95 66 53 77 1 32 13 5 80 98 3 69 97 84 64 80 84 30 3 14 8 52 37 37 97 16 81 86 54 56 26 89 62 30 39 95 17 19 56 54
 12 79 57 78 89 29 70 66 62 13 61 53 72 45 82 70 71 38 60 15 8 27 17 90 7 11 82 44 83 42 22 79 5 83 45 2 3 67 77 19 28 11 88 31 5 95 11 69 92 27 100 38 83 90 51 1 79 86 68 85 79 51 71 34 53 73 4 92 41 2 84 84 45 64 37 25 17 44 85 16 53 55 22 34 4 99 100 74 19 94 61 76 96 78 33 18 21 54 19 30 71 41 94 59 92 59 66 97 41 33 36 28 79 3 4 89 71 81
 24 41 3 98 53 14 10 17 46 65 16 80 47 66 75 52 23 14 16 16 29 80 92 13 8 89 91 35 3 74 89 94 57 17 65 64 96 99 100 6 66 83 44 70 69 80 38 72 50 4 14 35 65 47 74 23 50 98 11 1 39 96 57 11 97 84 13 31 23 36 21 18 21 34 29 61 63 87 31 70 86 62 59 10 69 54 49 3 59 63 28 99 9 89 93 73 47 17 56 61 52 93 40 2 34 38 4 39 96 69 77 25 83 57 45 13 50 32
 7 73 93 57 57 74 68 33 20 32 11 59 18 96 14 44 36 24 59 23 85 30 92 25 41 90 26 22 56 53 86 52 2 67 70 78 60 95 38 29 92 47 78 38 23 99 8 95 9 16 87 14 61 11 49 90 84 61 91 41 67 84 85 71 62 79 67 57 3 65 58 87 60 30 89 45 58 46 46 64 17 72 75 8 60 72 25 14 14 7 20 55 79 65 54 47 1 75 42 1 23 56 56 58 84 62 95 53 100 53 49 71 45 53 15 24 32 21
 52 75 84 9 12 90 20 2 23 58 35 55 97 40 62 69 30 84 88 30 17 76 3 30 34 17 98 7 18 59 74 22 92 61 45 74 69 81 19 57 39 94 18 76 35 22 34 48 65 93 95 71 79 35 25 97 38 34 85 87 16 89 1 18 12 86 47 71 69 53 3 18 35 76 3 5 34 27 74 45 52 63 96 75 93 28 1 5 28 24 50 57 45 34 49 9 99 84 93 28 49 50 93 27 97 65 37 63 55 76 89 38 1 65 7 71 11 24
 60 42 25 92 70 19 5 80 88 8 55 59 71 62 99 31 76 57 24 57 85 58 37 6 50 100 55 52 14 71 99 67 6 60 71 4 68 12 48 75 99 83 97 61 65 5 72 77 40 79 46 83 75 76 51 79 26 62 76 61 54 86 69 23 94 86 42 39 11 80 88 69 36 37 56 93 89 41 34 88 33 47 23 58 10 8 94 54 38 38 67 57 79 60 15 34 89 73 62 68 53 82 69 23 43 1 53 61 41 6 95 55 92 10 53 37 98 73
 95 31 32 8 23 58 20 94 50 17 92 68 71 7 97 54 73 45 3 45 95 73 1 12 19 1 27 57 39 71 94 97 78 87 28 82 54 90 86 17 34 56 90 63 85 16 84 44 79 21 18 84 27 21 6 2 99 92 20 40 42 30 13 15 100 80 33 26 20 88 96 66 50 78 52 78 75 19 43 66 71 59 37 96 33 62 4 42 27 50 52 98 17 2 75 66 59 88 38 52 6 13 67 78 55 10 55 4 66 53 21 73 49 55 16 99 38 77
 73 88 71 24 56 47 74 94 36 52 3 44 17 62 34 67 10 70 9 11 48 1 97 37 98 38 52 34 75 37 82 9 47 68 29 80 99 90 73 58 21 13 27 26 22 54 25 20 8 46 23 37 63 95 10 34 26 85 83 12 34 77 5 34 16 79 77 54 65 29 84 82 17 55 13 69 21 40 3 73 10 51 13 2 77 16 86 25 8 73 80 90 12 34 28 76 24 52 18 91 73 2 73 70 8 71 75 47 13 18 60 64 11 89 72 92 55 29
 66 5 32 3 61 35 60 41 56 12 18 72 53 9 22 16 3 59 3 14 91 8 51 37 35 62 99 48 86 2 28 15 91 53 2 20 11 43 37 40 79 86 5 4 50 20 19 66 54 38 69 99 62 76 34 78 55 98 39 18 27 92 47 76 96 72 77 25 43 74 7 32 45 53 72 59 24 72 94 11 18 24 35 78 78 66 94 56 46 56 70 46 55 7 89 64 43 38 69 56 37 99 9 50 30 95 1 24 71 15 36 94 88 39 64 18 27 96
 83 66 92 58 2 24 30 35 31 42 97 44 28 36 86 38 22 91 16 35 1 50 78 51 73 1 63 46 62 14 81 72 35 40 13 45 32 65 79 10 45 3 2 48 88 100 14 82 68 56 78 59 96 71 45 82 62 32 83 98 38 35 85 88 2 40 18 74 23 73 23 99 95 97 96 23 23 61 39 1 88 22 91 37 97 46 18 13 44 49 33 88 45 5 24 80 80 55 96 67 91 21 90 34 97 66 20 37 100 96 35 90 80 45 59 79 93 30
 41 72 60 76 47 58 35 61 36 45 1 88 26 10 12 39 30 9 45 100 49 35 73 7 4 80 77 34 11 30 82 92 1 58 79 51 27 83 46 54 73 36 97 81 46 68 15 58 27 88 80 68 37 89 34 7 96 64 3 27 43 42 33 53 13 81 87 20 28 32 68 77 53 62 23 7 97 53 51 97 78 80 33 66 9 69 63 81 4 40 92 28 97 87 81 28 20 45 43 56 82 93 74 57 23 59 91 45 12 41 47 76 97 29 70 89 21 3
 57 10 34 98 31 80 23 49 59 95 29 65 46 94 5 91 100 15 55 98 70 81 26 4 92 24 36 41 87 75 82 75 24 37 11 59 42 12 33 60 27 71 5 66 26 42 92 68 2 1 29 4 88 70 32 50 29 60 6 62 32 56 9 69 15 75 82 2 79 60 98 78 30 92 58 64 5 61 41 60 47 5 60 39 55 47 11 51 12 70 34 14 51 84 43 81 7 56 28 27 37 53 39 81 25 12 64 75 75 29 75 56 38 30 84 62 90 97
 5 96 88 11 61 15 52 89 82 27 31 20 75 76 95 63 72 93 56 41 30 55 9 45 40 99 97 40 66 34 64 3 15 62 54 25 80 78 27 80 55 31 67 39 42 53 80 88 36 49 28 81 95 62 21 9 48 93 30 23 82 20 95 74 97 61 39 37 77 86 14 94 55 40 4 99 82 81 44 42 94 15 22 44 25 43 59 38 70 91 70 29 28 20 66 54 67 50 72 9 57 24 55 83 49 42 61 9 53 52 89 59 41 36 32 68 76 26
 79 22 51 19 5 29 1 16 58 26 4 7 61 73 18 6 39 64 66 31 56 95 93 76 70 7 10 66 23 61 62 97 94 90 12 87 49 7 94 39 100 90 40 30 29 96 86 78 6 93 39 4 64 91 22 74 82 65 38 35 88 19 45 85 64 84 39 74 100 27 69 35 75 8 44 68 57 82 94 17 37 10 58 68 75 41 64 30 27 86 15 62 85 49 44 3 51 60 95 82 90 90 61 51 41 30 29 76 45 100 23 32 19 93 26 71 79 84
 65 79 17 96 62 78 64 71 83 94 36 8 60 82 70 95 95 56 41 28 68 83 79 74 98 98 19 14 31 92 70 72 60 3 4 24 28 75 9 43 87 20 71 58 100 73 93 36 46 7 6 48 41 65 22 24 89 33 86 45 9 60 14 22 94 45 69 58 29 82 90 41 54 24 59 28 5 29 24 53 13 64 30 68 94 28 88 4 95 2 44 60 72 9 76 25 88 60 80 62 34 34 41 45 60 29 74 52 2 52 98 29 66 50 19 72 57 28
 21 73 47 44 80 9 83 28 20 96 36 30 55 10 25 78 89 97 57 19 68 12 6 23 35 39 5 48 92 4 39 42 74 7 47 46 61 51 20 4 4 92 56 16 25 10 16 89 25 9 52 43 56 26 4 52 76 60 28 54 77 79 28 47 68 93 79 43 86 15 73 85 78 5 15 43 47 56 37 49 74 9 14 34 41 71 58 19 7 66 20 80 66 66 75 87 80 65 99 31 75 85 3 66 11 37 72 70 89 85 22 7 96 54 73 55 78 70
 88 80 48 32 82 43 93 58 89 71 92 67 51 87 27 80 54 31 12 47 47 25 25 53 79 66 2 69 84 17 37 78 66 88 75 31 29 14 34 4 76 49 88 10 36 37 11 76 25 12 77 24 36 28 51 82 67 28 11 83 40 88 57 83 83 31 5 92 61 78 1 90 13 51 41 43 74 14 35 26 98 73 15 51 81 89 91 4 20 33 31 11 43 72 1 8 29 88 40 40 21 83 95 68 65 33 48 53 79 14 1 49 53 65 54 14 5 59
 48 28 42 85 92 10 35 44 64 64 99 30 87 3 39 75 60 52 55 5 6 90 64 76 26 61 71 18 59 50 57 26 69 38 39 33 33 44 21 42 79 97 15 79 67 2 84 75 44 86 62 92 44 1 91 72 4 46 97 11 13 37 5 70 56 88 61 1 82 45 8 11 23 50 92 72 77 7 74 94 97 11 16 79 97 98 59 77 21 6 61 26 37 40 25 50 82 22 57 6 46 71 10 10 34 95 33 84 52 55 29 87 21 54 52 26 60 48
 8 11 51 23 94 16 84 54 96 34 49 53 36 16 37 6 11 16 6 5 98 45 52 54 36 71 49 2 10 19 86 66 80 19 12 92 100 84 60 79 58 33 17 62 42 50 88 58 83 94 59 86 94 64 11 4 59 89 65 33 80 72 29 77 39 38 43 78 4 46 84 45 33 95 52 80 69 5 65 11 38 3 32 8 42 12 18 8 89 95 72 2 65 22 5 2 59 23 78 100 95 35 97 28 97 59 68 78 47 32 44 79 44 27 25 38 9 70
 35 67 92 48 10 21 99 58 57 2 37 35 34 49 28 85 83 3 3 94 13 66 57 50 31 21 93 11 70 10 55 33 37 27 37 44 99 41 86 67 5 73 11 49 48 74 69 47 21 18 84 48 54 18 84 76 93 47 22 11 95 61 17 49 43 76 38 74 26 57 12 100 24 66 65 16 71 92 94 81 88 4 5 40 52 11 10 71 47 26 96 19 36 87 1 1 28 98 93 4 15 11 72 62 86 91 17 10 76 65 42 87 5 98 48 27 25 56
 35 97 71 89 30 33 7 90 18 53 18 8 99 4 24 91 73 41 72 64 6 85 87 58 60 75 30 94 45 86 93 55 80 58 7 69 60 9 29 85 8 93 69 7 29 59 54 85 28 60 28 9 76 18 71 13 32 93 67 33 38 11 26 49 18 100 59 93 85 50 28 36 50 53 98 14 12 63 71 55 77 52 2 83 81 68 59 47 98 88 10 20 26 57 13 71 45 22 4 59 68 66 98 78 57 76 25 63 4 87 79 93 37 74 9 93 32 39
 60 39 99 18 49 82 50 67 27 35 8 94 8 67 57 38 18 57 16 28 77 16 76 86 54 69 60 89 75 2 75 25 45 17 57 57 11 24 95 84 66 9 85 66 80 25 28 22 84 69 34 63 8 75 22 45 3 63 24 66 21 22 41 41 20 49 34 4 60 39 53 3 62 94 32 57 71 10 54 10 77 56 60 14 69 15 92 50 65 81 41 6 60 44 37 17 45 19 19 44 75 48 94 40 95 8 90 51 97 65 31 5 5 2 20 38 79 12
 10950 5518 7685 2601 6298 11149 8262 3082 6820 7288 3008 11536 4170 9221 8889 10314 10327 322 395 6724 7570 10962 524 2727 1559 1452 1107 9056 5754 3971 965 11684 8970 9405 3271 3431 5364 5538 4604 4044 8147 9483 5336 6546 10202 1475 6554 7705 6390 5516 5764 3191 3915 4903 1330 3701 8214 9268 640 11103 9715 75 6860 4856 4368 2006 8943 3029 11287 4037 8509 4883 7565 9587 5409 3031 1991 10215 11474 5848 1430 4525 9061 5878 11677 7587 664 1267 5305 7033 2304 5803 6802 8189 9106 1077 3184 2874 9444 5941 8449 2268 1193