106 111
 42 41 67 4 28 22 66 21 58 23 94 81 51 87 54 25 48 76 92 39 70 52 38 63 33 12 81 26 62 52 22 71 67 40 8 19 83 39 24 61 25 4 12 66 6 74 31 24 6 21 89 92 14 57 56 53 75 70 53 62 57 32 15 47 96 11 26 8 13 9 55 36 61 83 50 49 32 88 78 28 6 79 72 52 3 92 25 55 68 7 43 17 92 50 26 32 42 58 6 71 17 37 89 54 49 14
 96 21 76 2 97 7 53 31 14 11 41 49 22 88 5 98 46 62 62 87 36 33 23 13 78 12 43 39 28 68 79 36 56 14 80 86 35 21 38 26 38 73 99 34 89 39 6 53 78 82 27 72 62 62 10 35 55 49 69 40 47 76 36 69 96 60 30 82 67 92 80 4 13 9 61 70 44 80 56 40 28 55 15 55 77 46 31 65 39 60 54 80 13 27 66 8 71 50 13 39 13 52 16 24 85 28
 92 14 81 59 68 26 50 45 57 72 39 79 77 5 65 65 61 60 56 66 48 98 59 60 84 5 68 98 26 89 35 22 9 27 22 95 10 34 26 75 96 2 54 84 81 19 81 48 95 86 11 63 21 85 34 47 90 88 76 13 99 51 15 73 24 41 81 61 6 94 12 63 2 18 68 79 88 3 64 6 28 48 24 16 100 22 49 48 11 29 94 1 17 17 31 6 6 73 65 35 62 70 55 83 41 74
 67 54 13 11 57 63 6 9 36 66 24 37 54 33 21 46 37 60 28 9 25 65 89 42 73 67 99 34 30 27 81 50 93 29 29 32 70 86 1 51 53 57 74 59 89 37 22 85 92 97 63 68 88 38 45 42 30 83 55 69 8 25 89 1 47 42 18 95 54 90 46 23 18 73 66 39 50 53 77 11 42 55 51 49 49 6 40 62 52 48 27 83 97 38 66 2 60 63 96 73 99 63 21 83 80 68
 40 40 91 48 49 16 100 62 76 40 72 97 94 76 58 6 72 35 6 3 51 91 29 39 54 92 3 51 7 16 73 88 32 63 13 16 47 98 74 92 79 24 82 38 28 67 57 9 79 10 82 75 94 38 95 90 47 4 16 18 63 21 25 13 2 38 76 77 75 70 92 6 59 18 76 3 5 89 96 81 96 88 87 91 15 83 91 21 13 56 42 72 92 4 7 53 96 43 78 81 50 34 57 90 96 28
 38 22 83 26 41 83 29 62 71 88 69 18 6 40 48 48 65 38 79 90 9 82 95 24 89 12 17 13 97 46 84 63 2 14 69 84 46 35 4 73 11 92 20 81 97 27 58 51 49 24 11 50 81 15 21 86 58 32 48 30 39 40 69 48 20 43 69 20 47 74 45 67 55 80 83 89 64 78 15 64 10 31 57 60 34 45 26 85 22 71 20 1 44 20 84 97 38 31 78 6 25 9 78 100 78 19
 6 78 99 66 5 28 60 46 4 27 53 9 35 62 19 40 33 19 12 60 5 24 63 69 12 5 44 95 35 45 36 38 32 18 29 51 48 96 99 22 62 28 14 10 44 91 30 23 11 84 33 30 31 91 47 7 18 88 17 53 6 33 30 15 14 49 52 94 72 22 34 24 41 57 42 70 91 99 99 87 38 73 99 15 16 16 71 29 51 60 76 86 70 76 52 51 43 25 91 67 85 32 87 68 13 33
 56 17 18 1 91 75 32 75 73 9 5 80 52 56 97 49 34 63 96 20 92 84 87 90 71 69 9 32 57 36 27 21 47 70 50 25 84 5 23 20 61 89 19 4 42 58 68 18 18 48 75 56 97 56 45 13 100 4 21 16 10 28 26 68 44 12 64 69 75 50 53 58 79 52 48 49 1 26 99 4 90 34 75 23 17 40 91 84 43 4 26 31 98 35 9 46 83 37 84 39 62 50 42 95 86 6
 26 67 56 95 28 89 67 51 89 89 97 20 88 78 93 63 8 70 45 40 38 97 77 14 77 72 100 10 36 4 18 81 39 30 46 54 82 54 27 88 83 97 28 78 64 30 77 13 24 82 18 15 79 97 67 85 13 67 96 26 5 13 99 10 65 11 66 69 74 94 76 7 34 29 44 40 1 25 73 35 39 17 30 82 53 54 41 90 19 85 97 5 51 35 60 47 48 34 80 4 32 23 45 69 100 85
 1 82 76 29 72 97 81 35 10 15 94 47 47 6 62 58 87 63 88 33 21 29 24 72 87 54 3 21 67 56 3 69 89 2 54 47 75 72 90 21 13 35 59 22 87 4 87 6 9 26 93 41 60 12 46 30 52 83 95 68 96 62 36 56 62 75 8 61 41 23 29 55 45 91 97 44 35 80 48 99 31 12 31 80 18 29 53 67 77 9 99 99 9 42 96 18 9 49 30 57 11 94 93 6 18 84
 64 60 65 89 15 44 31 82 16 46 94 79 3 60 3 53 73 22 84 11 96 25 9 81 73 58 57 35 98 10 84 35 89 65 5 70 22 31 38 94 97 23 81 26 11 63 15 27 62 59 94 87 69 68 68 66 45 34 28 10 1 1 97 22 82 41 85 34 67 58 31 24 9 18 7 60 20 68 82 25 98 61 91 92 83 49 86 72 96 79 89 72 27 33 36 62 58 79 28 7 81 100 68 98 100 12
 45 74 64 36 21 89 73 23 79 49 96 89 68 39 11 86 16 64 84 81 76 41 35 71 37 81 74 46 45 95 4 58 66 65 74 94 40 15 22 49 63 1 84 87 30 67 91 27 85 39 69 78 90 2 72 45 57 65 18 99 72 75 77 73 68 85 49 39 30 33 15 43 32 17 84 71 36 42 59 64 91 55 56 41 53 77 63 3 69 97 33 67 41 71 89 86 72 12 74 65 12 67 33 19 95 26
 56 96 56 61 11 87 31 96 74 44 15 97 17 88 60 48 16 40 88 2 26 88 15 85 47 49 64 66 31 50 97 19 67 41 25 23 94 72 57 64 65 97 31 53 12 97 23 56 65 22 74 80 29 77 92 37 65 46 41 46 100 75 20 19 96 6 44 41 3 25 29 10 19 56 71 54 20 57 50 25 77 59 74 65 59 14 3 24 76 85 39 79 76 24 9 40 72 56 47 53 64 84 28 17 89 33
 71 71 64 46 1 62 19 36 26 53 92 27 62 39 66 87 76 97 75 53 24 88 84 100 60 46 40 53 29 11 51 60 39 33 92 80 65 33 52 63 19 82 9 9 23 58 78 12 52 32 4 88 88 92 72 20 6 46 76 16 69 86 76 56 15 97 82 38 88 92 84 80 50 52 33 65 46 11 51 82 38 11 41 60 68 96 39 96 55 81 86 59 93 89 17 23 54 60 73 13 64 51 15 86 91 32
 64 57 68 48 33 86 39 1 36 45 25 76 51 75 37 65 81 64 59 14 87 26 50 11 6 49 57 46 28 100 4 54 94 43 40 14 63 86 30 23 96 42 33 89 100 7 60 1 30 37 8 54 41 3 19 80 91 44 27 43 3 79 32 90 35 98 78 46 19 15 23 16 41 80 49 74 34 30 20 100 70 8 56 12 14 24 16 50 86 27 43 17 30 48 29 11 55 50 11 6 98 51 36 30 22 30
 94 40 9 91 29 16 3 9 21 95 22 75 74 27 47 23 98 84 18 78 10 4 29 82 88 65 88 21 31 34 20 8 92 10 6 9 24 92 85 65 53 14 49 70 34 57 52 68 60 63 38 36 16 79 78 67 8 39 99 80 63 34 39 67 40 59 89 99 81 15 56 20 90 54 6 12 22 97 54 59 42 5 84 20 94 21 48 91 70 62 51 42 23 50 21 45 18 62 15 65 52 100 45 81 21 85
 34 84 14 81 67 1 58 39 58 70 42 17 26 63 66 49 88 1 50 71 24 6 31 69 13 16 82 61 85 59 50 64 68 80 85 25 1 33 74 69 69 98 92 72 42 25 47 90 38 28 40 61 7 48 61 86 52 87 48 49 49 49 5 8 57 74 99 26 61 18 61 67 5 77 94 13 5 73 85 82 30 41 38 47 16 82 25 56 75 80 82 32 79 39 95 61 50 50 79 52 39 84 100 41 70 29
 44 39 34 66 100 21 50 13 52 40 42 95 12 82 53 89 31 30 35 4 40 23 52 12 79 58 14 13 67 17 18 81 77 49 71 76 95 82 2 27 38 13 66 73 71 57 12 94 91 68 43 29 54 21 62 3 64 38 17 90 47 21 78 85 81 37 71 21 94 21 92 2 24 65 72 24 11 86 56 15 70 87 62 85 1 72 1 78 21 76 66 80 39 38 57 10 30 12 50 81 32 95 46 40 47 49
 79 14 19 48 73 10 23 61 18 78 19 38 37 92 62 68 54 10 42 53 28 58 56 70 33 60 99 9 25 71 72 90 67 60 72 42 10 96 84 7 84 29 13 62 55 67 30 83 18 42 89 100 63 84 66 41 7 92 34 67 36 21 71 98 72 25 8 51 69 37 43 1 76 90 94 4 20 53 42 27 58 7 67 11 1 16 50 94 2 69 52 93 93 68 30 48 73 77 24 97 13 45 75 61 99 45
 1 95 57 31 39 21 40 20 93 14 10 24 82 47 91 90 69 39 9 29 95 41 40 63 32 52 99 11 12 40 81 42 2 69 49 37 90 29 1 94 78 68 58 1 85 61 80 69 31 52 4 83 62 22 60 11 64 100 74 55 50 71 1 40 19 26 35 73 65 88 40 33 71 7 52 59 13 46 3 68 33 82 57 82 58 37 28 78 87 68 11 9 50 79 89 89 51 30 18 19 35 49 85 37 32 56
 71 13 18 42 57 44 91 34 27 18 23 1 23 35 12 52 91 82 80 87 78 51 38 86 48 56 23 97 90 6 62 6 87 97 11 72 24 97 67 49 36 67 49 40 4 49 17 53 78 80 46 49 40 88 69 63 25 42 77 77 95 28 78 96 8 11 8 21 6 63 44 14 63 24 76 53 7 29 6 33 44 31 11 92 94 68 56 32 74 27 73 8 32 60 71 55 16 44 53 22 73 12 18 100 7 24
 85 67 15 35 15 41 41 6 78 3 44 3 15 22 41 46 88 52 5 30 43 60 20 45 54 56 42 45 7 15 32 89 3 97 39 11 15 98 76 15 57 1 73 59 76 90 21 100 25 85 85 24 55 86 60 79 27 74 8 2 5 32 73 96 66 80 51 89 55 77 76 16 31 58 80 97 56 5 85 42 7 20 32 92 95 58 32 90 75 17 83 22 81 39 69 78 17 39 61 75 72 58 20 74 79 82
 41 90 100 86 23 37 62 10 36 59 7 71 17 76 19 52 93 20 58 97 46 30 1 74 74 82 56 51 47 82 91 6 3 44 17 95 67 97 99 89 48 72 5 46 4 28 46 83 61 26 38 27 23 9 69 97 60 72 56 93 89 100 55 84 82 56 33 55 24 6 2 45 79 95 34 20 59 56 21 81 13 49 81 74 12 2 66 99 52 72 30 20 88 84 77 92 16 74 75 75 67 59 57 17 46 2
 86 37 37 40 29 34 91 28 92 25 36 54 4 17 53 91 93 21 27 61 74 64 57 8 19 89 1 75 65 44 10 77 18 77 50 70 47 50 82 34 88 36 88 44 28 40 12 16 31 72 59 100 31 39 79 79 18 52 38 30 56 57 13 28 11 78 99 54 39 31 45 60 76 59 61 32 96 12 52 36 10 25 28 38 24 30 35 77 21 58 2 82 16 12 18 32 86 24 36 41 24 42 97 53 85 66
 80 50 40 37 15 20 51 26 9 87 5 66 45 98 76 48 1 55 67 99 19 62 23 34 90 97 5 59 9 57 53 62 86 41 12 86 50 76 5 64 13 93 100 58 50 80 19 82 96 16 66 65 87 53 50 78 91 62 92 33 100 71 81 71 22 15 53 57 100 90 47 42 20 48 97 94 71 87 97 37 99 96 67 71 55 61 59 40 56 85 59 95 37 71 39 86 73 85 19 49 52 41 41 89 46 46
 9 73 78 43 83 25 28 13 92 65 63 83 15 93 8 13 28 39 97 79 40 100 38 51 46 25 72 39 66 51 95 62 18 84 29 19 52 34 2 16 32 7 91 21 52 93 14 4 11 70 39 97 76 60 4 8 46 72 62 65 99 71 72 45 43 90 58 76 65 91 79 45 63 57 89 27 78 19 68 34 62 94 47 40 50 100 1 19 6 25 17 12 68 25 64 45 14 75 26 13 17 77 82 93 89 98
 21 87 45 93 85 73 23 46 51 84 18 19 32 29 93 100 31 86 39 90 84 70 15 65 49 25 48 55 77 45 97 69 83 93 3 70 7 98 74 15 76 44 69 27 45 24 34 78 94 34 91 46 66 73 53 80 57 59 30 18 88 3 51 92 19 7 24 1 72 27 48 40 32 68 69 49 83 29 22 4 54 64 38 86 95 61 26 18 29 74 3 28 23 37 39 50 14 95 97 77 100 85 3 2 80 26
 56 26 24 44 36 35 85 70 15 72 38 84 74 8 35 28 43 60 19 72 94 5 87 5 24 69 43 70 47 60 61 69 41 97 77 95 67 31 14 67 48 56 18 89 26 61 86 45 48 42 2 24 77 87 74 34 34 99 20 11 62 99 38 34 60 7 73 63 32 95 79 26 84 9 8 96 33 10 54 6 94 18 6 67 86 90 8 34 43 39 17 82 48 97 49 40 3 10 11 39 54 81 13 77 18 100
 73 59 14 78 71 30 22 28 76 72 79 78 29 52 23 16 59 52 27 94 50 48 87 37 21 73 28 8 70 47 25 68 33 40 9 57 47 71 70 84 100 26 46 93 40 6 35 24 7 70 42 50 54 86 71 64 59 13 5 67 88 33 69 27 71 71 34 98 74 25 45 72 94 70 82 96 100 91 72 27 4 52 27 70 18 15 8 32 1 8 27 56 76 90 24 81 37 66 77 27 9 55 20 65 86 8
 64 47 18 53 65 13 86 19 54 36 2 18 96 90 2 98 3 87 66 65 33 84 98 89 58 5 57 17 13 24 84 52 26 70 50 11 54 42 79 41 12 13 38 3 73 61 77 68 2 12 88 89 82 37 15 97 20 9 22 27 85 3 78 11 7 83 74 16 67 23 60 41 71 28 99 1 60 78 31 100 36 10 70 67 23 3 49 67 6 80 73 42 42 19 21 6 65 33 99 28 47 57 81 56 34 95
 11 37 78 42 26 44 40 72 43 78 8 61 89 10 68 17 55 95 29 78 81 66 98 54 89 28 54 63 84 99 13 29 30 13 15 4 59 48 41 12 89 6 52 42 32 64 2 18 73 73 26 89 60 57 43 77 99 92 72 30 55 57 48 85 98 59 48 56 27 73 78 74 19 84 37 70 45 87 52 74 61 54 18 16 13 19 40 41 13 72 48 65 45 15 41 67 84 9 86 34 22 99 89 88 1 92
 66 99 56 21 26 68 99 44 36 57 14 65 95 77 2 84 5 73 37 56 96 60 52 27 24 44 76 66 45 94 84 25 93 43 70 9 80 91 28 41 46 3 2 10 79 14 73 48 30 91 11 56 92 97 18 50 85 85 47 16 16 7 70 35 78 93 52 78 24 34 69 34 61 15 13 98 35 51 8 78 83 86 57 36 25 69 56 72 52 7 74 74 56 54 40 82 38 73 40 29 41 81 75 76 63 27
 33 26 78 82 17 58 89 10 1 45 92 37 16 92 31 89 10 74 56 70 42 45 25 44 74 26 79 69 59 12 65 30 9 54 1 27 96 43 12 27 59 78 8 65 53 94 64 74 54 88 77 22 70 48 18 4 41 52 67 67 28 54 3 9 85 19 43 40 32 33 24 38 10 63 25 69 57 43 89 52 97 60 78 85 72 12 39 70 78 85 49 65 31 38 2 41 43 86 30 31 39 29 39 56 47 83
 38 91 35 88 3 64 66 56 51 47 32 47 5 25 62 78 99 26 9 47 46 73 58 33 98 88 2 52 82 46 39 22 75 85 57 57 99 67 76 33 91 3 41 84 37 22 89 99 63 57 79 99 78 80 51 32 34 94 1 64 61 64 5 19 97 81 42 4 20 54 54 11 15 99 40 41 59 55 80 52 26 94 75 51 51 59 20 72 2 15 46 70 49 2 81 16 28 31 90 76 37 84 8 35 96 52
 27 27 56 77 61 18 25 2 75 12 67 31 63 62 85 7 42 58 65 83 25 68 74 99 65 13 55 46 26 77 50 10 72 48 9 66 56 90 93 43 26 77 98 13 1 45 62 93 22 40 94 47 17 66 42 69 11 55 96 92 21 3 93 84 44 48 32 30 49 75 36 73 73 18 24 91 60 86 14 12 36 22 76 59 71 65 39 54 17 88 18 6 97 39 17 28 69 50 3 33 79 90 12 97 85 28
 9 99 69 39 100 3 57 42 13 53 74 81 11 38 38 62 79 14 8 57 36 61 81 16 80 52 71 91 9 88 65 23 14 49 84 16 74 30 45 94 41 66 94 61 6 49 3 7 81 96 43 79 4 22 96 76 95 24 38 66 81 23 48 18 66 69 25 73 34 55 30 70 33 51 26 88 93 76 48 68 48 30 30 70 29 62 16 19 58 68 79 6 57 67 34 38 44 71 93 9 91 2 46 11 10 27
 10 49 22 48 5 79 83 34 37 19 99 18 92 67 47 30 100 62 71 30 31 94 63 76 21 93 49 8 87 42 41 82 76 51 82 51 46 18 27 100 90 91 45 25 17 59 8 69 44 78 4 41 22 51 41 25 4 15 80 59 85 45 26 86 86 26 54 57 30 37 30 56 84 36 97 15 9 11 57 59 45 93 36 50 46 68 3 97 39 40 15 43 49 16 14 72 38 67 68 25 46 17 68 63 53 20
 83 51 22 47 7 31 98 8 86 76 6 27 14 7 77 38 71 43 39 40 82 23 51 15 79 33 70 17 1 87 93 73 94 37 99 98 22 39 92 41 18 34 27 59 24 77 100 41 17 7 1 100 51 84 29 84 94 10 11 86 17 73 98 82 44 92 16 71 82 89 43 24 44 30 43 83 24 5 62 62 30 100 62 31 27 25 41 53 17 25 38 46 31 71 58 29 61 50 28 65 11 34 83 36 31 9
 11 64 2 73 52 67 23 92 79 78 68 5 4 38 92 17 9 100 22 100 54 96 84 80 58 22 23 59 22 80 88 71 63 97 8 43 48 86 82 31 95 8 83 41 58 44 20 58 34 35 32 82 8 43 36 65 1 52 56 4 53 32 7 85 81 59 31 25 1 8 7 53 34 72 9 6 7 66 20 87 41 35 95 83 81 26 81 45 83 98 1 64 91 22 65 82 2 4 64 51 96 49 69 25 21 100
 35 77 13 63 76 21 15 32 92 22 40 31 79 84 40 75 35 56 15 70 78 31 96 36 73 8 33 13 80 34 47 46 47 63 75 93 55 92 52 28 81 98 37 46 64 48 1 78 32 43 24 26 85 23 39 76 26 16 67 86 12 99 31 4 52 17 2 12 50 1 77 58 85 52 84 50 23 11 86 14 2 87 86 19 96 55 41 60 7 56 93 35 10 7 86 88 43 5 28 46 17 65 30 96 72 40
 100 63 51 60 31 90 1 93 22 88 99 64 55 75 51 28 4 5 9 27 50 11 41 50 39 72 73 4 27 86 31 25 91 83 57 23 92 50 2 32 25 27 65 4 76 61 40 5 48 99 98 4 32 94 42 70 58 7 85 10 66 78 83 67 53 73 84 75 7 1 35 42 13 39 53 86 69 21 1 15 26 88 98 7 24 27 23 42 30 75 38 67 62 3 21 28 53 86 9 29 99 45 8 56 65 18
 34 20 83 1 13 24 93 97 23 72 64 97 15 65 14 63 1 43 11 76 57 17 59 1 14 59 88 32 32 28 5 6 2 76 92 61 5 45 1 90 90 11 35 25 25 3 56 91 1 90 17 98 35 35 28 64 64 70 62 35 90 57 18 63 16 47 56 77 78 30 9 81 34 29 60 16 100 27 74 27 82 63 77 49 48 74 72 46 83 51 94 15 8 54 3 42 48 77 4 64 6 61 40 81 9 11
 37 51 86 64 70 18 41 15 96 67 31 87 36 61 47 22 32 28 13 41 61 15 16 8 63 76 50 51 54 12 45 6 80 91 35 71 58 37 87 56 4 16 48 90 75 96 20 52 42 64 49 73 14 35 85 88 17 77 68 39 78 23 59 100 72 99 20 40 64 29 28 8 49 80 64 81 5 23 45 98 26 2 36 76 52 19 61 22 94 84 3 80 94 78 29 44 98 43 33 54 95 57 64 7 2 58
 12 18 2 3 16 33 94 81 73 9 72 48 9 15 15 36 90 20 7 80 35 89 50 41 68 7 44 27 95 49 37 73 50 65 60 22 46 74 69 67 44 86 4 78 19 46 92 5 17 2 68 91 58 41 61 2 41 26 9 21 12 60 71 26 63 23 18 21 23 73 61 61 93 52 11 46 64 99 69 30 16 66 57 38 70 100 100 48 23 84 81 94 64 68 20 47 71 85 73 7 22 70 79 45 92 31
 17 97 20 9 84 12 100 11 94 49 66 18 17 84 20 87 28 64 49 17 44 81 42 94 82 66 30 10 97 22 89 7 32 39 69 77 7 21 39 28 63 22 41 6 12 34 15 69 75 23 23 73 21 68 76 20 5 87 15 24 46 69 64 2 38 49 57 35 29 77 60 79 64 24 74 100 60 23 66 100 95 27 52 67 1 9 37 35 63 50 48 14 5 66 30 68 8 7 23 45 88 18 40 82 73 50
 39 55 66 81 63 68 95 91 91 91 100 44 91 55 49 79 12 66 63 13 94 40 91 57 1 8 25 1 96 18 100 55 42 88 84 29 93 90 20 71 41 32 5 32 47 37 61 41 32 18 90 31 61 88 54 39 28 82 6 69 22 69 94 48 1 64 69 9 33 5 98 48 10 48 3 93 30 52 87 38 91 7 61 62 7 73 94 47 40 62 33 51 78 83 15 33 66 32 21 9 33 3 65 95 31 65
 44 52 83 22 56 21 20 5 49 84 42 95 92 10 97 34 61 92 77 99 22 97 80 12 74 57 90 61 46 59 42 100 70 37 96 67 7 38 65 67 51 18 90 19 48 18 15 97 34 6 37 93 46 47 23 31 61 87 4 99 24 79 85 74 56 40 34 69 30 76 18 77 96 94 30 23 98 60 54 13 92 55 78 57 7 69 48 18 26 51 71 78 7 7 76 56 50 94 95 84 58 70 2 51 50 56
 77 27 42 31 88 18 33 45 34 28 10 55 11 31 5 51 40 73 35 64 76 96 27 48 33 53 19 34 55 70 52 41 90 18 16 1 56 97 71 60 4 1 21 75 27 54 8 80 30 62 17 82 55 19 15 97 62 30 2 12 95 6 9 54 32 43 2 17 47 95 19 5 4 55 87 52 64 15 55 73 36 90 42 43 82 96 97 4 42 71 42 73 19 1 76 76 61 99 80 43 93 5 87 89 48 92
 66 2 59 67 42 3 36 17 19 80 29 15 93 27 61 37 25 50 6 14 40 49 93 59 45 85 34 35 5 76 34 36 67 31 8 88 51 32 65 58 41 89 22 80 22 88 42 26 44 2 37 41 66 65 71 12 56 23 83 6 53 13 77 46 20 69 7 3 31 65 46 20 52 18 55 27 30 95 66 50 37 31 46 85 78 33 62 97 95 92 65 78 64 13 36 67 47 55 2 59 31 27 60 82 34 12
 63 66 79 85 13 65 14 68 23 65 46 75 16 72 59 82 61 100 39 64 88 16 84 43 21 90 54 18 43 55 48 10 65 72 53 25 91 31 77 79 30 98 8 94 95 30 63 92 60 20 18 59 84 41 76 60 26 84 17 34 70 29 47 29 1 77 73 30 2 45 55 25 22 83 60 13 88 94 25 34 99 41 90 21 60 41 5 51 57 4 57 1 34 44 75 57 84 98 59 56 55 21 47 71 60 69
 31 44 41 57 28 50 87 41 75 23 28 72 73 37 83 40 27 65 100 64 97 92 20 29 57 25 60 97 49 70 96 19 2 56 63 92 38 69 39 72 1 81 85 8 76 87 77 57 15 13 67 74 20 70 49 21 25 58 9 32 27 99 91 45 11 91 63 46 99 25 22 29 7 54 34 87 39 7 35 61 23 58 67 68 84 77 83 1 1 95 38 56 85 73 64 43 77 36 91 76 16 68 48 38 93 56
 3 21 48 94 86 62 80 46 52 36 3 52 83 54 61 19 60 21 50 20 30 16 91 51 100 61 75 40 62 63 34 38 90 85 9 56 16 32 20 41 81 74 90 40 24 32 43 31 54 81 21 94 62 55 44 28 34 49 94 36 35 78 75 91 96 57 84 5 3 34 37 11 37 94 34 4 3 43 13 32 8 91 6 63 57 3 85 53 58 57 57 33 66 73 97 3 98 50 35 44 73 68 48 33 90 87
 4 74 85 100 23 41 2 10 92 31 20 41 100 71 25 27 46 74 49 81 2 18 12 28 5 84 26 77 71 47 79 88 42 25 1 21 98 51 56 76 18 62 60 40 45 16 30 19 23 85 31 98 75 63 12 30 79 69 77 46 96 52 53 80 23 26 62 50 79 43 49 33 70 66 81 84 60 51 69 1 76 51 26 69 19 61 56 92 23 41 25 6 99 36 10 19 55 7 4 49 85 4 18 4 67 20
 7 39 56 89 80 36 61 17 29 89 32 56 43 19 29 43 27 82 80 96 20 24 12 90 92 8 27 12 43 50 61 82 35 4 22 93 50 77 57 62 1 54 64 2 65 29 99 100 11 51 42 23 18 45 62 77 89 73 71 54 51 80 69 48 83 68 9 34 3 80 65 57 79 96 65 22 80 100 51 80 10 50 75 54 29 99 70 61 82 55 41 82 37 9 39 27 16 50 97 17 68 50 62 78 39 94
 60 76 96 97 54 87 67 100 72 25 41 100 53 62 33 41 18 82 58 84 52 100 52 85 12 90 43 79 71 45 28 92 80 36 70 98 19 62 34 3 24 29 65 10 89 18 54 72 71 17 84 81 39 60 18 27 92 57 25 36 6 18 94 70 8 85 80 20 13 71 66 11 28 79 12 70 48 8 28 54 28 88 100 17 96 16 10 25 14 20 97 61 97 52 60 43 34 91 92 48 24 62 82 17 43 96
 64 2 28 51 6 11 30 51 74 56 86 100 35 65 30 95 84 48 95 25 56 46 15 35 68 64 27 10 71 69 98 43 46 43 79 34 26 93 39 2 78 65 24 42 98 97 36 5 73 1 49 73 79 41 16 94 17 17 79 93 28 63 61 7 32 64 92 61 36 97 87 68 91 54 23 4 98 59 62 85 32 50 33 93 22 23 41 8 67 73 64 76 37 91 87 92 82 24 40 95 12 21 83 57 72 69
 4 57 52 11 54 96 99 12 45 50 41 68 58 28 49 86 98 100 90 70 34 43 15 76 38 83 22 96 98 81 97 19 90 30 20 94 42 15 12 98 14 28 57 65 1 83 5 27 14 24 46 64 94 68 93 45 2 92 57 92 62 39 80 90 97 66 55 72 87 57 66 48 99 3 36 99 26 40 76 47 69 19 95 50 54 90 35 55 8 71 32 53 49 68 57 69 77 57 51 55 92 16 71 21 64 49
 57 57 49 97 23 91 22 83 37 40 84 7 92 67 76 1 93 15 94 89 76 41 93 56 88 95 58 91 38 7 100 96 33 23 13 37 30 13 31 19 100 57 28 8 86 87 25 60 47 94 51 59 53 43 86 5 39 66 3 76 21 69 18 1 94 70 96 23 42 4 3 33 75 27 73 1 26 13 19 94 49 57 24 72 76 1 33 57 60 48 10 78 37 25 60 56 87 64 87 36 20 91 24 15 59 76
 97 78 14 80 9 94 73 84 76 46 51 89 79 33 69 60 83 52 21 61 46 88 76 90 2 66 73 92 17 91 86 38 58 78 1 46 75 49 83 36 100 25 41 67 88 46 34 3 98 51 68 86 11 8 32 86 65 79 47 55 75 1 45 67 3 17 2 19 41 76 88 71 81 96 72 80 14 38 69 17 76 87 62 47 46 2 31 69 90 95 31 39 89 94 38 24 42 77 40 13 8 8 83 64 64 38
 71 14 91 68 24 32 25 75 87 99 88 61 65 36 93 33 27 62 8 96 68 44 54 72 35 5 3 45 61 55 40 93 100 1 39 62 50 77 27 46 92 42 34 44 61 92 29 22 22 35 78 74 53 16 69 69 65 6 62 69 27 54 93 44 6 92 54 46 65 44 6 46 70 50 8 22 59 48 73 21 79 68 46 63 64 60 32 56 48 27 85 66 2 68 83 100 25 8 47 95 87 10 2 10 33 92
 62 27 72 97 63 90 96 66 15 84 43 37 15 82 80 53 35 78 85 77 50 78 17 86 51 55 75 57 14 29 88 3 52 78 1 97 10 96 10 85 36 37 62 36 18 90 82 17 92 85 4 37 68 54 60 98 17 13 91 77 22 37 58 6 18 61 18 55 15 57 86 67 59 57 3 86 20 95 24 40 19 48 42 15 22 4 95 86 57 60 8 30 61 92 82 37 71 98 44 12 6 48 9 66 32 3
 37 57 75 82 54 99 30 57 11 19 19 81 20 67 67 46 44 92 41 7 37 83 82 7 52 73 77 65 95 67 83 3 1 71 17 99 46 95 51 21 24 61 78 69 45 71 12 97 60 8 78 60 33 42 56 86 71 13 39 20 69 75 10 17 72 75 78 69 26 41 76 23 97 76 50 15 82 67 49 54 39 75 86 58 79 26 96 72 32 92 98 8 36 67 43 97 77 28 90 88 97 54 66 14 34 40
 87 61 16 73 51 56 54 85 86 35 24 35 47 6 89 82 27 70 85 44 95 66 63 67 53 29 81 86 20 99 54 99 38 47 70 77 24 24 42 31 91 3 64 9 47 70 18 2 59 85 77 14 48 49 84 65 76 13 69 90 66 38 34 40 8 9 70 94 52 95 27 73 45 55 89 24 40 13 60 89 84 93 88 82 2 18 34 75 68 79 75 81 90 46 17 36 92 3 51 11 55 2 97 18 82 33
 94 77 93 51 46 68 53 55 45 7 73 32 44 5 72 84 54 4 96 8 52 77 98 90 96 7 94 37 63 27 49 84 71 25 57 50 37 64 31 51 30 67 27 28 62 55 64 90 33 6 84 1 65 3 72 45 93 12 88 44 80 56 87 67 7 15 22 29 60 25 25 91 37 78 26 53 10 56 18 70 20 10 48 18 68 53 46 58 42 53 86 85 55 31 84 15 65 80 75 29 37 45 49 62 10 92
 79 48 58 73 53 78 89 71 11 2 91 5 36 2 28 86 63 10 41 89 92 5 10 89 94 68 62 96 100 93 70 22 94 51 10 15 36 26 100 86 31 72 20 89 26 19 74 82 71 84 67 86 60 88 15 36 65 6 63 34 23 72 13 66 63 61 79 59 81 94 43 65 10 92 89 64 99 60 28 93 45 70 69 70 11 74 93 36 39 12 90 43 91 47 44 99 83 30 32 50 94 6 46 100 90 42
 8 67 78 15 65 77 17 2 53 82 56 37 28 32 1 45 59 40 58 45 33 49 92 40 94 1 2 20 82 36 64 78 81 57 84 28 23 54 76 71 81 6 50 4 61 89 65 48 67 11 67 71 55 34 2 52 22 82 52 25 64 17 65 78 59 89 33 43 36 86 49 31 39 38 68 77 28 45 53 83 49 61 13 45 43 21 71 22 31 9 18 2 56 24 2 87 58 86 45 68 42 57 74 22 31 58
 98 44 56 66 32 26 37 24 33 25 90 92 61 79 56 71 100 97 67 28 75 77 72 72 24 2 89 91 36 67 73 98 76 72 1 59 67 86 4 15 23 34 86 46 84 89 42 31 99 57 27 97 67 98 84 16 3 47 20 64 57 78 6 29 33 25 13 43 15 20 7 97 68 61 98 56 39 72 83 25 50 28 72 96 31 87 33 5 99 42 38 30 63 100 21 44 13 42 13 55 54 24 70 59 4 56
 78 38 58 88 77 47 10 42 76 97 32 81 57 42 12 41 93 45 31 48 15 72 26 94 1 32 68 90 23 5 32 40 85 98 6 97 20 68 81 23 59 48 81 14 48 100 66 67 91 61 51 90 21 29 22 19 92 91 70 38 90 91 72 57 67 57 36 88 6 32 13 60 78 23 49 71 28 65 31 94 55 2 86 56 62 13 13 33 23 80 23 25 21 29 34 39 22 100 42 66 34 46 14 3 19 20
 7 72 43 68 40 26 32 11 14 82 37 17 45 21 19 83 81 52 60 25 78 95 43 77 79 13 14 64 93 50 47 6 12 97 42 27 58 62 85 99 36 94 5 82 81 13 95 14 83 21 35 18 40 26 75 98 75 83 70 45 23 31 54 70 91 11 57 30 12 7 94 86 85 99 22 7 53 32 79 15 60 29 74 4 83 87 77 29 46 79 61 6 43 69 40 15 91 93 81 83 5 4 35 60 89 71
 24 50 1 74 25 46 16 35 73 74 29 26 5 36 27 62 3 68 38 1 30 49 40 26 81 48 70 25 4 92 23 78 59 50 71 98 57 85 42 48 70 43 24 42 3 20 13 81 93 40 22 45 62 43 46 42 52 65 51 15 78 60 15 99 6 38 35 52 50 45 40 64 82 2 44 29 39 87 63 65 75 88 34 55 52 68 65 4 29 39 34 98 25 46 10 59 6 51 86 48 9 44 83 66 96 76
 16 75 43 10 56 51 45 1 59 31 60 58 57 35 1 23 84 70 29 35 62 52 47 22 98 12 72 60 52 55 66 34 74 28 22 53 29 89 9 98 13 97 8 18 94 70 18 93 99 87 48 49 99 95 17 95 74 11 25 1 18 81 56 83 84 7 73 67 13 55 28 46 31 90 74 81 98 2 46 80 56 83 54 22 9 39 43 61 56 71 67 70 39 49 85 21 49 74 76 59 87 6 63 55 4 36
 89 68 7 21 93 93 29 24 82 95 96 64 75 8 4 8 37 14 68 92 62 23 14 63 25 69 77 44 73 16 5 76 28 70 87 88 81 61 48 45 5 58 70 23 47 28 34 61 54 12 28 33 22 18 55 31 91 45 8 24 32 48 63 66 90 6 78 19 76 88 78 25 2 80 47 34 64 87 18 69 14 49 69 29 49 40 11 58 67 85 43 32 60 57 22 28 90 28 29 18 33 70 30 33 87 27
 49 60 40 56 68 98 56 97 40 73 5 65 57 58 53 48 16 27 75 51 73 76 44 67 86 91 21 96 88 36 49 6 71 95 88 43 95 80 54 94 80 60 67 79 95 73 35 95 50 75 65 74 95 87 2 26 64 63 70 62 71 19 1 83 62 35 67 9 4 68 72 27 92 47 17 52 59 48 45 22 27 47 73 27 78 71 7 81 79 46 62 9 79 17 81 13 64 7 83 85 4 62 11 80 19 48
 67 75 80 82 76 48 64 90 60 26 22 94 97 90 10 13 75 81 29 41 63 23 52 74 11 67 95 86 99 49 69 69 19 87 43 98 49 33 2 72 12 24 55 6 22 64 95 14 80 4 91 96 57 57 21 45 1 64 81 22 100 80 22 98 38 92 34 6 7 1 39 31 15 68 28 96 69 26 70 43 35 87 23 47 23 1 94 43 84 44 65 24 34 30 81 56 96 38 52 67 71 88 43 15 56 18
 92 65 8 27 83 82 72 99 60 64 9 84 11 1 99 87 94 6 62 97 24 83 88 94 93 96 67 14 2 82 54 14 14 10 97 24 45 34 79 16 25 80 70 8 21 85 12 89 52 65 35 53 88 81 26 13 17 53 5 20 37 69 51 25 32 45 35 24 34 7 18 84 76 32 55 89 95 14 5 50 16 15 27 88 77 62 16 10 86 86 60 72 53 61 25 35 22 18 7 8 36 43 18 41 82 60
 97 25 27 89 77 22 82 68 24 41 40 3 8 24 38 22 2 61 86 10 86 78 67 97 22 13 79 60 66 29 19 50 43 38 90 40 46 72 73 36 78 49 28 28 52 63 47 38 79 56 3 63 29 20 92 39 35 25 68 34 99 95 95 99 67 63 63 8 8 95 91 38 76 59 12 61 94 34 88 70 79 94 52 87 73 79 58 30 49 58 10 100 31 21 58 69 58 6 40 87 74 9 76 60 2 32
 18 66 35 90 78 33 37 15 12 76 27 11 81 86 93 29 2 67 39 38 51 86 6 86 85 55 65 24 51 66 69 30 38 65 99 10 7 5 92 24 84 56 88 68 35 46 35 32 100 36 45 40 86 60 94 8 74 46 45 100 41 11 16 13 42 63 4 9 51 63 94 98 76 69 48 99 56 11 50 22 63 18 58 58 66 96 17 86 54 100 53 11 66 36 87 90 8 69 79 46 41 48 45 71 17 51
 54 2 19 34 45 25 87 83 36 27 73 100 81 89 60 13 57 88 8 28 64 50 39 66 88 2 27 71 24 29 66 95 8 22 41 96 34 90 84 12 46 23 69 47 89 51 30 12 9 90 32 70 69 13 90 24 23 12 17 6 33 95 84 54 59 37 26 1 76 34 71 32 50 74 93 73 66 87 11 70 33 39 1 66 37 8 19 1 27 46 72 2 74 90 69 1 60 59 37 1 2 65 31 61 37 12
 23 69 11 10 5 15 63 56 31 4 25 4 74 16 42 4 44 56 71 26 84 21 78 29 66 34 8 74 41 56 20 30 77 19 22 83 18 45 32 37 43 75 74 57 26 8 69 97 51 59 89 42 1 24 86 64 26 25 5 1 76 19 87 14 94 21 59 24 26 76 90 10 17 49 76 39 27 29 69 6 52 85 95 34 24 50 86 62 3 60 45 44 58 6 89 75 9 48 42 46 9 26 80 16 96 5
 44 79 64 69 60 80 57 4 83 7 74 97 51 40 27 68 68 73 64 92 49 64 56 35 79 11 77 72 82 67 26 22 50 43 79 2 33 72 57 15 47 22 64 30 73 38 10 51 9 18 88 14 7 48 20 7 69 86 70 32 54 55 13 39 29 57 45 49 40 40 14 7 52 18 100 77 18 23 93 80 91 27 24 68 94 62 9 74 43 98 20 66 36 88 62 100 32 98 7 22 44 74 92 27 42 97
 55 38 19 45 57 69 26 47 82 63 22 60 1 36 74 88 25 27 5 15 9 28 61 97 65 47 87 76 51 81 54 1 29 65 4 53 40 51 32 92 39 56 11 10 70 64 82 22 36 74 8 28 59 91 39 78 26 81 59 46 96 10 22 49 92 19 10 3 49 92 74 53 42 21 82 68 58 94 97 49 90 100 83 35 34 98 23 75 41 38 38 20 33 89 83 69 28 19 93 60 71 50 67 3 59 92
 76 37 61 94 48 46 3 19 82 17 73 7 86 57 2 56 19 25 28 49 48 17 10 86 3 62 74 71 86 6 89 48 55 4 21 17 31 52 98 17 13 29 47 38 33 47 58 11 81 73 8 38 84 71 29 5 93 21 92 99 32 83 92 91 16 82 38 98 6 55 29 12 94 10 63 26 72 16 88 23 32 32 19 43 48 40 91 1 69 16 73 62 3 78 35 65 89 6 79 43 7 50 17 65 53 63
 45 69 13 7 35 78 77 44 51 1 73 6 25 36 42 33 100 89 1 34 10 12 52 48 76 61 79 48 58 47 65 21 26 62 97 25 97 91 10 21 13 21 96 52 8 6 10 48 93 9 77 29 57 63 89 42 53 14 61 37 72 94 14 70 90 41 42 22 43 24 91 74 41 39 24 50 40 5 75 49 9 27 8 20 30 36 85 84 22 69 17 70 93 10 63 73 21 73 10 14 84 98 11 48 1 90
 89 12 62 66 43 59 22 37 39 94 5 46 79 27 74 64 42 62 32 19 14 8 96 46 73 52 92 18 9 53 10 95 29 14 8 34 98 53 12 48 97 8 67 74 29 45 20 26 18 96 50 1 8 80 82 77 62 49 60 70 51 14 83 81 96 83 49 65 6 46 85 26 30 51 4 3 68 81 87 1 26 88 66 89 4 46 61 37 55 18 13 60 99 90 56 11 32 77 49 84 29 77 92 61 37 20
 18 78 24 62 85 78 11 51 20 50 19 24 29 96 68 32 33 48 8 54 95 34 69 20 62 2 40 49 39 14 28 59 28 94 59 63 71 41 42 46 96 63 91 70 83 96 90 20 85 16 23 5 57 10 59 44 35 31 31 20 66 28 80 74 94 72 8 99 54 21 71 55 33 35 45 56 77 58 14 19 70 29 28 80 19 21 57 88 72 14 39 40 88 60 64 87 92 17 73 32 25 11 6 83 87 17
 95 82 18 69 99 45 82 45 85 59 80 66 68 56 28 3 3 55 96 88 48 1 13 17 85 66 47 39 36 96 11 20 44 88 41 27 1 2 91 38 35 63 92 10 46 96 71 2 35 31 4 38 56 78 81 88 36 74 31 86 73 18 32 65 45 80 88 62 60 14 23 41 97 54 82 16 28 70 24 29 48 53 89 24 82 85 47 79 78 52 23 98 62 62 79 12 89 9 17 3 59 36 41 20 48 58
 18 3 94 54 99 12 40 89 40 60 43 20 18 78 65 28 78 82 42 53 88 49 2 24 69 58 63 96 47 85 54 87 82 86 45 26 80 24 88 21 6 46 59 33 68 62 38 69 56 70 50 39 93 22 71 3 4 27 13 96 40 40 38 81 92 29 28 69 98 54 93 55 31 93 63 95 15 57 39 4 75 74 35 9 2 51 10 1 93 20 4 73 58 89 7 26 14 40 56 98 65 90 86 23 100 16
 83 25 13 7 95 97 46 12 13 87 80 74 28 97 6 100 35 1 39 53 59 98 99 11 74 91 27 79 77 35 29 29 11 78 19 21 71 9 82 34 37 35 1 29 66 43 55 30 61 69 64 22 50 13 6 45 80 69 78 82 14 92 70 32 33 71 4 43 8 37 58 82 5 24 6 83 33 45 30 33 60 73 39 5 89 40 62 44 49 28 20 53 8 98 37 18 57 13 94 92 8 24 3 71 72 1
 41 50 48 5 82 93 27 66 68 80 54 32 77 28 1 12 12 21 16 76 81 9 15 59 39 73 43 74 41 4 92 86 80 56 56 97 75 60 89 57 82 23 45 96 41 97 79 85 63 12 41 3 86 25 99 95 51 18 61 27 57 77 50 11 94 6 36 86 97 79 42 23 26 74 81 4 36 39 2 1 11 10 71 79 81 80 3 34 27 56 47 69 33 24 83 89 91 14 68 33 18 49 38 56 9 84
 9 12 54 71 78 63 24 56 85 61 37 15 28 6 8 94 47 58 43 7 68 52 36 70 3 25 22 100 94 25 33 14 27 88 14 57 35 49 96 38 48 89 19 71 47 67 78 40 18 43 97 79 49 88 4 64 74 53 77 26 76 30 14 73 86 88 23 11 41 31 50 98 13 10 27 59 90 75 33 44 52 6 26 52 55 62 62 82 29 50 68 81 13 63 89 1 6 35 95 93 57 38 90 69 84 38
 64 97 19 70 93 29 99 28 99 66 21 33 39 1 51 72 46 70 73 44 58 73 16 21 44 3 41 65 55 11 23 46 39 18 53 77 100 62 36 96 26 71 34 72 17 68 96 59 57 92 70 78 21 67 72 63 15 80 100 26 89 42 56 20 73 9 7 9 6 62 53 32 71 69 93 62 82 65 76 98 31 54 42 94 42 42 20 76 15 33 2 45 51 19 23 7 24 28 51 31 54 82 67 63 59 59
 47 47 20 89 16 10 40 75 84 49 45 75 93 34 55 37 71 35 91 70 87 80 61 19 27 77 23 21 77 12 19 69 55 43 71 63 65 30 79 14 73 81 10 40 80 61 18 87 46 86 93 22 48 63 26 29 71 32 37 23 60 16 32 23 2 88 31 9 16 59 93 30 90 50 51 83 36 69 36 50 64 84 74 6 78 96 40 56 4 59 90 65 11 95 5 42 89 34 89 24 39 31 91 80 20 58
 7 11 65 54 86 43 65 9 16 36 28 57 87 86 67 42 86 15 69 8 61 2 33 39 22 11 11 91 85 14 48 96 95 10 91 19 19 74 42 47 100 22 54 67 10 72 67 72 50 65 74 18 74 83 80 35 63 52 4 48 26 43 88 3 3 58 84 50 84 68 62 6 89 8 54 88 74 95 83 14 3 10 43 79 77 16 15 26 77 88 23 31 98 97 87 20 38 16 77 71 54 96 26 8 78 12
 50 26 31 63 2 13 25 39 23 80 68 43 83 7 36 35 81 13 53 27 70 2 61 45 91 75 3 37 26 35 24 42 2 35 9 14 70 67 1 48 40 39 3 57 64 5 50 53 80 39 68 56 38 30 25 33 70 22 17 47 3 51 84 58 12 94 3 77 14 92 76 14 79 28 30 68 91 63 25 20 66 29 55 76 53 89 61 30 56 35 17 92 50 8 93 83 72 84 2 45 52 27 55 14 74 93
 34 40 6 62 99 98 77 11 25 35 36 76 18 24 98 87 49 91 60 14 2 66 88 32 30 2 28 14 89 64 85 20 84 46 35 23 36 27 43 26 86 73 43 63 12 13 48 10 70 22 19 63 65 48 85 35 30 1 72 75 78 5 62 59 55 77 71 52 46 27 93 23 26 21 31 46 87 86 76 76 90 50 63 26 19 32 11 16 60 45 8 72 63 65 97 46 63 42 93 28 77 68 19 59 86 55
 32 91 18 55 5 64 62 71 5 83 95 73 79 19 31 100 3 72 26 37 34 74 53 48 65 94 30 40 52 45 8 64 48 16 38 62 53 7 38 2 35 68 1 22 6 95 82 44 32 95 78 42 23 11 97 12 19 15 15 98 8 30 62 58 87 69 68 86 99 88 3 21 40 35 68 33 52 97 39 74 34 83 62 92 70 81 70 31 97 7 83 9 61 21 97 81 29 6 81 22 41 35 85 5 66 34
 8 23 67 56 30 44 6 36 86 10 4 36 78 68 75 3 100 1 58 77 3 55 68 44 73 64 7 56 74 60 69 28 30 1 95 25 89 20 15 4 37 22 10 57 3 28 9 30 48 84 67 56 9 59 37 17 16 81 94 72 51 18 13 34 9 70 25 60 15 99 80 66 50 88 34 94 22 73 80 9 8 8 65 66 31 95 92 86 40 5 69 16 73 83 7 27 25 45 66 28 99 82 45 39 100 83
 40 56 93 82 2 4 26 27 22 13 72 63 1 47 71 15 95 2 3 5 59 18 45 15 5 75 55 74 20 14 33 24 62 89 30 80 72 60 82 26 47 98 83 2 81 62 48 65 81 45 26 88 91 2 16 13 11 24 74 21 64 88 6 50 9 26 74 19 66 46 46 25 90 76 48 27 51 40 37 79 13 26 36 34 80 48 28 57 53 43 8 68 17 81 37 1 43 42 2 82 23 66 31 53 61 9
 1 60 95 90 3 65 98 65 96 50 8 18 26 12 77 29 94 68 85 95 30 58 4 30 48 75 86 59 41 99 20 49 36 33 49 42 59 11 58 42 5 37 55 100 14 7 74 88 34 76 2 14 41 39 34 35 63 15 58 59 41 50 49 18 30 24 61 63 16 58 92 47 13 39 50 17 41 92 2 65 86 67 82 64 34 46 23 18 77 42 1 11 42 42 10 48 97 53 70 80 99 40 88 67 55 70
 67 58 55 30 54 50 60 5 73 1 89 76 60 67 8 83 29 77 61 25 40 90 70 24 27 60 11 80 69 35 23 1 42 81 99 96 49 49 73 8 51 80 91 35 37 9 45 73 64 96 15 18 31 67 74 74 97 74 40 38 21 53 89 4 19 29 85 82 25 60 77 12 31 36 3 50 31 62 28 87 46 48 82 6 51 74 28 40 59 32 12 87 70 25 79 89 81 84 100 3 38 35 2 2 16 92
 40 39 42 35 45 93 81 20 66 98 96 58 68 46 8 72 80 4 51 70 26 26 59 90 77 80 18 14 10 15 72 91 22 60 89 44 87 54 63 14 58 17 11 49 39 25 24 92 18 94 28 12 52 47 59 36 56 37 72 34 43 6 49 61 46 100 48 41 9 79 3 53 12 48 44 80 72 56 72 95 100 34 61 46 3 27 88 56 18 75 90 43 62 97 26 10 39 90 44 94 3 62 57 78 66 53
 35 50 48 67 3 30 52 88 54 40 10 10 54 79 57 47 84 23 9 49 10 71 4 82 87 39 4 92 10 80 11 52 25 100 96 84 57 28 32 1 63 85 95 60 71 78 41 62 39 92 70 54 29 77 26 61 58 28 82 30 59 36 82 24 4 78 42 37 52 93 29 90 60 73 5 30 1 11 98 99 88 75 84 35 39 48 5 43 39 53 17 53 47 96 60 25 2 74 56 88 36 71 7 84 98 7
 99 34 96 54 70 13 27 41 50 51 14 75 96 46 97 66 27 58 97 63 25 42 65 7 8 100 50 60 62 74 71 54 42 59 67 28 96 33 23 3 79 69 88 5 66 49 60 23 19 69 85 7 56 28 47 42 50 75 50 34 30 43 54 27 78 3 97 53 75 32 90 98 39 31 32 52 56 76 18 2 37 80 13 39 89 31 32 100 58 53 1 56 87 4 27 4 69 97 93 82 76 75 32 47 6 68
 72 61 6 95 4 2 59 37 52 19 62 95 3 13 70 23 22 18 34 15 27 46 65 84 35 2 5 63 54 59 55 68 85 46 55 39 100 61 61 85 22 12 38 73 53 42 99 55 61 63 13 75 91 34 88 60 6 57 52 98 78 93 57 40 7 13 7 39 90 85 61 72 67 93 21 37 76 24 83 92 37 57 30 26 59 66 54 64 88 29 56 28 33 70 83 23 50 60 89 72 2 94 72 28 85 57
 84 33 63 10 44 74 27 47 13 49 67 15 3 6 99 66 11 3 86 7 100 82 21 87 28 2 6 85 27 63 88 60 80 18 97 36 80 76 78 79 4 82 50 35 14 15 32 78 22 37 27 54 14 38 57 40 57 55 70 96 54 63 44 51 44 83 29 23 66 17 34 61 12 95 61 94 21 1 57 65 71 91 64 93 26 90 76 11 27 57 37 1 67 63 36 61 60 51 18 65 22 22 94 15 80 44
 68 85 28 88 45 27 98 41 78 63 40 92 57 33 20 1 45 90 34 71 36 2 21 10 66 61 49 41 78 79 37 98 100 98 37 94 4 28 57 75 65 1 24 55 13 60 31 56 84 37 96 83 92 7 98 86 13 61 90 69 21 49 73 89 83 92 6 6 54 98 95 91 58 75 43 51 50 32 78 19 68 46 43 22 53 13 50 91 67 14 63 48 54 32 63 73 9 5 63 69 75 10 49 18 13 88
 53 46 19 39 55 1 60 99 59 28 58 66 69 93 91 92 9 65 70 71 83 8 67 28 91 25 88 2 46 90 46 23 29 51 4 31 54 15 50 80 60 100 46 78 77 60 21 6 6 53 9 67 26 60 67 34 3 38 16 98 35 4 11 12 4 54 89 50 61 46 47 92 32 52 67 67 32 93 58 45 91 29 72 21 55 2 2 22 6 13 2 8 13 96 81 9 54 89 52 41 9 19 9 19 61 3
 26 19 4 4 6 15 12 65 100 47 45 45 30 56 46 20 24 20 53 16 67 30 29 8 35 28 16 79 88 1 41 96 3 51 79 34 49 64 6 53 92 92 18 74 12 21 12 51 41 36 87 71 17 80 71 88 15 71 70 58 21 5 92 37 9 4 25 72 91 74 67 91 41 55 23 61 66 52 1 42 28 73 78 10 24 23 32 28 17 77 85 80 72 31 63 82 44 46 98 5 10 78 12 83 61 16
 10 80 81 79 38 38 45 89 77 57 8 24 12 100 95 49 54 51 89 32 15 19 73 7 17 83 89 35 74 28 11 40 95 95 25 89 56 25 52 39 75 64 66 53 98 44 50 62 87 11 18 70 10 37 39 14 1 76 42 72 46 33 51 52 66 49 5 88 41 32 40 46 49 72 17 22 53 1 95 76 63 50 64 43 57 64 40 5 66 71 82 66 91 7 95 18 85 59 9 8 79 12 56 35 4 45
 73 22 32 45 83 24 55 88 95 5 50 47 53 20 55 99 60 17 32 77 29 94 36 100 44 80 18 98 82 9 29 1 13 83 6 80 91 37 43 99 45 5 36 87 3 24 36 91 70 97 33 35 98 14 58 53 48 30 33 74 24 4 89 61 56 44 45 72 50 95 93 43 41 56 5 5 86 61 98 100 19 44 30 9 15 3 35 97 41 67 75 3 25 65 20 76 78 94 46 49 98 37 39 38 44 59
 5 15 91 17 59 47 7 68 55 53 38 19 75 12 62 55 26 68 42 53 44 98 59 78 10 69 63 71 19 50 23 39 77 37 95 41 21 50 79 7 66 29 62 93 86 68 53 65 20 95 12 90 62 61 43 38 6 98 76 95 39 69 28 12 1 41 8 36 64 14 72 76 70 96 82 70 79 90 47 97 85 76 29 70 63 98 33 4 32 5 69 62 35 86 26 55 46 50 71 96 53 2 31 66 89 64
 18 29 56 76 86 37 28 34 44 57 54 6 73 90 89 13 86 88 66 33 81 80 74 54 92 40 26 26 36 17 44 38 15 1 14 92 70 11 70 25 42 28 50 99 94 58 11 25 66 96 14 83 47 90 34 17 59 62 9 80 99 64 52 38 46 63 73 97 41 69 76 6 42 32 10 27 60 86 53 29 91 9 100 24 55 72 81 90 64 88 54 97 73 23 66 63 94 41 78 11 69 34 13 37 65 92
 7578 9339 8779 5285 588 5379 7705 9849 1652 10354 7307 783 9323 7684 2254 4142 10286 9856 7603 5538 6770 2121 2532 468 138 4681 6882 5875 3364 6205 1714 2865 4588 2379 9387 4147 7304 4893 8737 2341 7141 4527 7014 9535 5967 7122 363 3584 9708 67 3501 5752 4799 1435 7918 9071 2273 4464 5928 1618 5512 7663 8149 4360 3887 10571 7110 8716 6542 1076 3119 1070 3576 10594 8907 1015 3728 9469 4056 10244 7000 8369 630 7133 1427 390 2649 7135 5406 2554 8894 3164 7267 2116 8546 3568 6822 7729 2077 8321 8644 3111 1305 10113 274 9541 4265 4885 1949 6840 876