109 76
 100 47 4 61 78 25 30 41 7 73 47 23 62 23 52 78 48 79 66 56 34 46 63 2 65 78 76 52 67 19 79 73 12 76 21 14 49 26 1 34 12 67 46 80 17 50 68 21 67 22 30 7 52 10 76 79 59 89 51 23 13 47 81 46 64 77 56 20 1 71 82 75 100 28 35 18 82 14 70 25 60 2 80 41 48 99 89 87 32 82 42 21 20 75 5 96 14 14 16 64 56 5 32 88 84 33 92 67 16
 53 50 80 63 54 11 48 3 77 49 37 56 98 20 35 4 74 11 8 38 59 81 26 16 27 41 84 53 60 40 31 71 67 93 52 12 54 42 60 27 35 37 40 10 50 4 91 34 64 94 37 94 23 39 71 27 65 80 86 6 4 21 31 45 15 81 19 24 73 77 66 27 100 66 87 4 78 57 67 42 96 21 41 71 88 9 11 19 1 27 80 62 68 70 62 67 27 37 76 35 13 97 83 87 70 84 57 49 33
 45 24 36 58 32 82 34 99 4 2 95 80 38 97 77 85 38 28 3 38 13 19 75 65 4 3 42 75 11 81 38 79 22 68 51 16 87 29 21 61 68 15 30 84 98 93 81 78 75 34 69 56 67 80 78 15 4 79 65 15 18 59 72 57 25 72 25 95 83 27 85 7 88 69 51 7 52 79 16 21 77 45 20 51 86 69 51 80 100 64 6 94 64 45 45 59 41 78 56 13 16 30 14 97 35 75 10 8 58
 79 9 92 63 9 57 63 94 20 31 65 65 9 69 48 23 64 80 82 40 72 88 71 48 9 38 94 81 85 56 20 88 14 91 69 95 1 74 54 29 75 33 27 81 66 1 66 18 52 28 33 22 39 74 84 61 88 48 58 88 44 75 35 75 94 52 23 90 56 80 91 49 32 68 25 88 26 7 47 22 61 51 94 69 47 71 68 66 51 40 24 60 67 11 23 59 93 54 56 66 76 63 58 68 77 19 34 5 50
 10 2 81 87 65 73 36 80 1 78 38 28 19 82 68 75 90 52 48 31 77 38 84 78 54 49 96 15 24 91 63 97 85 6 45 86 38 89 83 93 19 86 5 52 43 59 97 67 32 93 70 26 65 4 38 86 50 41 60 100 2 80 68 65 72 56 26 38 10 58 40 17 6 68 43 93 61 68 82 32 27 73 44 41 26 60 60 15 44 91 96 28 2 45 83 99 22 72 57 12 5 30 60 19 62 91 53 34 1
 29 10 82 33 62 45 89 7 17 75 97 33 91 99 35 40 30 58 53 61 13 91 60 72 77 76 37 72 41 95 61 91 61 14 13 48 21 30 100 60 75 85 51 92 11 19 60 20 55 18 44 4 32 55 91 36 97 59 68 75 80 21 19 17 58 30 11 57 68 4 68 22 99 67 39 89 37 58 83 16 2 99 64 34 85 84 33 7 87 100 68 30 18 11 33 13 25 55 45 69 23 15 99 62 30 99 49 36 98
 27 22 89 93 68 41 42 37 2 80 28 52 77 64 43 65 88 62 100 21 51 96 62 70 79 63 6 69 68 53 98 67 39 56 70 99 79 87 89 94 89 54 42 3 19 99 38 37 49 49 52 20 45 84 41 88 51 59 31 85 91 2 86 73 82 43 76 13 64 75 41 42 65 6 89 25 19 72 29 80 67 44 9 59 89 100 67 56 28 11 95 78 98 53 83 34 8 48 14 4 37 83 100 4 56 39 95 19 71
 65 6 39 5 69 26 99 42 50 2 19 86 84 46 56 13 69 60 97 66 68 37 35 84 25 76 36 50 46 63 10 26 85 94 63 83 28 5 73 66 63 79 51 35 41 38 36 81 56 14 31 91 97 28 10 69 20 92 77 79 44 58 4 45 19 30 21 77 64 49 22 36 90 78 17 35 39 53 30 28 20 28 93 74 99 89 29 2 77 91 40 8 18 7 5 84 91 58 95 63 11 88 49 14 40 60 75 45 42
 39 54 75 4 28 78 20 64 74 72 69 55 30 86 39 9 39 59 84 34 58 29 47 86 41 94 7 92 94 53 15 95 85 34 6 12 55 42 83 86 66 42 31 90 28 65 51 34 78 18 41 47 20 36 94 98 23 89 48 22 99 21 50 49 62 77 66 83 50 53 87 66 80 57 53 3 29 47 12 84 48 17 85 42 8 40 51 50 14 67 12 42 66 33 64 25 3 8 13 47 34 86 15 94 82 47 81 71 71
 74 64 19 87 57 1 84 38 15 22 8 85 93 50 32 97 25 2 68 57 99 79 41 17 53 88 35 5 14 61 43 64 36 29 2 31 50 75 92 69 31 49 17 44 19 62 59 3 49 39 4 70 38 1 62 12 38 71 86 29 95 19 85 55 69 44 82 40 66 35 23 45 25 55 29 22 3 21 11 53 45 14 15 63 9 37 33 58 95 6 42 90 50 89 46 100 3 58 14 57 67 10 78 96 52 99 46 41 66
 24 31 36 73 94 29 76 30 80 2 43 94 48 51 79 37 92 88 49 88 96 90 13 61 33 2 88 99 44 94 68 30 32 81 17 16 67 42 5 78 3 61 22 88 95 75 93 86 87 78 11 31 80 32 47 23 90 95 11 26 60 42 95 54 24 15 90 90 44 62 47 92 34 79 80 78 69 65 93 77 73 81 24 67 91 62 96 60 73 85 71 69 86 12 32 96 55 20 65 79 89 22 45 53 51 39 36 27 74
 14 42 73 6 69 41 67 77 77 81 5 69 69 49 9 66 75 39 91 87 45 85 13 58 4 86 38 72 15 29 65 10 85 19 32 61 4 98 27 17 6 3 5 10 60 8 83 23 41 52 38 49 86 6 69 29 44 26 68 38 53 63 66 67 77 20 84 53 48 87 81 14 66 76 65 17 3 64 84 71 70 37 14 13 37 23 35 52 68 2 60 66 60 48 9 50 84 61 95 61 57 31 38 69 23 58 81 99 30
 61 79 31 27 19 93 25 6 38 94 72 81 55 9 61 91 38 67 82 86 44 27 75 60 35 39 44 55 85 6 39 30 39 13 81 27 100 76 73 35 24 39 90 65 6 75 33 67 49 86 60 10 33 44 7 72 41 46 95 97 37 8 12 42 76 11 99 83 88 80 60 11 18 47 51 8 11 14 51 78 68 12 74 90 10 92 74 54 36 10 37 70 43 9 93 61 65 9 28 9 39 65 37 26 70 76 23 88 51
 50 2 18 44 49 67 47 96 65 85 79 74 76 27 7 45 27 97 30 59 49 52 80 30 99 45 52 84 43 53 69 95 89 13 52 35 27 7 30 48 72 88 54 65 7 61 14 41 39 75 70 12 91 54 44 22 54 92 36 43 99 38 5 26 72 52 49 96 21 31 32 85 32 91 37 39 86 33 22 78 76 54 79 94 75 63 94 45 11 3 21 100 9 52 93 43 18 35 42 31 64 18 18 84 41 2 20 8 75
 88 46 96 51 95 24 23 83 49 96 78 91 91 50 10 45 85 62 16 68 82 15 35 36 48 17 40 11 96 39 41 78 34 8 9 73 57 17 88 82 97 78 71 5 72 98 43 88 35 46 96 11 69 69 72 50 19 87 23 88 77 85 2 32 28 37 90 4 26 89 76 79 27 16 39 31 43 16 70 44 63 20 96 89 56 83 50 1 89 49 42 79 8 12 33 83 76 95 10 86 65 14 35 88 30 22 36 89 94
 51 92 98 39 23 74 32 10 1 88 86 52 76 60 68 69 48 30 98 28 11 55 83 45 46 56 50 80 8 14 5 17 96 56 69 52 61 10 18 46 54 20 21 63 67 73 8 23 83 30 21 66 50 72 11 38 4 26 84 42 27 52 19 35 81 28 74 74 79 51 12 40 39 17 38 57 9 6 43 8 90 49 69 100 24 80 34 4 67 98 9 87 68 26 17 86 49 61 49 91 61 30 100 5 49 77 12 39 52
 58 77 60 47 33 93 76 29 70 62 65 32 25 64 6 33 10 27 90 63 24 3 94 30 26 39 84 84 26 99 67 77 38 88 73 79 36 50 40 16 50 62 19 55 70 95 34 61 93 56 38 67 13 65 80 97 25 96 33 34 79 20 25 90 100 15 13 33 13 37 23 77 36 34 89 17 52 24 70 99 75 54 36 32 15 92 3 57 60 10 65 37 89 57 19 98 13 100 39 29 5 98 4 35 44 51 28 20 56
 19 18 20 27 87 40 89 62 95 13 72 29 76 58 20 69 35 18 91 33 59 83 58 62 40 6 58 12 1 55 41 86 92 34 79 42 43 94 14 75 88 50 68 77 97 44 9 24 68 9 71 92 64 87 27 28 83 64 58 85 33 68 36 55 86 63 17 30 82 83 48 24 60 81 10 8 74 22 57 36 45 30 43 35 10 73 75 12 98 13 37 17 92 63 74 7 40 44 47 33 58 74 51 2 84 92 76 80 26
 66 59 42 54 30 1 17 30 25 21 72 88 68 18 51 51 61 48 67 42 42 25 29 24 51 41 86 4 15 5 19 68 25 38 32 63 2 38 74 14 12 8 17 55 82 18 68 100 58 21 96 88 95 59 11 76 34 58 69 99 48 57 27 74 44 46 96 66 23 59 32 22 71 31 88 82 72 10 3 85 16 77 64 8 35 23 35 42 67 58 25 61 50 98 28 43 9 85 76 71 23 70 54 83 98 10 13 4 12
 4 85 12 49 31 48 20 50 60 11 18 4 36 83 60 53 87 46 65 18 97 20 59 100 1 11 34 57 33 11 31 81 89 4 23 29 33 23 86 19 99 9 82 45 100 78 73 25 65 90 27 11 62 37 83 52 24 92 86 89 96 36 53 98 6 77 20 55 23 97 83 48 99 14 27 14 2 39 27 96 97 86 31 51 100 4 39 59 93 29 59 47 99 89 50 85 10 53 39 18 62 79 23 84 12 8 29 83 62
 6 60 82 64 66 94 10 81 56 2 15 33 69 85 89 68 42 34 3 19 71 51 89 28 6 67 12 94 56 36 65 98 46 24 70 78 35 19 60 82 77 9 18 6 54 51 68 33 11 3 23 95 8 7 95 30 74 85 100 91 94 57 81 43 7 32 34 68 71 61 62 43 80 6 30 71 28 40 30 15 40 64 7 73 45 45 69 37 51 57 52 18 82 73 67 92 89 78 46 18 63 77 62 59 36 27 85 81 39
 44 47 69 75 52 68 73 36 90 63 23 88 85 31 26 7 95 1 60 8 99 35 42 37 35 56 93 59 80 74 76 92 40 35 59 98 42 59 47 6 7 20 6 2 48 35 68 43 92 12 15 72 52 19 66 22 7 90 98 79 18 17 41 46 28 11 82 52 29 66 77 6 35 80 30 79 55 55 49 59 70 2 93 45 61 45 38 64 5 35 28 69 49 52 86 21 57 60 3 26 91 32 9 17 75 49 99 70 24
 99 37 14 95 48 2 68 39 11 40 34 93 7 97 61 32 12 42 91 28 100 62 70 63 82 80 22 25 79 91 4 19 40 51 86 62 61 77 47 10 90 50 41 48 20 52 22 43 1 49 1 70 77 65 69 91 9 87 82 46 5 72 1 52 7 56 70 71 16 82 40 98 26 17 27 1 9 21 25 50 87 92 89 38 26 81 97 87 10 50 92 45 44 66 48 79 45 69 25 63 87 30 43 72 89 47 8 46 65
 64 54 52 39 84 87 3 22 4 81 59 4 98 27 43 21 36 42 59 29 10 77 51 84 84 65 87 19 59 37 59 19 36 82 49 83 70 94 95 95 34 22 5 91 87 48 38 20 17 61 78 8 33 79 17 45 89 15 13 89 94 28 49 18 2 79 3 16 30 40 72 73 38 47 27 81 88 9 85 2 79 83 96 32 67 75 8 62 8 80 36 27 43 80 35 9 58 83 58 23 54 90 99 36 2 100 61 8 31
 49 13 92 100 10 87 43 71 24 14 8 51 96 77 38 59 82 75 29 82 23 70 54 45 78 66 61 42 41 52 85 92 4 53 25 71 95 29 94 1 47 95 73 59 90 2 24 42 9 83 11 44 4 27 74 14 49 92 5 47 34 29 61 85 61 62 13 80 42 71 28 41 23 21 27 97 63 61 77 88 68 18 92 23 79 74 61 75 82 2 3 50 79 51 84 73 93 47 34 56 34 57 21 8 98 77 39 40 97
 25 72 57 4 22 5 29 1 51 4 20 25 94 10 21 11 25 100 7 75 40 10 96 32 51 41 95 5 54 54 59 91 85 10 59 50 67 12 37 2 48 33 26 15 6 25 78 48 45 30 42 57 15 60 84 11 5 23 58 91 83 16 95 98 91 89 29 29 78 91 5 94 71 46 51 62 85 90 35 46 17 86 58 50 1 95 85 91 63 36 2 97 99 58 52 60 3 34 27 27 29 36 45 90 63 26 57 21 25
 20 61 58 25 37 61 90 31 96 40 64 38 8 84 69 91 55 43 61 17 3 36 47 83 26 67 35 32 74 69 68 20 20 58 49 84 54 56 50 16 64 39 16 51 27 71 55 16 34 30 18 49 55 37 86 22 90 80 88 16 14 83 42 19 89 94 8 60 16 44 81 36 15 71 5 24 70 68 25 89 43 73 33 13 46 41 53 67 74 30 53 33 97 52 80 57 63 83 100 28 50 15 73 79 74 50 39 82 35
 57 56 49 55 22 49 98 59 58 6 41 15 72 96 82 17 61 27 58 7 16 85 38 25 90 82 14 54 47 80 12 45 81 63 32 34 83 94 97 29 40 3 77 86 14 92 31 9 42 31 39 5 17 17 91 47 4 6 89 3 78 41 91 58 7 92 57 20 80 2 44 43 56 93 25 62 6 60 85 46 98 56 43 83 21 54 82 13 53 33 32 45 81 12 75 3 56 79 24 7 22 60 71 39 98 78 45 75 75
 36 96 56 55 86 78 61 31 29 9 97 52 71 9 24 51 79 50 19 21 77 100 10 80 15 91 73 59 58 57 43 8 79 3 10 23 1 81 30 72 43 92 73 22 72 61 92 54 83 9 26 30 71 3 80 6 44 89 76 40 58 41 49 11 96 15 63 86 54 51 73 2 34 17 98 79 99 26 15 97 13 96 80 43 60 6 38 95 7 60 44 96 78 69 27 28 96 46 5 78 35 50 25 18 48 48 57 59 20
 56 44 13 27 58 94 58 48 23 64 87 99 10 4 2 20 18 77 81 6 42 77 75 49 86 82 83 90 85 89 65 4 44 55 91 11 15 11 38 86 83 89 33 96 57 72 65 74 18 100 6 51 95 31 31 50 41 12 87 33 34 98 78 71 21 51 23 38 80 20 27 12 24 24 46 2 13 57 88 64 34 20 61 46 28 97 71 61 46 77 97 65 6 45 70 66 17 56 71 28 40 54 67 69 63 13 78 92 98
 31 17 22 79 42 52 75 64 23 20 68 24 97 5 57 95 28 45 96 88 80 17 27 63 62 27 59 36 49 78 20 29 3 99 8 53 1 2 99 2 58 25 2 97 10 55 81 78 96 43 81 88 67 39 34 18 76 12 28 20 93 83 96 41 88 83 85 70 66 63 46 7 74 36 66 33 25 14 27 58 19 25 41 87 58 92 27 56 91 23 77 61 88 62 60 19 82 67 33 34 31 37 97 58 71 81 70 42 27
 33 7 62 40 75 78 5 59 1 3 85 76 83 83 71 14 5 25 91 56 48 1 14 22 84 12 87 17 55 57 89 48 56 91 2 28 93 86 24 71 38 23 24 52 61 32 83 19 83 31 86 72 90 75 76 78 43 47 14 84 18 1 50 75 12 21 70 95 92 60 18 12 37 46 86 96 85 27 42 33 98 44 71 17 19 38 2 33 7 78 89 36 22 94 68 30 39 84 56 46 72 67 63 84 63 90 41 93 68
 60 42 16 18 42 45 74 27 80 81 9 84 6 14 65 21 11 3 99 25 70 45 23 55 91 6 57 88 38 8 63 52 66 74 64 53 6 76 62 72 45 14 49 76 45 52 86 81 11 49 25 99 39 60 88 51 27 53 50 92 13 25 50 45 70 88 54 44 34 96 91 78 7 90 93 44 42 5 60 24 89 52 77 70 72 37 50 20 72 13 37 63 43 29 14 73 2 96 61 62 29 94 23 31 18 78 74 25 69
 68 6 89 23 84 7 60 22 74 48 7 95 43 85 54 72 76 50 70 44 98 33 63 99 96 91 18 76 15 86 95 87 53 81 40 60 73 8 45 92 30 100 2 71 21 6 64 97 93 12 20 24 69 40 12 66 60 42 61 74 45 37 62 51 81 70 67 52 90 71 37 38 34 48 7 78 57 19 23 3 86 57 49 3 99 47 22 10 80 2 95 68 53 45 88 65 51 76 71 34 68 97 45 48 90 63 64 38 21
 24 45 46 77 32 22 65 82 35 83 89 20 75 29 96 37 42 79 93 77 65 16 12 38 13 23 20 47 25 30 14 75 2 30 45 100 45 59 78 17 61 99 56 96 72 15 97 11 86 60 27 52 80 65 91 73 15 1 14 34 6 90 85 8 94 84 37 88 84 55 12 25 18 85 76 78 89 25 77 60 42 13 7 30 36 63 19 3 14 68 67 28 76 54 22 6 36 49 81 7 80 84 46 95 56 88 12 20 38
 46 37 21 50 29 11 12 16 25 47 31 19 91 66 68 14 77 8 64 93 55 27 25 79 90 9 69 94 35 15 35 72 50 86 32 31 63 90 4 95 13 43 53 39 26 25 18 52 94 24 56 40 37 70 64 83 60 99 14 44 4 90 69 75 8 58 96 1 7 93 37 36 63 35 8 47 73 97 20 33 21 48 53 54 83 3 55 33 12 82 79 21 54 97 18 15 99 6 60 43 28 86 42 79 20 59 65 27 52
 92 83 66 21 11 12 28 23 7 10 32 1 9 90 54 100 21 43 31 69 12 56 13 16 8 8 88 99 11 68 27 34 21 44 22 14 58 38 65 7 15 6 49 22 60 84 1 64 46 15 51 41 98 65 49 90 81 90 16 48 32 4 66 95 44 81 32 28 55 36 69 12 8 12 76 75 72 86 33 85 31 80 89 19 1 35 84 92 73 64 50 72 24 35 19 93 76 43 36 84 80 28 74 23 37 74 60 52 48
 1 65 71 42 3 81 77 8 92 16 46 98 35 62 93 1 49 64 100 7 79 89 27 52 1 51 91 71 28 49 76 46 16 6 32 70 14 87 8 44 68 40 59 73 24 54 30 76 91 85 30 91 81 21 76 29 34 42 38 89 13 48 71 93 5 2 11 44 6 28 40 21 62 13 41 55 61 98 58 61 96 28 36 73 47 80 79 13 86 33 36 17 83 4 82 36 63 98 33 13 4 12 66 72 74 27 91 69 44
 52 80 41 71 74 62 8 39 49 95 25 89 83 37 32 100 2 72 17 47 57 73 86 63 34 22 96 57 37 98 99 62 39 69 48 40 60 23 42 19 96 33 17 9 86 67 41 33 25 92 99 91 70 75 40 35 31 75 79 58 34 62 25 81 79 92 20 8 55 20 99 33 52 98 14 20 70 2 61 14 66 4 66 65 61 59 34 1 78 99 25 93 54 80 27 41 4 94 64 58 15 35 98 17 78 66 35 58 100
 42 65 36 87 68 38 46 74 15 76 55 5 7 46 83 84 97 70 99 86 74 5 37 73 63 9 44 22 31 3 80 89 5 79 45 91 90 60 85 84 76 85 55 2 66 77 47 89 48 36 25 8 24 31 16 48 11 51 71 70 96 93 48 52 38 87 52 32 4 58 64 28 90 79 27 27 90 61 43 45 38 79 19 21 92 93 76 22 3 80 15 70 52 12 32 94 95 12 12 86 73 69 77 17 66 23 67 50 82
 20 49 74 87 45 45 85 17 92 23 66 17 82 23 75 63 95 56 6 53 4 22 44 82 41 45 65 66 48 30 2 75 30 79 94 89 12 41 26 91 64 78 70 19 37 36 75 24 89 28 1 68 72 78 30 100 93 16 67 93 29 25 81 26 25 27 81 86 87 61 36 6 64 21 19 78 24 97 36 97 48 3 11 78 89 84 82 71 34 25 85 95 69 81 82 31 58 35 95 83 84 34 3 25 100 96 62 12 24
 49 27 23 6 60 79 14 97 23 23 21 21 84 87 92 96 10 40 8 22 60 58 17 5 84 76 30 24 11 91 73 89 90 93 41 12 18 18 6 25 27 24 23 3 43 14 1 41 36 60 28 5 63 100 78 40 17 36 96 45 61 27 7 59 69 56 45 16 25 42 46 86 52 75 49 54 72 42 36 94 3 12 16 26 84 23 12 21 36 98 29 63 51 13 38 71 20 96 54 91 85 31 9 85 22 47 46 13 16
 4 33 59 100 97 22 61 3 65 5 98 21 3 83 78 8 60 38 66 3 40 23 27 93 24 15 33 62 91 5 97 46 33 71 82 65 79 9 100 13 66 14 69 68 91 48 3 23 74 53 84 37 36 39 16 78 64 44 83 75 70 30 78 6 30 57 56 80 31 98 98 43 53 52 47 70 26 59 65 31 50 87 76 52 34 92 33 21 44 89 80 55 39 81 66 24 90 48 90 28 13 92 36 56 27 11 28 82 40
 59 77 69 50 30 10 50 9 28 52 63 77 69 84 83 14 96 59 54 51 30 82 6 73 51 16 48 84 10 69 97 88 22 95 1 75 99 99 31 58 20 31 84 6 11 29 18 89 92 7 77 89 92 37 54 70 13 95 73 28 75 73 42 65 27 58 97 41 44 99 69 94 56 53 2 98 44 64 38 22 30 94 35 61 88 47 62 67 78 4 87 96 91 73 50 34 64 71 31 35 45 2 40 76 68 16 56 63 44
 71 64 23 65 2 41 68 21 30 88 94 12 49 78 13 21 71 31 35 85 48 4 21 84 67 34 90 33 86 37 97 91 4 7 34 22 58 19 53 7 48 36 54 16 77 40 87 85 27 99 84 73 34 4 25 70 53 81 49 85 91 5 48 15 37 97 79 4 24 89 65 12 74 89 91 21 7 38 20 54 51 4 14 62 19 9 13 40 29 69 66 95 18 9 11 64 64 43 65 18 18 89 54 58 51 55 22 29 16
 84 22 88 16 43 45 100 3 35 13 7 18 34 85 43 85 60 55 74 12 3 59 7 26 41 67 65 59 33 71 77 38 85 7 95 90 37 51 6 99 4 58 86 50 10 94 45 86 71 4 40 39 46 100 28 56 93 79 76 27 52 47 14 10 60 62 68 45 1 82 56 24 68 57 48 18 90 25 14 75 49 21 66 24 95 36 23 67 64 99 24 26 14 58 19 42 54 82 17 98 22 48 13 10 20 56 74 58 7
 7 86 62 3 27 68 39 68 2 59 76 42 53 34 61 6 8 38 97 8 4 96 66 28 5 40 7 88 44 11 31 1 88 92 12 68 14 63 59 16 95 89 68 84 73 33 98 51 45 21 16 49 33 68 18 63 85 73 72 82 1 84 21 45 61 40 22 43 12 65 7 10 11 89 86 67 16 47 100 21 96 62 24 15 5 58 50 57 87 50 30 91 61 99 90 80 11 11 39 44 62 55 90 82 36 54 30 69 92
 20 31 76 36 72 6 16 81 47 37 46 66 11 45 99 64 73 84 88 22 67 52 54 47 49 21 25 36 69 12 52 59 81 42 15 85 10 5 38 1 97 81 34 32 99 26 60 21 80 30 51 73 65 91 88 87 13 48 43 36 66 94 58 94 7 34 80 82 14 52 58 63 78 65 98 21 30 40 81 58 87 45 20 22 80 85 52 26 80 35 34 80 99 42 15 98 18 67 2 46 19 67 72 97 60 88 74 22 80
 27 43 50 53 58 49 86 10 44 75 35 27 30 64 21 49 1 43 68 75 83 58 33 70 32 59 49 64 55 76 27 54 73 33 46 7 36 16 49 49 7 85 58 100 61 50 96 67 77 75 84 99 35 54 61 68 1 75 46 68 40 59 63 88 61 88 34 52 10 81 51 32 45 3 45 64 99 56 13 100 22 15 1 18 85 6 93 80 18 2 41 8 29 15 94 78 69 33 29 28 7 70 37 53 14 88 52 54 29
 18 21 3 95 5 8 11 79 53 71 68 24 47 20 23 68 34 100 65 51 59 77 45 34 80 58 5 98 84 64 16 97 76 59 4 84 60 14 74 78 38 80 69 99 28 87 88 53 73 94 2 69 93 30 58 56 18 94 68 49 74 17 64 36 34 73 94 46 3 99 30 17 84 33 30 97 83 6 53 61 1 30 67 94 94 93 20 81 48 70 17 81 19 37 25 22 63 64 13 25 22 63 23 16 5 16 33 50 52
 58 29 99 63 44 26 24 31 10 72 89 93 24 44 48 11 4 72 20 41 29 95 20 73 59 72 50 38 24 83 51 38 62 46 98 58 53 40 83 5 77 35 48 7 79 26 25 5 20 87 76 72 95 92 23 58 71 8 96 3 58 96 37 7 64 60 96 7 17 56 11 28 66 65 94 5 38 16 83 81 58 78 60 73 98 63 25 47 28 76 61 46 22 42 90 96 35 5 3 69 96 94 61 96 75 98 87 98 58
 61 3 48 23 68 26 49 52 2 69 31 4 27 40 72 51 14 21 4 58 39 98 75 34 69 13 29 48 99 36 48 63 74 91 11 9 59 6 19 58 99 8 30 45 27 1 7 55 21 43 77 99 41 29 30 57 25 64 46 99 89 5 59 18 2 6 94 71 49 64 79 55 40 49 49 33 84 50 81 23 63 53 24 11 44 77 10 82 19 18 30 39 8 42 23 12 39 96 87 89 43 12 40 46 2 11 100 57 89
 6 31 10 48 46 56 20 44 2 26 98 10 28 74 14 63 40 66 79 71 73 12 91 5 97 72 15 54 56 48 18 91 57 36 6 40 80 20 33 10 22 82 96 25 87 76 41 1 36 31 87 2 71 42 74 8 37 21 47 87 13 32 63 55 53 11 45 13 80 12 35 58 66 39 9 68 21 48 99 29 84 8 14 84 40 60 97 2 90 38 37 78 78 67 52 81 40 73 32 33 37 74 69 12 22 63 53 12 100
 34 76 89 83 1 81 92 11 96 70 88 38 81 73 70 94 11 90 38 86 72 72 32 84 23 95 21 100 32 22 34 79 76 94 55 27 12 34 98 18 25 65 11 56 40 84 15 96 53 35 5 4 77 60 21 87 100 30 41 5 84 10 7 32 42 78 65 79 47 31 40 22 68 76 14 53 11 11 42 25 81 76 52 62 44 90 23 32 38 2 25 78 25 22 64 93 59 23 74 85 57 58 71 38 41 98 8 39 66
 25 21 90 91 51 16 19 4 59 44 9 64 96 87 2 8 25 96 29 1 12 30 100 6 83 94 14 88 99 93 92 72 81 54 40 49 63 13 90 6 64 38 56 8 63 39 68 37 57 82 4 87 88 73 60 53 3 82 67 37 67 51 67 60 20 15 18 87 80 76 6 67 50 73 12 34 99 54 82 66 87 57 9 84 40 8 42 21 96 25 33 30 100 62 98 87 50 83 52 81 61 69 2 21 66 52 7 65 34
 8 46 91 93 92 30 85 28 70 61 37 67 95 65 39 96 33 40 77 99 3 71 38 18 74 55 37 89 19 84 28 40 60 5 98 91 22 18 11 21 43 55 43 98 35 2 56 53 42 11 24 44 32 54 95 92 73 66 16 51 93 14 38 5 84 66 33 97 84 13 42 99 32 47 12 67 27 88 17 43 26 86 51 72 36 83 30 39 41 27 20 90 39 86 64 38 69 52 98 51 68 70 82 40 2 80 84 59 21
 74 49 7 3 44 89 43 50 95 18 83 47 75 87 42 32 11 30 73 41 91 4 69 66 33 90 37 81 96 66 84 70 83 90 52 76 58 33 37 9 93 53 34 79 72 31 5 47 68 58 94 2 61 83 59 27 59 90 91 56 17 6 36 72 43 1 66 67 4 74 15 49 77 79 39 77 57 66 27 63 13 16 35 82 21 7 15 89 31 44 53 37 71 9 86 50 74 87 96 67 16 7 24 91 15 12 92 33 39
 14 32 87 51 27 70 55 37 35 82 80 24 70 54 17 89 40 45 97 33 71 79 2 42 38 74 81 74 84 68 27 29 29 66 23 23 32 90 72 51 97 73 44 89 71 70 40 21 67 20 20 77 14 3 46 65 32 55 10 32 82 21 82 84 2 8 34 84 26 67 84 16 87 97 72 7 19 32 49 53 14 12 67 8 72 91 32 2 17 50 71 5 56 15 24 62 54 24 85 34 6 42 71 96 17 9 53 64 48
 8 18 24 65 65 71 10 90 24 71 79 10 6 89 61 75 46 48 72 50 80 33 45 82 21 48 7 42 68 17 87 19 98 24 17 44 18 10 40 50 71 48 39 15 44 96 87 51 33 54 55 2 29 88 89 71 80 78 66 10 7 15 82 22 90 62 65 12 70 85 35 7 97 91 57 97 74 57 36 14 83 83 80 47 89 65 95 27 84 18 60 4 71 11 20 95 13 6 2 6 58 95 52 17 22 42 17 16 76
 71 19 50 66 35 96 36 38 98 26 98 60 65 42 67 46 22 41 47 29 35 24 91 30 80 30 88 60 57 58 80 70 21 18 51 74 9 53 56 89 79 42 23 58 85 27 12 72 71 71 34 58 9 43 14 51 52 67 60 58 64 34 78 40 96 49 6 25 75 27 21 36 52 32 71 60 74 94 33 17 58 12 46 68 8 52 74 56 79 52 5 3 78 45 59 16 21 52 52 94 29 95 32 97 51 7 87 91 21
 4 40 92 23 16 55 16 87 5 71 97 57 71 87 59 45 62 31 29 83 52 50 73 64 37 42 35 3 23 90 41 58 97 5 98 43 17 64 60 57 35 54 97 8 87 12 59 99 32 8 61 45 6 5 49 37 19 31 35 42 97 90 25 42 75 20 26 47 15 10 19 5 50 99 9 21 93 47 78 9 42 81 75 97 59 27 43 56 97 22 2 19 15 82 87 15 65 82 42 86 94 10 47 5 82 14 50 86 74
 49 48 26 8 69 27 41 93 16 26 66 94 45 13 9 54 33 87 2 64 96 87 100 31 43 99 92 85 2 82 79 51 44 61 18 18 20 79 61 4 30 96 18 59 81 51 25 6 20 69 95 66 74 77 84 75 71 100 99 13 15 86 17 28 85 48 65 24 58 11 39 25 35 50 6 65 44 79 74 81 27 65 72 43 57 82 74 90 71 23 81 97 9 79 36 27 69 88 58 56 72 52 73 74 67 36 68 88 8
 27 29 82 30 5 24 82 67 86 37 3 65 29 60 28 72 69 20 26 23 20 47 75 79 34 87 8 40 19 8 70 96 42 99 63 85 17 87 70 93 85 16 89 94 40 97 55 47 6 67 52 35 97 15 63 98 90 23 50 47 87 78 16 2 7 87 96 67 25 98 22 69 47 46 32 58 95 34 11 98 22 98 89 52 94 95 88 85 41 64 90 81 51 45 25 89 47 12 50 55 53 9 65 53 93 77 96 99 25
 87 44 21 52 32 93 54 95 82 34 52 69 57 34 2 82 9 50 60 12 71 92 78 15 84 73 4 51 78 89 43 65 54 29 58 93 79 34 90 80 74 42 68 91 99 85 63 85 42 60 35 65 60 41 30 43 46 8 67 85 3 34 94 70 10 5 49 100 91 97 81 31 61 15 91 45 58 34 19 72 69 18 14 15 86 15 50 61 50 100 5 81 83 8 50 47 22 64 3 60 31 9 24 35 22 18 69 28 17
 49 2 76 32 41 33 58 1 49 62 4 72 99 45 4 36 25 12 4 70 43 28 8 61 19 38 68 44 14 59 75 73 77 38 52 92 27 68 15 55 53 56 54 48 84 45 91 37 51 20 100 63 88 67 51 15 53 10 74 96 13 61 19 27 10 68 39 7 8 88 24 28 10 90 87 82 19 13 51 74 63 3 57 100 98 87 87 26 18 72 54 83 82 31 72 52 92 34 80 34 75 30 89 46 14 40 21 56 99
 23 88 31 56 1 48 71 14 36 96 11 37 90 15 53 63 8 90 30 51 3 48 32 7 42 49 52 15 76 49 50 63 7 80 8 17 68 20 73 81 87 40 85 50 54 44 57 5 93 8 52 78 28 21 43 80 56 12 20 44 42 24 12 71 33 78 34 74 35 87 27 24 82 29 24 15 35 7 93 24 32 2 55 25 75 79 49 2 4 79 15 43 80 62 73 26 71 21 39 68 17 27 73 44 80 63 8 74 21
 18 77 1 54 24 62 98 61 62 31 43 52 27 6 89 29 43 22 67 71 51 45 84 93 45 46 30 49 65 27 10 20 54 49 30 40 86 71 33 7 74 90 68 65 67 94 54 5 18 26 49 64 80 22 100 99 31 67 79 7 72 81 76 59 15 60 29 58 18 44 87 42 27 10 68 10 17 79 65 84 48 60 10 77 25 43 65 91 95 65 75 15 7 52 77 98 88 14 81 70 27 38 57 6 2 34 100 83 27
 19 17 10 78 79 8 75 50 10 88 4 7 10 78 24 60 63 27 46 24 20 92 22 17 90 2 39 93 77 19 69 73 86 62 43 26 59 64 87 20 70 34 68 86 3 16 90 48 70 31 92 85 34 58 94 8 7 40 7 32 73 1 47 61 41 82 90 68 34 55 72 72 83 13 71 29 68 14 59 81 31 45 11 46 38 77 19 74 90 97 83 10 72 42 35 66 7 76 16 55 40 47 37 81 18 70 2 6 4
 2 16 41 16 21 21 93 47 50 83 10 69 5 74 41 43 46 8 17 96 30 25 12 8 65 3 24 10 49 7 93 43 54 22 17 35 99 36 12 23 34 49 19 42 34 88 71 45 49 76 15 36 61 84 78 31 89 52 74 45 98 18 22 88 95 86 44 22 23 46 92 59 70 42 34 92 22 95 90 57 10 82 2 15 14 82 29 28 11 85 11 5 94 45 61 19 28 63 16 91 28 13 80 59 52 27 16 53 58
 96 57 37 13 16 87 90 83 38 1 62 49 39 74 66 82 100 100 63 13 17 32 26 85 90 74 57 63 36 31 7 81 20 71 23 23 55 5 68 74 57 91 14 38 71 84 51 2 46 75 61 42 12 60 55 62 64 34 77 76 15 24 10 53 42 15 25 91 99 99 48 70 66 75 92 64 95 97 51 91 50 70 27 70 24 15 69 92 80 10 74 47 68 9 13 60 46 98 88 26 92 6 12 9 87 87 20 51 43
 50 19 35 34 65 86 38 79 61 3 24 40 55 34 41 42 22 52 23 23 49 31 7 76 9 27 89 100 23 9 81 33 42 39 84 97 75 6 28 63 33 64 68 33 52 91 6 81 53 4 1 27 11 2 100 76 26 11 97 6 31 13 46 25 90 18 6 34 80 4 51 98 2 99 86 84 22 42 80 28 40 45 70 66 36 33 8 56 80 39 53 27 100 23 83 85 14 58 88 40 75 64 32 93 15 90 79 12 31
 25 31 13 86 94 24 26 64 88 35 98 70 95 48 3 43 57 78 27 98 48 29 96 38 4 41 89 53 18 78 21 30 33 15 39 70 4 26 7 16 92 70 95 57 74 90 36 90 25 89 9 75 86 97 7 12 40 52 58 98 69 64 78 7 94 28 92 53 85 31 55 48 44 78 78 82 60 92 6 80 30 88 83 7 89 97 7 5 16 45 42 57 3 16 43 92 46 97 9 26 85 69 34 41 91 13 15 42 23
 69 64 39 13 70 95 53 20 17 93 22 40 12 14 90 71 62 57 68 8 27 60 77 62 84 15 61 64 98 46 12 61 48 39 72 59 42 84 13 14 8 28 50 16 7 97 31 30 79 80 88 32 60 80 55 35 43 12 58 95 12 84 6 67 46 64 48 89 27 51 78 70 65 22 45 12 61 10 98 25 11 21 14 31 46 19 90 65 31 79 51 76 6 31 9 98 76 97 89 82 67 35 47 14 82 28 80 87 60
 40 63 73 59 89 72 63 83 23 22 24 51 49 93 23 37 89 9 88 3 11 53 3 87 46 89 96 83 18 76 3 10 52 15 94 70 47 18 8 57 72 34 97 15 91 97 95 83 43 70 97 74 32 19 36 16 73 93 27 33 88 36 5 39 94 43 49 91 85 2 89 25 29 30 65 1 65 25 54 41 38 9 47 54 5 63 75 58 78 100 22 37 36 95 74 85 12 82 46 90 55 13 24 68 79 93 57 27 37
 92 23 14 64 30 13 16 39 97 89 78 49 71 79 1 99 88 52 37 88 14 33 47 40 22 54 63 92 98 45 65 72 79 13 38 60 19 59 98 57 91 63 22 7 38 28 30 73 8 34 30 80 92 21 2 41 59 54 64 70 23 81 89 70 84 21 93 83 40 82 66 84 11 98 64 21 72 71 8 95 90 46 97 68 10 22 31 52 27 50 76 61 61 39 73 56 62 18 49 79 69 53 31 41 15 5 61 43 31
 94 98 3 86 72 72 89 53 74 5 53 73 66 47 27 68 48 59 27 10 88 44 60 14 87 73 20 79 34 74 56 97 30 41 26 11 99 6 82 80 15 88 37 30 73 64 82 28 64 19 12 22 22 73 77 77 26 34 93 46 41 47 26 28 92 25 88 8 92 36 40 45 49 66 27 36 39 93 82 77 99 73 88 21 32 48 19 37 49 47 15 92 62 19 1 98 72 30 19 94 20 83 61 50 44 76 44 2 12
 98 23 50 25 82 13 4 23 11 16 45 78 20 44 46 34 61 27 89 47 36 22 53 91 60 100 75 87 5 99 23 77 38 47 22 65 93 63 97 89 27 86 99 68 94 25 66 22 20 23 58 45 44 63 22 85 49 55 65 93 69 9 9 83 24 99 23 64 37 4 44 91 50 44 33 63 40 46 90 7 53 37 81 18 37 100 23 39 75 8 91 81 69 42 39 53 94 77 84 83 17 31 92 43 70 25 31 85 2
 9514 3711 5817 10051 2765 2821 633 8130 10480 2841 4963 334 3002 3705 4218 959 9339 3785 9763 5414 2425 7452 1355 1871 1942 2455 5089 8944 3807 10313 4803 5989 9269 8137 8570 9995 5809 4899 7027 5419 7526 4569 8689 10039 3365 5396 7152 6468 10036 2473 6396 5265 4221 8431 9833 10065 6657 2970 7158 3405 9792 9272 10286 1740 5000 8553 8002 1911 6550 65 189 4698 15 9167 8950 4166